0.00000000099999999982 0.00000000099999999982 0.00000000099999999982 0.99999999599999989108 0.00000000099999999982 
0.00000000099999999978 0.00000000099999999978 0.00000000099999999978 0.99999999600000000211 0.00000000099999999978 
0.99999999600000000211 0.00000000099999999982 0.00000000099999999982 0.00000000099999999982 0.00000000099999999982 
0.99999999600000000211 0.00000000099999999982 0.00000000099999999982 0.00000000099999999982 0.00000000099999999982 
0.99999999600000011313 0.00000000099999999982 0.00000000099999999982 0.00000000099999999982 0.00000000099999999982 
0.00000000099999999979 0.00000000099999999979 0.00000000099999999979 0.99999999599999989108 0.00000000099999999979 
0.00000000099999999997 0.00000000099999999997 0.00000000099999999997 0.90240653216874755493 0.09759346483125247440 
0.00000000099999999997 0.00000000099999999997 0.95134349250387884034 0.00000000099999999997 0.04865650449612099471 
0.99999999600000000211 0.00000000099999999984 0.00000000099999999984 0.00000000099999999984 0.00000000099999999984 
0.00000000099999999981 0.00000000099999999981 0.00000000099999999981 0.99999999600000000211 0.00000000099999999981 
0.00000000099999999996 0.00000000099999999996 0.00000000099999999996 0.93015570189265339707 0.06984429510734663227 
0.99999999600000011313 0.00000000099999999982 0.00000000099999999982 0.00000000099999999982 0.00000000099999999982 
0.00000000099999999988 0.00000000099999999988 0.00000000099999999988 0.99999999600000000211 0.00000000099999999988 
0.00000000099999999981 0.00000000099999999981 0.00000000099999999981 0.99999999600000000211 0.00000000099999999981 
0.00000000099999999990 0.00000000099999999990 0.00000000099999999990 0.99999999599999989108 0.00000000099999999990 
0.00000000099999999998 0.00000000099999999998 0.09477205717921501071 0.86489787031593778899 0.04033007050484718747 
0.99999999600000000211 0.00000000099999999982 0.00000000099999999982 0.00000000099999999982 0.00000000099999999982 
0.00000000099999999994 0.00000000099999999994 0.00000000099999999994 0.99999999599999989108 0.00000000099999999994 
0.99999999600000011313 0.00000000099999999982 0.00000000099999999982 0.00000000099999999982 0.00000000099999999982 
0.00000000099999999995 0.00000000099999999995 0.00000000099999999995 0.89504663905670189816 0.10495335794329815893 
0.00000000099999999997 0.00000000099999999997 0.00000179639778622630 0.92955039124469629463 0.07044781035751743192 
0.00000000099999999999 0.00000000099999999999 0.00000000099999999999 0.92982172350263847527 0.07017827349736145692 
0.00000000099999999977 0.00000000099999999977 0.00000000099999999977 0.99999999600000000211 0.00000000099999999977 
0.00000000099999999979 0.00000000099999999979 0.00000000099999999979 0.99999999599999989108 0.00000000099999999979 
0.00000000099999999972 0.00000000099999999972 0.00000000099999999972 0.00000000099999999972 0.99999999600000000211 
0.00056736823031691534 0.00000000099999999999 0.06024567769934542627 0.93889237103204659096 0.00029458203829112764 
0.00000000099999999975 0.00000000099999999975 0.00000000099999999975 0.99999999600000000211 0.00000000099999999975 
0.01755527052599721236 0.00000000099999999999 0.02678243702063953444 0.95566229045336315018 0.00000000099999999999 
0.00000000099999999999 0.00000000099999999999 0.00000003853103713224 0.97554494313751349832 0.02445501633144935016 
0.00000000099999999999 0.00000000099999999999 0.00000000099999999999 0.96690107876702935386 0.03309891823297073099 
0.00000000099999999997 0.00000000099999999997 0.00000000099999999997 0.91197431536579576239 0.08802568163420423919 
0.00000000099999999976 0.00000000099999999976 0.00000000099999999976 0.99999999600000000211 0.00000000099999999976 
0.00000036903295510030 0.99999779673230781984 0.00000000099999999995 0.00000000099999999995 0.00000183223473728143 
0.00000000951523177445 0.95885431204262838722 0.00000000099999999997 0.00000000099999999997 0.04114567644213978914 
0.00000000099999999997 0.00000000099999999997 0.99999999600000000211 0.00000000099999999997 0.00000000099999999997 
0.00000000099999999996 0.99999243804613369146 0.00000387907139606808 0.00000000099999999996 0.00000368088247033344 
0.00000000099999999998 0.00000000099999999998 0.97958284074251944507 0.00000000099999999998 0.02041715625748039692 
0.00000000099999999997 0.00000000099999999997 0.94278548436953790723 0.00000000099999999997 0.05721451263046216373 
0.00004069512549286599 0.99995930187450732252 0.00000000099999999997 0.00000000099999999997 0.00000000099999999997 
0.00000000099999999999 0.99999746492533192477 0.00000251742659097622 0.00000000099999999999 0.00000001564807712142 
0.03055546142866574777 0.96944453557133425381 0.00000000099999999998 0.00000000099999999998 0.00000000099999999998 
0.00000000099999999996 0.00000000099999999996 0.99997521973500469450 0.00000000099999999996 0.00002477726499535030 
0.02861023112564271137 0.97138610394012592231 0.00000000099999999997 0.00000000099999999997 0.00000366293423125805 
0.00000000099999999993 0.99999999600000011313 0.00000000099999999993 0.00000000099999999993 0.00000000099999999993 
0.00000000099999999997 0.99999999576850118199 0.00000000123149893030 0.00000000099999999997 0.00000000099999999997 
0.00000000099999999994 0.99999999600000000211 0.00000000099999999994 0.00000000099999999994 0.00000000099999999994 
0.00021588617103376231 0.99978411082896612161 0.00000000099999999992 0.00000000099999999992 0.00000000099999999992 
0.04190948045141128231 0.93593783052061896299 0.02215268702796977657 0.00000000099999999995 0.00000000099999999995 
0.06248447407678622140 0.93751547698417325716 0.00000004693904043925 0.00000000099999999996 0.00000000099999999996 
0.00000000099999999996 0.99997289641972197938 0.00000000099999999996 0.00000000099999999996 0.00002710058027809450 
0.00000000099999999994 0.99999999600000000211 0.00000000099999999994 0.00000000099999999994 0.00000000099999999994 
0.00000000099999999997 0.00000000099999999997 0.99989731203862253217 0.00000000099999999997 0.00010268496137737394 
0.03894720781962845296 0.94428473690628889070 0.00000000099999999995 0.00000000099999999995 0.01676805327408260535 
0.00000000099999999995 0.01009427431700532334 0.98990572268299459324 0.00000000099999999995 0.00000000099999999995 
0.00000187548055575061 0.99999334875073786488 0.00000477376870636241 0.00000000099999999997 0.00000000099999999997 
0.02762312430999375179 0.02273261087460412555 0.92546690538625131506 0.01974817012969240851 0.00442918929945840256 
0.00000000099999999996 0.97958718240003284095 0.00000000099999999996 0.00000000099999999996 0.02041281459996732370 
0.00288028583772154774 0.46467377372243046096 0.52443983591402476563 0.00000000099999999998 0.00800610352582321709 
0.00000000099999999997 0.00000000099999999997 0.99999999600000000211 0.00000000099999999997 0.00000000099999999997 
0.00000000099999999993 0.99999999600000000211 0.00000000099999999993 0.00000000099999999993 0.00000000099999999993 
0.00000000099999999996 0.99999999600000000211 0.00000000099999999996 0.00000000099999999996 0.00000000099999999996 
0.00000000099999999998 0.97040380523637836951 0.02959619176362158349 0.00000000099999999998 0.00000000099999999998 
0.00000006409348741233 0.26524298010540592330 0.71235325696497131531 0.00000000099999999998 0.02240369783613531743 
0.00000000099999999997 0.00000005545999692681 0.99999994154000315660 0.00000000099999999997 0.00000000099999999997 
0.02886993682695785518 0.95903505659202115119 0.01209500458102092529 0.00000000099999999997 0.00000000099999999997 
0.00000000099999999993 0.99999999600000000211 0.00000000099999999993 0.00000000099999999993 0.00000000099999999993 
0.00000000099999999996 0.00000000099999999996 0.99999999599999989108 0.00000000099999999996 0.00000000099999999996 
0.00020489260965415293 0.49975540064416751340 0.48637093921162111165 0.00000000099999999997 0.01366876653455718731 
0.00000000099999999970 0.00000000099999999970 0.00000000099999999970 0.00000000099999999970 0.99999999599999989108 
0.01785785778920564656 0.32847900614666913910 0.65366313406412523968 0.00000000099999999998 0.00000000099999999998 
0.00000000099999999999 0.97788526967246436339 0.02066135868069461645 0.00145336964684092537 0.00000000099999999999 
0.00000000099999999996 0.00000000099999999996 0.97875729800099087186 0.00000000099999999996 0.02124269899900916442 
0.00000000099999999997 0.00000000099999999997 0.92861403785666973842 0.00000000099999999997 0.07138595914333029091 
0.00000000099999999996 0.99999490867051210596 0.00000007033093210158 0.00000000099999999996 0.00000501899855596328 
0.99999999600000000211 0.00000000099999999982 0.00000000099999999982 0.00000000099999999982 0.00000000099999999982 
0.04737140226934624665 0.00000000099999999998 0.94806555070452425138 0.00000000099999999998 0.00456304502612957415 
0.01200154979796534856 0.00000000157501813489 0.98799844662701652442 0.00000000099999999996 0.00000000099999999996 
0.00571466253766889608 0.99428533446233102744 0.00000000099999999996 0.00000000099999999996 0.00000000099999999996 
0.00000000099999999996 0.00000000099999999996 0.98048406136038446235 0.00000000099999999996 0.01951593563961555311 
0.01144650878485938342 0.98855348821514077429 0.00000000099999999997 0.00000000099999999997 0.00000000099999999997 
0.00000000099999999993 0.00000000099999999993 0.99999999599999989108 0.00000000099999999993 0.00000000099999999993 
0.00000000099999999968 0.00000000099999999968 0.00000000099999999968 0.00000000099999999968 0.99999999600000000211 
0.00000000099999999997 0.00000000099999999997 0.96979089970250897945 0.00000000099999999997 0.03020909729749103947 
0.00000000099999999997 0.98953083099713001758 0.01046916600286993369 0.00000000099999999997 0.00000000099999999997 
0.00000000099999999995 0.00000000099999999995 0.99460593237504579811 0.00000000099999999995 0.00539406462495418959 
0.00000000099999999997 0.01011600453633027495 0.97347616755955945766 0.00000000099999999997 0.01640782590411035344 
0.00000000099999999995 0.00000000099999999995 0.96027320377551395048 0.00000000099999999995 0.03972679322448598171 
0.00000000099999999997 0.03297637704578083861 0.96702122585216987449 0.00000000099999999997 0.00000239510204943522 
0.00000000099999999997 0.00000000099999999997 0.95674795936047374312 0.00000000099999999997 0.04325203763952627928 
0.03958928743087667540 0.96041070956912333312 0.00000000099999999996 0.00000000099999999996 0.00000000099999999996 
0.06946764247889948563 0.88140367066874003577 0.04873275252383194728 0.00039593332852839335 0.00000000099999999999 
0.00000003627819445866 0.00000000099999999994 0.99999996072180552531 0.00000000099999999994 0.00000000099999999994 
0.02861093240398681140 0.94487056488582255032 0.00000000099999999996 0.00000000099999999996 0.02651850071019062546 
0.06821990474874420340 0.92379091387128331458 0.00000005144744721741 0.00000000099999999999 0.00798912893252548204 
0.00000000099999999997 0.00000000099999999997 0.99781244761320486703 0.00218754938679497626 0.00000000099999999997 
0.00000000099999999995 0.99999997577380983493 0.00000000099999999995 0.00000000099999999995 0.00000002122619016082 
0.00000000099999999998 0.00000000099999999998 0.95786774825813847389 0.00000000099999999998 0.04213224874186154156 
0.00000000099999999996 0.99999999246041160195 0.00000000099999999996 0.00000000099999999996 0.00000000453958838149 
0.00000000099999999997 0.00000000099999999997 0.91230976039589428694 0.00000000099999999997 0.08769023660410564525 
0.00000000099999999996 0.00000000099999999996 0.99999999599999989108 0.00000000099999999996 0.00000000099999999996 
0.00309644690458115357 0.98212394486856124942 0.01477960622685766529 0.00000000099999999997 0.00000000099999999997 
0.05962512380298673476 0.92042703519162183401 0.01994783900539140453 0.00000000099999999997 0.00000000099999999997 
0.00000000099999999996 0.00000000099999999996 0.99999999600000000211 0.00000000099999999996 0.00000000099999999996 
0.00000001546695407271 0.52159274770890973194 0.43805779810564521304 0.00000000099999999997 0.04034943771849100469 
0.00000000099999999996 0.00000035121633153869 0.99999964578366840051 0.00000000099999999996 0.00000000099999999996 
0.00000000099999999996 0.94940784267994715595 0.00000090520757664066 0.00000000099999999996 0.05059125011247615766 
