0.99999999500000014141 0.00000000099999999977 0.00000000099999999977 0.00000000099999999977 0.00000000099999999977 0.00000000099999999977 
0.99999999500000003039 0.00000000099999999973 0.00000000099999999973 0.00000000099999999973 0.00000000099999999973 0.00000000099999999973 
0.00000000099999999979 0.00000000099999999979 0.00000000099999999979 0.00000000099999999979 0.00000000099999999979 0.99999999499999991937 
0.00000000099999999979 0.00000000099999999979 0.00000000099999999979 0.00000000099999999979 0.00000000099999999979 0.99999999499999991937 
0.00000000099999999979 0.00000000099999999979 0.00000000099999999979 0.00000000099999999979 0.00000000099999999979 0.99999999500000003039 
0.99999999500000014141 0.00000000099999999972 0.00000000099999999972 0.00000000099999999972 0.00000000099999999972 0.00000000099999999972 
0.90255163926220194348 0.00000000099999999996 0.00000000099999999996 0.00000000099999999996 0.09744835673779807250 0.00000000099999999996 
0.00000000099999999997 0.00000000099999999997 0.96285785975245219426 0.00000000099999999997 0.03714213624754780785 0.00000000099999999997 
0.00000000099999999980 0.00000000099999999980 0.00000000099999999980 0.00000000099999999980 0.00000000099999999980 0.99999999499999991937 
0.99999999500000014141 0.00000000099999999975 0.00000000099999999975 0.00000000099999999975 0.00000000099999999975 0.00000000099999999975 
0.93098609577746860300 0.00000000099999999994 0.00000000099999999994 0.00000000099999999994 0.06901390022253141299 0.00000000099999999994 
0.00000000099999999979 0.00000000099999999979 0.00000000099999999979 0.00000000099999999979 0.00000000099999999979 0.99999999499999991937 
0.99999999500000003039 0.00000000099999999985 0.00000000099999999985 0.00000000099999999985 0.00000000099999999985 0.00000000099999999985 
0.99999999500000014141 0.00000000099999999976 0.00000000099999999976 0.00000000099999999976 0.00000000099999999976 0.00000000099999999976 
0.99999999500000003039 0.00000000099999999987 0.00000000099999999987 0.00000000099999999987 0.00000000099999999987 0.00000000099999999987 
0.86448250920744496018 0.00000000099999999998 0.09511351130233862416 0.00000044953237929333 0.04040352795783717227 0.00000000099999999998 
0.00000000099999999978 0.00000000099999999978 0.00000000099999999978 0.00000000099999999978 0.00000000099999999978 0.99999999499999991937 
0.99999999500000003039 0.00000000099999999992 0.00000000099999999992 0.00000000099999999992 0.00000000099999999992 0.00000000099999999992 
0.00000000099999999979 0.00000000099999999979 0.00000000099999999979 0.00000000099999999979 0.00000000099999999979 0.99999999500000003039 
0.89606878525693089976 0.00000000099999999993 0.00000000099999999993 0.00000000099999999993 0.10393121074306904683 0.00000000099999999993 
0.92378343385885797190 0.00000000099999999996 0.01892462243155138002 0.00000000099999999996 0.05729194070959070517 0.00000000099999999996 
0.93092135049282798143 0.00000000099999999998 0.00000000099999999998 0.00000000099999999998 0.06907864550717192353 0.00000000099999999998 
0.99999999500000014141 0.00000000099999999970 0.00000000099999999970 0.00000000099999999970 0.00000000099999999970 0.00000000099999999970 
0.99999999500000014141 0.00000000099999999973 0.00000000099999999973 0.00000000099999999973 0.00000000099999999973 0.00000000099999999973 
0.00000000099999999966 0.00000000099999999966 0.00000000099999999966 0.00000000099999999966 0.99999999500000003039 0.00000000099999999966 
0.93933161239786877594 0.00000000099999999998 0.06057056574498549673 0.00000000099999999998 0.00000000099999999998 0.00009781885714575607 
0.99999999500000003039 0.00000000099999999968 0.00000000099999999968 0.00000000099999999968 0.00000000099999999968 0.00000000099999999968 
0.95393515822073515764 0.00000000099999999998 0.02925994841066905175 0.00000000099999999998 0.00000000099999999998 0.01680489036859588586 
0.97137458292497469436 0.00000000099999999998 0.01828357159412723892 0.00000000099999999998 0.01034184248089801104 0.00000000099999999998 
0.96913645040535045805 0.00000000099999999999 0.03086354559464967243 0.00000000099999999999 0.00000000099999999999 0.00000000099999999999 
0.91472534221808998733 0.00000000099999999997 0.00000000832609431401 0.00000000099999999997 0.08527464645581572800 0.00000000099999999997 
0.99999999500000014141 0.00000000099999999970 0.00000000099999999970 0.00000000099999999970 0.00000000099999999970 0.00000000099999999970 
0.00000000099999999994 0.77923653148215310527 0.00000000099999999994 0.22076346451784692460 0.00000000099999999994 0.00000000099999999994 
0.00000000099999999996 0.71551210952215948957 0.00000000099999999996 0.24380652028423602240 0.04068136719360438552 0.00000000099999999996 
0.00000000099999999996 0.00000000099999999996 0.99999999500000003039 0.00000000099999999996 0.00000000099999999996 0.00000000099999999996 
0.00000000099999999994 0.99999999500000014141 0.00000000099999999994 0.00000000099999999994 0.00000000099999999994 0.00000000099999999994 
0.00000000099999999998 0.00000000099999999998 0.97336677265237403489 0.00000000099999999998 0.02663322334762592905 0.00000000099999999998 
0.00000000099999999996 0.00000000099999999996 0.94610971288581091621 0.00000000099999999996 0.05389028311418896794 0.00000000099999999996 
0.00000000099999999989 0.00000000099999999989 0.00000000099999999989 0.99999999500000003039 0.00000000099999999989 0.00000000099999999989 
0.00000000099999999994 0.99999999500000014141 0.00000000099999999994 0.00000000099999999994 0.00000000099999999994 0.00000000099999999994 
0.00000000099999999996 0.39613586134244271886 0.00000000099999999996 0.60386413465755739427 0.00000000099999999996 0.00000000099999999996 
0.00000000099999999994 0.00000000099999999994 0.99999999500000003039 0.00000000099999999994 0.00000000099999999994 0.00000000099999999994 
0.00000000099999999994 0.99952448282811823255 0.00000000099999999994 0.00000000099999999994 0.00000000099999999994 0.00047551317188194845 
0.00000000099999999989 0.99999999500000014141 0.00000000099999999989 0.00000000099999999989 0.00000000099999999989 0.00000000099999999989 
0.00000000099999999994 0.99999999500000014141 0.00000000099999999994 0.00000000099999999994 0.00000000099999999994 0.00000000099999999994 
0.00000000099999999994 0.52740877400298946664 0.00000000099999999994 0.47259122199701053546 0.00000000099999999994 0.00000000099999999994 
0.00000000099999999985 0.00000000099999999985 0.00000000099999999985 0.99999999499999991937 0.00000000099999999985 0.00000000099999999985 
0.00000000099999999994 0.95066992452381537948 0.00000000099999999994 0.00000020736017468197 0.00000000099999999994 0.04932986511601000074 
0.00000000099999999989 0.00000000099999999989 0.00000000099999999989 0.99999999500000003039 0.00000000099999999989 0.00000000099999999989 
0.00000000099999999993 0.99999583677912851076 0.00000000099999999993 0.00000415922087151957 0.00000000099999999993 0.00000000099999999993 
0.00000000099999999994 0.70076133550883423773 0.00000000099999999994 0.29923866049116576438 0.00000000099999999994 0.00000000099999999994 
0.00000000099999999997 0.00000000099999999997 0.99999972759987287851 0.00000000099999999997 0.00000026840012707928 0.00000000099999999997 
0.00000000099999999994 0.32038281883444075238 0.00000000099999999994 0.64582427063410596801 0.00630614706997213031 0.02748676146148110871 
0.00000000099999999994 0.03379976549521619689 0.96620023050478387461 0.00000000099999999994 0.00000000099999999994 0.00000000099999999994 
0.00000000099999999987 0.00000000099999999987 0.00000000099999999987 0.99999999499999991937 0.00000000099999999987 0.00000000099999999987 
0.02163291307120385892 0.00000000100000000000 0.91564641093959597828 0.03670978311960795132 0.00421729765275393777 0.02179359421683824474 
0.00000000099999999988 0.00000000099999999988 0.00000000099999999988 0.99999999500000003039 0.00000000099999999988 0.00000000099999999988 
0.00000000099999999998 0.29036946989308387579 0.52047561861047797471 0.17863176741258024460 0.00899945496069338123 0.00152368812316470937 
0.00000000099999999996 0.00000000099999999996 0.99999999500000003039 0.00000000099999999996 0.00000000099999999996 0.00000000099999999996 
0.00000000099999999993 0.51680493788339587624 0.00000000099999999993 0.48319505811660418138 0.00000000099999999993 0.00000000099999999993 
0.00000000099999999994 0.42645309162945105319 0.00000000099999999994 0.57354690437054889340 0.00000000099999999994 0.00000000099999999994 
0.00000000099999999996 0.99991775098632829089 0.00008224501367183509 0.00000000099999999996 0.00000000099999999996 0.00000000099999999996 
0.00000000099999999997 0.27712105714624185593 0.70343420228198216826 0.00000000099999999997 0.01944473757177599127 0.00000000099999999997 
0.00000000099999999997 0.00000000099999999997 0.99999981158533790548 0.00000018441466204286 0.00000000099999999997 0.00000000099999999997 
0.00000000099999999995 0.99996064587251087818 0.00000000099999999995 0.00000000099999999995 0.00000000099999999995 0.00003935012748917465 
0.00000000099999999991 0.99999999500000003039 0.00000000099999999991 0.00000000099999999991 0.00000000099999999991 0.00000000099999999991 
0.00000000099999999996 0.00000000099999999996 0.99999999500000003039 0.00000000099999999996 0.00000000099999999996 0.00000000099999999996 
0.00000000099999999997 0.49244235899625132813 0.48307492709837251965 0.00000000099999999997 0.01587155114071621409 0.00861116076466004847 
0.00000000099999999962 0.00000000099999999962 0.00000000099999999962 0.00000000099999999962 0.99999999500000003039 0.00000000099999999962 
0.00000000099999999997 0.34801485884671284898 0.65118980626929789945 0.00000000099999999997 0.00000000099999999997 0.00079533188398921422 
0.00000000099999999997 0.99999999500000014141 0.00000000099999999997 0.00000000099999999997 0.00000000099999999997 0.00000000099999999997 
0.00000000099999999996 0.00000000099999999996 0.97932276493041192644 0.00000000099999999996 0.02067723106958796811 0.00000000099999999996 
0.00000000099999999996 0.00000000099999999996 0.93011413113201857339 0.00000000099999999996 0.06988586486798135933 0.00000000099999999996 
0.00000000099999999993 0.99999999500000003039 0.00000000099999999993 0.00000000099999999993 0.00000000099999999993 0.00000000099999999993 
0.00000000099999999980 0.00000000099999999980 0.00000000099999999980 0.00000000099999999980 0.00000000099999999980 0.99999999500000003039 
0.00000000099999999998 0.00000000099999999998 0.95111273260532358531 0.00000000099999999998 0.00002401809708868700 0.04886324629758779375 
0.00000000099999999996 0.00000000099999999996 0.98812957078507468456 0.00021772515681144655 0.00000000099999999996 0.01165270105811398553 
0.00000000099999999987 0.00000000099999999987 0.00000000099999999987 0.99999999499999991937 0.00000000099999999987 0.00000000099999999987 
0.00000000099999999996 0.00000000099999999996 0.96635983049510143506 0.00000000099999999996 0.03364016550489851154 0.00000000099999999996 
0.00000000099999999994 0.99999999500000014141 0.00000000099999999994 0.00000000099999999994 0.00000000099999999994 0.00000000099999999994 
0.00000000099999999991 0.00000000099999999991 0.99999999500000003039 0.00000000099999999991 0.00000000099999999991 0.00000000099999999991 
0.00000000099999999960 0.00000000099999999960 0.00000000099999999960 0.00000000099999999960 0.99999999499999991937 0.00000000099999999960 
0.00000000099999999995 0.00000000099999999995 0.96762691043187365469 0.00000000099999999995 0.03237308556812622945 0.00000000099999999995 
0.00000000099999999994 0.99999999500000014141 0.00000000099999999994 0.00000000099999999994 0.00000000099999999994 0.00000000099999999994 
0.00000000099999999994 0.00000000099999999994 0.99835169608731488822 0.00000000099999999994 0.00164829991268510695 0.00000000099999999994 
0.00000000099999999997 0.00000000099999999997 0.97948570410386825991 0.01966448099526471593 0.00084981190086688024 0.00000000099999999997 
0.00000000099999999994 0.00000000099999999994 0.96869142488852777451 0.00000000099999999994 0.03130857111147218597 0.00000000099999999994 
0.00000000099999999996 0.00000000099999999996 0.95714819229950776069 0.04285180370049215814 0.00000000099999999996 0.00000000099999999996 
0.00000000099999999996 0.00000000099999999996 0.95074635609680779869 0.00000000099999999996 0.04925363990319211321 0.00000000099999999996 
0.00000000099999999994 0.99333903568694315034 0.00000000099999999994 0.00000000099999999994 0.00000000099999999994 0.00666096031305698274 
0.00000000099999999998 0.93761138758597051268 0.00000000099999999998 0.00000000099999999998 0.00000000099999999998 0.06238860841402967677 
0.00000000099999999993 0.00000000099999999993 0.99999999499999991937 0.00000000099999999993 0.00000000099999999993 0.00000000099999999993 
0.00000000099999999996 0.68663717774559129836 0.00000000099999999996 0.26207040100948475470 0.02066670530231719261 0.03062571394260689417 
0.00000000099999999999 0.55964660607437177742 0.00000000099999999999 0.36877160981148932040 0.01123169997973499229 0.06035008213440387626 
0.00248389361122589589 0.00000000099999999996 0.99751610238877408410 0.00000000099999999996 0.00000000099999999996 0.00000000099999999996 
0.00000000099999999991 0.99999999500000014141 0.00000000099999999991 0.00000000099999999991 0.00000000099999999991 0.00000000099999999991 
0.00000000099999999997 0.00000000099999999997 0.96124417594167876899 0.00000000099999999997 0.03875582005832111515 0.00000000099999999997 
0.00000000099999999985 0.00000000099999999985 0.00000000099999999985 0.99999999500000003039 0.00000000099999999985 0.00000000099999999985 
0.00000000099999999997 0.00000000099999999997 0.92441506844158327638 0.00000000099999999997 0.07558492755841668409 0.00000000099999999997 
0.00000000099999999995 0.00000000099999999995 0.99999999499999991937 0.00000000099999999995 0.00000000099999999995 0.00000000099999999995 
0.00000000099999999994 0.99758103666025288447 0.00000000099999999994 0.00241895933974714712 0.00000000099999999994 0.00000000099999999994 
0.00000000099999999997 0.47460500742369260418 0.00000000099999999997 0.46649497106843801353 0.00000000099999999997 0.05890001850786946713 
0.00000000099999999996 0.00000000099999999996 0.99999999500000003039 0.00000000099999999996 0.00000000099999999996 0.00000000099999999996 
0.00000000099999999997 0.42162661488877428706 0.43909114877145372091 0.10546961825557049641 0.03381261608420142034 0.00000000099999999997 
0.00000000099999999996 0.00000007698796300864 0.99999991901203710842 0.00000000099999999996 0.00000000099999999996 0.00000000099999999996 
0.00000000099999999990 0.00000000099999999990 0.00000000099999999990 0.99999999500000003039 0.00000000099999999990 0.00000000099999999990 
