0.99999999699999997382 0.00000000099999999985 0.00000000099999999985 0.00000000099999999985 
0.99999999700000008485 0.00000000099999999983 0.00000000099999999983 0.00000000099999999983 
0.00000000099999999987 0.99999999700000008485 0.00000000099999999987 0.00000000099999999987 
0.00000000099999999986 0.99999999700000008485 0.00000000099999999986 0.00000000099999999986 
0.00000000099999999985 0.99999999699999997382 0.00000000099999999985 0.00000000099999999985 
0.99999999699999997382 0.00000000099999999982 0.00000000099999999982 0.00000000099999999982 
0.92543170601718738322 0.02537213675673169466 0.04919615622608083938 0.00000000099999999999 
0.00000000099999999998 0.00000000099999999998 0.99999999699999986280 0.00000000099999999998 
0.00000000099999999986 0.99999999700000008485 0.00000000099999999986 0.00000000099999999986 
0.99999999700000008485 0.00000000099999999984 0.00000000099999999984 0.00000000099999999984 
0.97791966172142119618 0.00000000099999999999 0.02208033627857888814 0.00000000099999999999 
0.00000000099999999987 0.99999999699999997382 0.00000000099999999987 0.00000000099999999987 
0.99999999700000008485 0.00000000099999999990 0.00000000099999999990 0.00000000099999999990 
0.99999999700000008485 0.00000000099999999985 0.00000000099999999985 0.00000000099999999985 
0.99999999700000008485 0.00000000099999999991 0.00000000099999999991 0.00000000099999999991 
0.87487580217029770058 0.00000000099999999998 0.12512398725021620094 0.00000020957948631553 
0.00000000099999999984 0.99999999699999997382 0.00000000099999999984 0.00000000099999999984 
0.99999999699999997382 0.00000000099999999994 0.00000000099999999994 0.00000000099999999994 
0.00000000099999999985 0.99999999700000008485 0.00000000099999999985 0.00000000099999999985 
0.94229147257537571036 0.00377882615644851332 0.05220945548279433412 0.00172024578538134093 
0.93425466225808362353 0.00000000099999999998 0.06574533574191641916 0.00000000099999999998 
0.95145715202066860616 0.00000000100000000000 0.04290008751896189076 0.00564275946036948712 
0.99999999700000008485 0.00000000099999999982 0.00000000099999999982 0.00000000099999999982 
0.99999999699999997382 0.00000000099999999984 0.00000000099999999984 0.00000000099999999984 
0.06359966938314678964 0.39126631082847196375 0.54513401596536603666 0.00000000382301532328 
0.94301438770169887515 0.00003090327320654920 0.05695470802509466218 0.00000000099999999999 
0.99999999699999997382 0.00000000099999999981 0.00000000099999999981 0.00000000099999999981 
0.96317497474825142234 0.00043529571036155678 0.03638965254046869213 0.00000007700091826474 
0.98078430296574636849 0.00000000099999999999 0.01921569503425362216 0.00000000099999999999 
0.98510564003086897866 0.00000000099999999999 0.01489419496009422063 0.00000016400903684235 
0.93261799004285994563 0.00000000099999999998 0.06738200795714008318 0.00000000099999999998 
0.99999999700000008485 0.00000000099999999982 0.00000000099999999982 0.00000000099999999982 
0.00000000099999999995 0.00042596574873675076 0.00000000099999999995 0.99957403225126328916 
0.00000000099999999997 0.01314238164481173858 0.00209572914228527054 0.98476188821290300268 
0.00000000099999999997 0.00000000099999999997 0.99999999699999986280 0.00000000099999999997 
0.00000000099999999996 0.00000000099999999996 0.00004662939283955494 0.99995336860716055316 
0.00000000099999999998 0.00000000099999999998 0.99999999699999986280 0.00000000099999999998 
0.00000000099999999997 0.00000000099999999997 0.99999999699999986280 0.00000000099999999997 
0.00000000099999999998 0.00000040823686570746 0.00000000099999999998 0.99999958976313418901 
0.00000000099999999999 0.00000000099999999999 0.00002090761993237452 0.99997909038006771443 
0.00000000099999999998 0.03050091612407392072 0.00000000099999999998 0.96949908187592614972 
0.00000000099999999996 0.00000000099999999996 0.99999999699999997382 0.00000000099999999996 
0.00000000099999999997 0.03446061988097245954 0.00000000099999999997 0.96553937811902745825 
0.00000000099999999995 0.00000000099999999995 0.00000000099999999995 0.99999999699999997382 
0.00000000099999999998 0.00000000099999999998 0.00000000530022492225 0.99999999269977513094 
0.00000000099999999995 0.00000000099999999995 0.00000000099999999995 0.99999999700000008485 
0.00000000099999999994 0.00000173045016000340 0.00000000099999999994 0.99999826754984000310 
0.00000000099999999996 0.03475563639799535143 0.00811240766607010388 0.95713195493593461460 
0.00000000099999999997 0.05654182054001556657 0.00000001263248283679 0.94345816582750152701 
0.00000000099999999996 0.00000485453329223339 0.00000000099999999996 0.99999514346670770326 
0.00000000099999999996 0.00000000099999999996 0.00000000099999999996 0.99999999699999997382 
0.00000000099999999998 0.00000000099999999998 0.99999977407051288125 0.00000022392948699408 
0.00000000099999999995 0.05482927455236354802 0.00000000099999999995 0.94517072344763652936 
0.00000000099999999996 0.00000000099999999996 0.97602188407065404441 0.02397811392934582134 
0.00000000099999999998 0.00000010400365682658 0.00001211159529832787 0.99998778340104477191 
0.02201590263483024432 0.00853596595605012921 0.92927744412089563486 0.04017068728822406620 
0.00000000099999999997 0.00000000099999999997 0.00000020419142052461 0.99999979380857950684 
0.00000000099999999998 0.00266895984073427890 0.53238234923025096190 0.46494868992901478011 
0.00000000880764063325 0.00000000099999999999 0.99999998919235932870 0.00000000099999999999 
0.00000000099999999994 0.00000000099999999994 0.00000000099999999994 0.99999999699999997382 
0.00000000099999999996 0.00000000099999999996 0.00000000099999999996 0.99999999700000008485 
0.00000000099999999999 0.00000000117622953027 0.02502253396224858595 0.97497746386152184250 
0.00000000099999999998 0.00000700966324179405 0.73368461700522535907 0.26630837233153292765 
0.00000000099999999997 0.00000000099999999997 0.99998366205533384399 0.00001633594466616400 
0.00000000099999999998 0.02821915159702437920 0.00635666118958013848 0.96542418621339554097 
0.00000000099999999994 0.00000000099999999994 0.00000000099999999994 0.99999999699999997382 
0.00000000099999999998 0.00000000099999999998 0.99999932529370116896 0.00000067270629886310 
0.00000000099999999997 0.00008243487897837381 0.50087495614471100325 0.49904260797631072588 
0.01972896719340231850 0.41668536346256085379 0.56358566834403678314 0.00000000099999999999 
0.00000000099999999998 0.00758697485701396567 0.65872155706158153077 0.33369146708140451363 
0.00387085089277670576 0.00000000342865523314 0.01270644175280571248 0.98342270392576236482 
0.00000000099999999996 0.00000000099999999996 0.99999999699999986280 0.00000000099999999996 
0.00000000099999999997 0.00161661634617841143 0.99838338165382167766 0.00000000099999999997 
0.00000000099999999996 0.00000000099999999996 0.00003262025381367781 0.99996737774618627004 
0.00000000099999999986 0.99999999699999997382 0.00000000099999999986 0.00000000099999999986 
0.00000000099999999998 0.04672739403608015818 0.95327260396391977348 0.00000000099999999998 
0.00000000099999999997 0.01022903373731651189 0.98972891582652255948 0.00004204943616092265 
0.00000000099999999996 0.00920514247830186809 0.00000000099999999996 0.99079485552169810347 
0.00000000099999999996 0.00000000099999999996 0.99999999699999997382 0.00000000099999999996 
0.00000000099999999997 0.01242339766259898531 0.00000000099999999997 0.98757660033740113370 
0.00000000099999999994 0.00000000099999999994 0.99999999699999986280 0.00000000099999999994 
0.07532965446496803219 0.37465187988122361507 0.55001846465380843654 0.00000000099999999999 
0.00000000099999999997 0.00000000099999999997 0.99999999699999997382 0.00000000099999999997 
0.00000000099999999998 0.00000000099999999998 0.00577202931491979307 0.99422796868508023227 
0.00000000099999999995 0.00000000099999999995 0.99999999699999997382 0.00000000099999999995 
0.00000000099999999997 0.00000002032522209164 0.98995231902658964440 0.01004765964818818587 
0.00000000099999999995 0.00000000099999999995 0.99999999699999997382 0.00000000099999999995 
0.00000000099999999997 0.00000000099999999997 0.96745939996663443683 0.03254059803336536993 
0.00000000099999999997 0.00000000099999999997 0.99999999699999997382 0.00000000099999999997 
0.00000000099999999996 0.03168827813199971699 0.00000000099999999996 0.96831171986800024243 
0.00100859075677303548 0.06306609562828793814 0.04415317867218930548 0.89177213494274965022 
0.00000000099999999995 0.00000000152089517312 0.99999999647910475797 0.00000000099999999995 
0.00000000099999999997 0.03834562263398452048 0.00000000099999999997 0.96165437536601550139 
0.00000000099999999999 0.07230802110038557495 0.00015901276775614486 0.92753296513185834460 
0.00533826348318516570 0.00000000099999999998 0.99466173451681483275 0.00000000099999999998 
0.00000000099999999995 0.00000000099999999995 0.00000000099999999995 0.99999999699999997382 
0.00000000099999999998 0.00000035102748201330 0.99999964697251786383 0.00000000099999999998 
0.00000000099999999996 0.00000000147070264894 0.00000000099999999996 0.99999999652929727478 
0.00000000099999999998 0.00000000099999999998 0.99999993933122610645 0.00000005866877385559 
0.00000000099999999997 0.00000000099999999997 0.99999999699999986280 0.00000000099999999997 
0.00000000099999999999 0.00002116713841568514 0.00400217455038989409 0.99597665731119433552 
0.00000000099999999998 0.05761446437778839497 0.01409446751948608550 0.92829106710272546454 
0.00000000099999999997 0.00000000099999999997 0.99999999170377318336 0.00000000629622686029 
0.00000000099999999998 0.00039995959704442022 0.47062958410168587164 0.52897045530126973745 
0.00000000099999999998 0.00000000099999999998 0.99767082546207297433 0.00232917253792688057 
0.00000000099999999996 0.00000000099999999996 0.03754693045204292312 0.96245306754795711957 
