0.99999999799999994554 0.00000000099999999990 0.00000000099999999990 
0.99999999800000005656 0.00000000099999999989 0.00000000099999999989 
0.00853389484642049639 0.00000000099999999999 0.99146610415357949719 
0.02219519618208502451 0.00000000099999999998 0.97780480281791481989 
0.00000000099999999997 0.00000000099999999997 0.99999999800000005656 
0.99999999800000005656 0.00000000099999999988 0.00000000099999999988 
0.92871337558242861299 0.07128169984704717244 0.00000492457052420585 
0.00000005722906533375 0.99999994177093465275 0.00000000099999999999 
0.00666350710680601536 0.00933148495680328691 0.98400500793639078534 
0.99999999800000005656 0.00000000099999999989 0.00000000099999999989 
0.97754279956679035468 0.02245719943320959727 0.00000000099999999999 
0.02498270379669520133 0.00000000099999999999 0.97501729520330471246 
0.99999999799999994554 0.00000000099999999993 0.00000000099999999993 
0.99999999799999994554 0.00000000099999999990 0.00000000099999999990 
0.99999999800000005656 0.00000000099999999994 0.00000000099999999994 
0.87427040868860228517 0.12572959031139774311 0.00000000099999999999 
0.02034890548041369540 0.00000007301447965317 0.97965102150510674495 
0.99999999799999994554 0.00000000099999999996 0.00000000099999999996 
0.01744933246370026364 0.00000000099999999999 0.98255066653629974383 
0.94225621217976962551 0.05680585598429913063 0.00093793183593136181 
0.93436375675356519999 0.06563624224643470340 0.00000000099999999999 
0.95203933467466039797 0.04690526688161007762 0.00105539844372953568 
0.99999999800000005656 0.00000000099999999988 0.00000000099999999988 
0.99999999800000005656 0.00000000099999999989 0.00000000099999999989 
0.09064971363393130310 0.52717065386774308866 0.38217963249832570538 
0.94391089261575755742 0.05608910638424233208 0.00000000099999999999 
0.99999999799999994554 0.00000000099999999988 0.00000000099999999988 
0.96328480901367175004 0.03671490100892047664 0.00000028997740783100 
0.97989884457463916068 0.02010115442536090577 0.00000000099999999999 
0.98586598485165399808 0.01413397762761584714 0.00000003752073017347 
0.93193392736731772708 0.06806607163268230121 0.00000000099999999999 
0.99999999799999994554 0.00000000099999999988 0.00000000099999999988 
0.00000000099999999996 0.00000043732766673101 0.99999956167233328141 
0.00000000099999999997 0.01756345101514330057 0.98243654798485668955 
0.00000000099999999998 0.99999999800000005656 0.00000000099999999998 
0.00000000099999999997 0.02229189848831341150 0.97770810051168655086 
0.00000012400786757719 0.99999987499213238706 0.00000000099999999999 
0.00000000099999999998 0.99999999800000005656 0.00000000099999999998 
0.00000000099999999999 0.00000011200138891658 0.99999988699861097619 
0.00000000099999999998 0.03394456871017977051 0.96605543028982021614 
0.00000000099999999999 0.00006319101343695730 0.99993680798656303654 
0.00000000099999999997 0.99999999800000005656 0.00000000099999999997 
0.00000000099999999997 0.00000623175625437594 0.99999376724374555714 
0.00000000099999999996 0.00000000099999999996 0.99999999799999994554 
0.00000000099999999998 0.00778969321072933187 0.99221030578927060795 
0.00000000099999999997 0.00000000130179260039 0.99999999769820746565 
0.00000000099999999994 0.00000000099999999994 0.99999999800000005656 
0.00000000099999999996 0.03013476108018547928 0.96986523791981460452 
0.00000000099999999997 0.00192578497267141741 0.99807421402732854343 
0.00000000099999999997 0.00000000099999999997 0.99999999800000005656 
0.00000000099999999999 0.00000000467393568603 0.99999999432606423433 
0.00000000099999999999 0.99999997062969636641 0.00000002837030360191 
0.00000000099999999995 0.00000000099999999995 0.99999999799999994554 
0.00000000099999999997 0.99815140901061427670 0.00184858998938586998 
0.00000000099999999998 0.01340513346846684654 0.98659486553153308286 
0.02288488302920604553 0.93652886032349047518 0.04058625664730353133 
0.00000000099999999998 0.00756793071719838017 0.99243206828280172704 
0.00000000099999999998 0.53818674025649893000 0.46181325874350109828 
0.00000765910361743341 0.99999233989638247611 0.00000000099999999999 
0.00000000099999999995 0.00000000099999999995 0.99999999800000005656 
0.00000000099999999998 0.00154143502445018305 0.99845856397554977324 
0.00000000099999999999 0.04992690121370318979 0.95007309778629678299 
0.00000000099999999998 0.73479283670476136514 0.26520716229523855212 
0.00000000099999999998 0.99998896605769316270 0.00001103294230688387 
0.00000000099999999998 0.04222705583743575214 0.95777294316256422757 
0.00000000099999999995 0.00000000099999999995 0.99999999800000005656 
0.00000000099999999999 0.99999803763199168749 0.00000196136800838616 
0.00000000099999999997 0.51206555099157280431 0.48793444800842716846 
0.06784659846449681009 0.60565353325247772709 0.32649986828302546282 
0.00000000099999999998 0.66501461008585704970 0.33498538891414286756 
0.00319584531360309282 0.04005576506859827995 0.95674838961779862245 
0.00000000099999999997 0.99999999799999994554 0.00000000099999999997 
0.00000000099999999998 0.99999907632450346640 0.00000092267549656321 
0.00000000099999999997 0.03133876915223889753 0.96866122984776104055 
0.01474814370115974833 0.00000000099999999999 0.98525185529884040658 
0.00000000099999999999 0.97004562567309293719 0.02995437332690706680 
0.00000000099999999997 0.99782436400688112599 0.00217563499311878477 
0.00000000099999999996 0.00000000099999999996 0.99999999800000005656 
0.00000000099999999997 0.99999999799999994554 0.00000000099999999997 
0.00000000099999999997 0.00000042501695379208 0.99999957398304617495 
0.00000000099999999996 0.99999999800000005656 0.00000000099999999996 
0.09927582780346125291 0.57389254283913337940 0.32683162935740539545 
0.00000000099999999998 0.99999999800000005656 0.00000000099999999998 
0.00000000099999999999 0.04010999372121119150 0.95989000527878887148 
0.00000000099999999996 0.99999999799999994554 0.00000000099999999996 
0.00000000099999999997 0.99801006927233559818 0.00198992972766438500 
0.00000000099999999996 0.99999999799999994554 0.00000000099999999996 
0.00000000099999999998 0.98455672828427087673 0.01544327071572906135 
0.00000000099999999998 0.99999999800000005656 0.00000000099999999998 
0.00000000099999999997 0.00009167362075861605 0.99990832537924145829 
0.00000029227141169807 0.05919010823494329221 0.94080959949364495465 
0.00000000099999999995 0.99999999799999994554 0.00000000099999999995 
0.00000000099999999997 0.00000000099999999997 0.99999999799999994554 
0.00000000099999999999 0.01392308287898506858 0.98607691612101489032 
0.00767045049735451661 0.99232954850264554203 0.00000000099999999999 
0.00000000099999999997 0.00000026073948863802 0.99999973826051136161 
0.00000000099999999998 0.99999999800000005656 0.00000000099999999998 
0.00000000099999999997 0.00000471168987967006 0.99999528731012021776 
0.00000000099999999999 0.99999992738975895801 0.00000007161024102163 
0.00000000099999999997 0.99999999799999994554 0.00000000099999999997 
0.00000000099999999998 0.03692145269701713889 0.96307854630298295184 
0.00000000099999999998 0.02371876275312078536 0.97628123624687912496 
0.00000000099999999998 0.99999998954569435661 0.00000000945430561826 
0.00000000099999999998 0.47498724760672234035 0.52501275139327752139 
0.00000000099999999999 0.99999801126619725089 0.00000198773380276802 
0.00000000099999999997 0.05029091173633981615 0.94970908726366021213 
