0.000000	0.209358	0.301299	0.307964	0.308264	0.207890	0.224953	0.296183	0.302856	0.204190	0.207496	0.203666	0.231114	0.307616	0.213014	0.211083	0.217189	0.228757	0.306012	0.229698	0.300810	0.239684	0.235461	0.229829	0.216112	0.206930	0.293494	0.287515	0.292626	0.231505	0.206957	0.225755	0.233932	0.233026	0.244730	0.207601	0.311345	0.314250	0.301481	0.291977	0.309487	0.291410	0.313006	0.312333	0.293740	0.305481	0.303953	0.307628	0.286015	0.319349	0.317545	0.312325	0.302530	0.308135	0.310953	0.307943	0.301924	0.307854	0.291892	0.305835	0.301578	0.310287	0.305939	0.280849	0.308940	0.302066	0.287256	0.303829	0.304950	0.299279	0.292882	0.290930	0.290781	0.307089	0.303069	0.288128	0.304227	0.287027	0.295339	0.302746	0.303617	0.286380	0.294958	0.302580	0.306674	0.286578	0.293072	0.301389	0.293213	0.309063	0.296571	0.290479	0.294987	0.314526	0.292369	0.286900	0.289251	0.290901	0.300278	0.310340	0.312925	0.296457	0.307031	0.308842	0.301882	0.291720	0.308081	0.292396	0.310947	0.292852	0.287537	0.314095	0.312457	0.309301	0.289961	0.302088	0.289341	0.308677	
0.209358	0.000000	0.306856	0.306907	0.304016	0.212832	0.225309	0.292807	0.308521	0.214236	0.214385	0.214836	0.231434	0.307598	0.217526	0.219248	0.215200	0.232930	0.306443	0.233826	0.304870	0.241588	0.243320	0.236179	0.214228	0.219315	0.301908	0.297406	0.294985	0.239836	0.212468	0.234937	0.247196	0.241234	0.243081	0.216976	0.313256	0.320622	0.307549	0.291894	0.307172	0.291949	0.307590	0.308594	0.296749	0.310782	0.310746	0.312169	0.288038	0.318418	0.316237	0.318224	0.311745	0.311245	0.313023	0.313505	0.311345	0.311766	0.292491	0.309932	0.303413	0.319654	0.317951	0.288632	0.310617	0.296795	0.293585	0.309533	0.306958	0.307506	0.292035	0.302264	0.298011	0.312949	0.301564	0.289340	0.309269	0.294086	0.302438	0.306055	0.306775	0.293101	0.301155	0.308328	0.303623	0.288829	0.296734	0.305370	0.290863	0.308450	0.298404	0.292528	0.297189	0.309359	0.289474	0.291533	0.292646	0.295276	0.302070	0.312049	0.311583	0.301238	0.313401	0.312583	0.302356	0.285927	0.308804	0.297869	0.318585	0.292059	0.290834	0.319290	0.313798	0.312343	0.290258	0.303543	0.294627	0.319482	
0.301299	0.306856	0.000000	0.215085	0.216340	0.303621	0.291515	0.266028	0.216768	0.301145	0.297807	0.299216	0.303035	0.213626	0.304949	0.305253	0.307657	0.286388	0.212416	0.310195	0.214881	0.305088	0.304522	0.295451	0.310532	0.313449	0.266045	0.268878	0.266813	0.291507	0.302399	0.293346	0.309048	0.302262	0.306434	0.304806	0.261210	0.263941	0.254545	0.267884	0.250112	0.265153	0.258921	0.257306	0.271622	0.256227	0.263497	0.256226	0.262888	0.258055	0.251955	0.247447	0.255284	0.259181	0.256418	0.254139	0.256893	0.251618	0.260391	0.252635	0.280427	0.260483	0.261650	0.256877	0.265717	0.259854	0.271138	0.250301	0.257571	0.253973	0.262179	0.269875	0.271051	0.256031	0.252649	0.268182	0.265658	0.258398	0.259107	0.267774	0.261305	0.268811	0.272495	0.257758	0.217690	0.269853	0.273425	0.250075	0.273555	0.252483	0.279343	0.258391	0.273829	0.263482	0.265024	0.262156	0.273920	0.268065	0.284678	0.263004	0.265156	0.274895	0.257143	0.257333	0.251868	0.268490	0.254887	0.277060	0.259076	0.271733	0.264608	0.261154	0.264869	0.262108	0.269184	0.262327	0.270714	0.260088	
0.307964	0.306907	0.215085	0.000000	0.218788	0.304484	0.294628	0.263846	0.215385	0.297413	0.300705	0.304106	0.301486	0.219649	0.305293	0.308505	0.308810	0.297202	0.220594	0.299926	0.215131	0.307739	0.300121	0.296426	0.307442	0.309233	0.260451	0.265156	0.259126	0.297200	0.300743	0.293231	0.312709	0.300562	0.303664	0.309605	0.260155	0.263690	0.248983	0.266702	0.251608	0.263483	0.256491	0.255835	0.266027	0.261323	0.256652	0.259405	0.263616	0.254608	0.253947	0.252271	0.249541	0.258265	0.255157	0.256603	0.255501	0.256133	0.269215	0.252122	0.276908	0.262652	0.262929	0.263179	0.258210	0.265769	0.279836	0.250099	0.256858	0.247537	0.259594	0.267318	0.274085	0.258816	0.253042	0.268829	0.269044	0.257234	0.259146	0.266825	0.250878	0.272486	0.264694	0.255372	0.221395	0.263981	0.267018	0.254027	0.268435	0.250330	0.269474	0.254174	0.278226	0.263369	0.267577	0.265536	0.266182	0.269170	0.282372	0.257274	0.265492	0.264550	0.258175	0.253893	0.252649	0.270683	0.253640	0.272674	0.257401	0.270000	0.263095	0.257414	0.258026	0.257878	0.270954	0.262222	0.271576	0.262942	
0.308264	0.304016	0.216340	0.218788	0.000000	0.299464	0.290293	0.272986	0.220542	0.305739	0.305676	0.308380	0.296603	0.227316	0.306570	0.307362	0.306632	0.277624	0.218576	0.299077	0.215773	0.301809	0.302056	0.300753	0.308537	0.312307	0.254282	0.251435	0.256457	0.289139	0.303600	0.292378	0.296356	0.301752	0.300271	0.309557	0.257652	0.256915	0.250963	0.275461	0.255981	0.264890	0.254777	0.254669	0.266267	0.258609	0.263249	0.263500	0.264557	0.255839	0.257326	0.250566	0.251559	0.257978	0.256672	0.258586	0.249900	0.259026	0.265752	0.255994	0.271099	0.257987	0.264875	0.264902	0.259597	0.256285	0.275973	0.252901	0.251328	0.251282	0.260116	0.265189	0.274552	0.256537	0.254382	0.260817	0.265606	0.258308	0.257523	0.262737	0.249574	0.267759	0.268098	0.256704	0.207882	0.258605	0.266560	0.255795	0.266926	0.251732	0.275053	0.254371	0.269081	0.261138	0.263001	0.269628	0.264377	0.264365	0.280245	0.259375	0.271290	0.270572	0.256585	0.252641	0.251195	0.267588	0.251070	0.281019	0.263382	0.263663	0.259126	0.267936	0.258424	0.263452	0.271453	0.265999	0.271293	0.258872	
0.207890	0.212832	0.303621	0.304484	0.299464	0.000000	0.217557	0.287260	0.299389	0.209199	0.214723	0.204032	0.226136	0.305700	0.213843	0.209441	0.214440	0.215595	0.300358	0.221957	0.300245	0.224717	0.238743	0.236208	0.208271	0.209218	0.291345	0.283444	0.286139	0.228592	0.205566	0.226615	0.227545	0.233891	0.235374	0.209012	0.310349	0.315153	0.302929	0.285983	0.306745	0.280483	0.306158	0.310289	0.284566	0.302262	0.308196	0.311280	0.284502	0.311356	0.311335	0.309386	0.305444	0.307775	0.309486	0.307220	0.310604	0.304758	0.285851	0.302643	0.293574	0.317037	0.312112	0.276624	0.300798	0.296724	0.290479	0.306090	0.300830	0.301941	0.290161	0.292082	0.293943	0.308178	0.299232	0.289420	0.299505	0.284686	0.291915	0.300793	0.304173	0.293082	0.292617	0.304476	0.299559	0.280875	0.287000	0.304289	0.290000	0.309274	0.293675	0.288895	0.287760	0.314130	0.290714	0.283246	0.294303	0.289113	0.295174	0.313814	0.302009	0.291447	0.310089	0.309219	0.301190	0.286962	0.307142	0.296800	0.309020	0.292726	0.291286	0.309118	0.306182	0.307435	0.292411	0.302501	0.291970	0.311225	
0.224953	0.225309	0.291515	0.294628	0.290293	0.217557	0.000000	0.278987	0.295135	0.232123	0.228229	0.231564	0.226044	0.295673	0.229098	0.233465	0.232548	0.217206	0.293013	0.223721	0.290486	0.222828	0.232686	0.221870	0.229869	0.237585	0.285470	0.286944	0.284953	0.240805	0.231363	0.231605	0.232130	0.228474	0.231652	0.228505	0.301041	0.311037	0.292206	0.278525	0.293490	0.277326	0.296764	0.297653	0.275436	0.298870	0.302420	0.295639	0.274169	0.299894	0.302592	0.296649	0.289367	0.297834	0.300120	0.300667	0.295424	0.296263	0.278701	0.294747	0.285043	0.302861	0.298878	0.275090	0.296313	0.290244	0.282851	0.299471	0.291315	0.297617	0.279890	0.288197	0.284070	0.299426	0.290053	0.280824	0.289529	0.282012	0.288391	0.290030	0.295495	0.280965	0.283566	0.292366	0.290264	0.272603	0.291667	0.294563	0.283156	0.298762	0.285929	0.273633	0.286170	0.299883	0.278444	0.279172	0.282197	0.284444	0.289992	0.297377	0.304548	0.289220	0.304150	0.305897	0.289853	0.276062	0.294743	0.286023	0.305393	0.280462	0.279855	0.309261	0.305281	0.302839	0.283002	0.289228	0.281954	0.297556	
0.296183	0.292807	0.266028	0.263846	0.272986	0.287260	0.278987	0.000000	0.267463	0.287636	0.284807	0.287079	0.284336	0.267729	0.300552	0.292981	0.291772	0.279953	0.270278	0.279174	0.269356	0.284808	0.285451	0.288433	0.289647	0.292707	0.255476	0.257513	0.259453	0.296343	0.288331	0.281751	0.287424	0.283695	0.296259	0.297665	0.272171	0.274104	0.262261	0.246589	0.261268	0.241681	0.264355	0.263444	0.234128	0.261439	0.261677	0.265365	0.242450	0.260906	0.265286	0.256150	0.257939	0.259807	0.266999	0.261751	0.264440	0.261178	0.243583	0.264342	0.246383	0.267085	0.263672	0.244075	0.266023	0.250035	0.246244	0.257723	0.263530	0.256270	0.248602	0.248816	0.244274	0.264505	0.252940	0.249232	0.254943	0.258436	0.257340	0.256128	0.260649	0.246811	0.241255	0.254520	0.273167	0.251712	0.242399	0.265719	0.237848	0.256143	0.251214	0.255449	0.250175	0.267172	0.240585	0.240715	0.241125	0.242837	0.246518	0.264433	0.275786	0.246481	0.268184	0.259347	0.257569	0.238162	0.255295	0.246379	0.272589	0.247647	0.241073	0.270366	0.270453	0.266593	0.251528	0.255390	0.245267	0.267812	
0.302856	0.308521	0.216768	0.215385	0.220542	0.299389	0.295135	0.267463	0.000000	0.304885	0.303682	0.310879	0.301125	0.227248	0.302969	0.294738	0.304491	0.286245	0.221778	0.303628	0.219489	0.305135	0.300802	0.295500	0.307971	0.307692	0.256302	0.252244	0.256872	0.290806	0.303994	0.294682	0.302524	0.300658	0.304994	0.298520	0.267280	0.268279	0.260342	0.270904	0.259404	0.262490	0.265650	0.262373	0.268233	0.258791	0.251145	0.266326	0.273269	0.259264	0.257742	0.249528	0.250876	0.262264	0.255598	0.256638	0.258401	0.253687	0.266143	0.253545	0.279171	0.258471	0.264766	0.260030	0.263244	0.264104	0.278222	0.253988	0.259014	0.258188	0.269047	0.269434	0.270873	0.258413	0.262636	0.271355	0.270707	0.251706	0.256033	0.259856	0.257345	0.271662	0.269934	0.257518	0.216376	0.266757	0.267162	0.251665	0.271029	0.252469	0.273932	0.257874	0.271800	0.265639	0.265016	0.267519	0.268981	0.270289	0.282059	0.254707	0.268627	0.274710	0.259310	0.259345	0.257535	0.271515	0.259083	0.289387	0.263363	0.266010	0.265060	0.268935	0.263179	0.264860	0.271310	0.268564	0.270655	0.262665	
0.204190	0.214236	0.301145	0.297413	0.305739	0.209199	0.232123	0.287636	0.304885	0.000000	0.096922	0.096971	0.235176	0.302063	0.207729	0.221093	0.216942	0.222178	0.298420	0.223506	0.297819	0.236703	0.243048	0.230191	0.209364	0.204867	0.293748	0.288321	0.283739	0.238532	0.208163	0.232877	0.237137	0.236279	0.236987	0.208567	0.310879	0.319578	0.300793	0.288950	0.300956	0.289934	0.306821	0.312037	0.296185	0.302628	0.306033	0.310872	0.284283	0.313040	0.310368	0.303163	0.305377	0.312225	0.309774	0.305536	0.305898	0.296774	0.287608	0.303509	0.297483	0.309468	0.306285	0.289420	0.307682	0.297110	0.294393	0.303679	0.300874	0.299764	0.289767	0.292730	0.292492	0.307619	0.299876	0.287720	0.298282	0.287058	0.290193	0.292981	0.295195	0.285576	0.286125	0.301757	0.296508	0.280528	0.292740	0.299107	0.284866	0.300178	0.301576	0.293077	0.287231	0.308414	0.287959	0.291529	0.293936	0.293795	0.298256	0.314675	0.311256	0.292389	0.307650	0.306030	0.297872	0.283229	0.308589	0.290441	0.312986	0.294877	0.282949	0.311460	0.311111	0.311408	0.290994	0.300110	0.292039	0.308688	
0.207496	0.214385	0.297807	0.300705	0.305676	0.214723	0.228229	0.284807	0.303682	0.096922	0.000000	0.093538	0.229950	0.296312	0.212131	0.221023	0.212213	0.219503	0.302495	0.227877	0.296312	0.237970	0.239722	0.226390	0.218405	0.208511	0.296412	0.291825	0.286042	0.232867	0.215043	0.232034	0.240817	0.238142	0.239984	0.213546	0.315898	0.320290	0.306454	0.289827	0.300095	0.286651	0.306821	0.311181	0.298948	0.301140	0.305733	0.311011	0.284676	0.315040	0.312748	0.307208	0.308018	0.308591	0.304823	0.307841	0.304973	0.302798	0.295451	0.304600	0.300199	0.310922	0.307703	0.286436	0.304468	0.297598	0.291250	0.305087	0.303113	0.298066	0.292989	0.293836	0.293778	0.303865	0.297030	0.288974	0.296135	0.289466	0.291356	0.294997	0.301304	0.290977	0.291285	0.302357	0.300954	0.284103	0.291496	0.301887	0.287624	0.304413	0.299713	0.288734	0.288981	0.315180	0.292157	0.291661	0.295302	0.286595	0.303875	0.317685	0.313888	0.301599	0.310103	0.307661	0.304602	0.286013	0.311286	0.291521	0.311050	0.292612	0.287966	0.314268	0.312364	0.309329	0.292510	0.300151	0.292800	0.311795	
0.203666	0.214836	0.299216	0.304106	0.308380	0.204032	0.231564	0.287079	0.310879	0.096971	0.093538	0.000000	0.235517	0.301075	0.210551	0.220732	0.214154	0.222771	0.304129	0.225827	0.302289	0.243407	0.235210	0.228814	0.210458	0.207365	0.296183	0.290583	0.288850	0.235324	0.211752	0.235800	0.235134	0.243629	0.241149	0.207553	0.315485	0.317566	0.308451	0.292852	0.310087	0.292459	0.308190	0.308312	0.297434	0.303684	0.308579	0.310136	0.283671	0.315247	0.319227	0.305587	0.313363	0.309622	0.313355	0.308395	0.309021	0.304077	0.294295	0.310236	0.302870	0.312659	0.310188	0.294076	0.309311	0.301467	0.296438	0.308661	0.305959	0.300299	0.290731	0.298531	0.296926	0.309453	0.307299	0.294468	0.298300	0.295024	0.297894	0.299731	0.307599	0.295374	0.294566	0.308476	0.303260	0.288085	0.300734	0.308890	0.293089	0.306529	0.298813	0.296770	0.293123	0.309418	0.298313	0.292935	0.298570	0.296438	0.304835	0.318294	0.315645	0.304614	0.312766	0.311906	0.304244	0.287827	0.310711	0.294035	0.315923	0.301342	0.292055	0.320402	0.311683	0.310767	0.296866	0.302477	0.297734	0.316447	
0.231114	0.231434	0.303035	0.301486	0.296603	0.226136	0.226044	0.284336	0.301125	0.235176	0.229950	0.235517	0.000000	0.302929	0.236653	0.234263	0.231728	0.229240	0.295749	0.232077	0.300642	0.238184	0.231403	0.235003	0.231788	0.236148	0.286408	0.284499	0.285509	0.242552	0.237747	0.228153	0.238796	0.230795	0.232549	0.230574	0.304228	0.308981	0.291056	0.286285	0.294545	0.281460	0.296393	0.299462	0.286537	0.295867	0.299246	0.305270	0.278145	0.300482	0.304366	0.303900	0.296819	0.301050	0.294521	0.294281	0.299780	0.293210	0.290742	0.298340	0.295019	0.306983	0.302441	0.280642	0.304649	0.291028	0.288290	0.299601	0.295361	0.293947	0.281298	0.289296	0.287153	0.298789	0.293289	0.284846	0.293651	0.287222	0.290014	0.296077	0.292855	0.287122	0.291111	0.297204	0.295800	0.282795	0.283475	0.301796	0.291055	0.295589	0.289036	0.278686	0.295703	0.303998	0.287999	0.281060	0.290436	0.279857	0.298028	0.305665	0.296825	0.289563	0.299033	0.298369	0.291091	0.283159	0.304696	0.290052	0.303466	0.290694	0.283905	0.305717	0.300944	0.300507	0.287029	0.300014	0.286601	0.298963	
0.307616	0.307598	0.213626	0.219649	0.227316	0.305700	0.295673	0.267729	0.227248	0.302063	0.296312	0.301075	0.302929	0.000000	0.308362	0.302646	0.309235	0.288789	0.219106	0.306454	0.217846	0.311455	0.306325	0.298228	0.309348	0.309045	0.269108	0.269637	0.268978	0.293962	0.303761	0.296645	0.313356	0.308828	0.304828	0.304348	0.265312	0.268853	0.257594	0.269625	0.258847	0.264436	0.262608	0.261731	0.270811	0.268530	0.261669	0.265090	0.269957	0.252826	0.264792	0.255313	0.261820	0.267592	0.257919	0.257127	0.265195	0.261791	0.273871	0.258633	0.285119	0.260551	0.266596	0.269496	0.265730	0.262966	0.274131	0.254725	0.261854	0.257718	0.267104	0.271236	0.270397	0.261246	0.258013	0.273724	0.268406	0.260829	0.263158	0.273889	0.264685	0.278989	0.273767	0.266897	0.223205	0.269945	0.267800	0.250000	0.278284	0.251796	0.275495	0.260281	0.271001	0.265257	0.274050	0.265107	0.275717	0.270015	0.280968	0.261130	0.270421	0.273376	0.258034	0.253469	0.256115	0.272543	0.262391	0.283075	0.265784	0.275003	0.270789	0.267485	0.263102	0.265942	0.274071	0.265184	0.271370	0.265429	
0.213014	0.217526	0.304949	0.305293	0.306570	0.213843	0.229098	0.300552	0.302969	0.207729	0.212131	0.210551	0.236653	0.308362	0.000000	0.221074	0.222855	0.210218	0.308923	0.232821	0.302960	0.251220	0.238459	0.233296	0.220291	0.222000	0.297451	0.293584	0.297224	0.239023	0.224836	0.234686	0.242839	0.238894	0.248451	0.219784	0.311039	0.311808	0.305054	0.293764	0.315878	0.292050	0.317438	0.318217	0.297791	0.308684	0.315669	0.314094	0.288441	0.315773	0.317260	0.312155	0.305194	0.312510	0.313467	0.310222	0.312433	0.307053	0.294090	0.305488	0.301935	0.319489	0.314752	0.286261	0.310648	0.296509	0.295937	0.308756	0.309378	0.302128	0.294943	0.300799	0.299969	0.314955	0.305637	0.296485	0.309691	0.297322	0.300681	0.307420	0.307883	0.292324	0.301077	0.306414	0.304275	0.280567	0.297608	0.310882	0.294765	0.313611	0.302686	0.290252	0.300572	0.310539	0.297402	0.291744	0.294691	0.291314	0.296732	0.319830	0.320292	0.307180	0.315538	0.309616	0.306869	0.288249	0.315716	0.299676	0.319572	0.287020	0.290803	0.313890	0.310392	0.314133	0.293032	0.305624	0.290789	0.307502	
0.211083	0.219248	0.305253	0.308505	0.307362	0.209441	0.233465	0.292981	0.294738	0.221093	0.221023	0.220732	0.234263	0.302646	0.221074	0.000000	0.219929	0.228771	0.301113	0.238304	0.303030	0.237890	0.234078	0.231778	0.218237	0.218792	0.295602	0.288055	0.291880	0.236997	0.217768	0.242966	0.240641	0.234975	0.250986	0.211616	0.316845	0.315811	0.303637	0.291033	0.305183	0.290685	0.306236	0.310026	0.291689	0.308901	0.310074	0.308097	0.286355	0.313757	0.315804	0.306847	0.305424	0.300109	0.311105	0.306595	0.311796	0.308068	0.292539	0.315185	0.303582	0.317749	0.311870	0.282835	0.315754	0.295598	0.293407	0.308068	0.303465	0.305601	0.291279	0.297418	0.294046	0.306533	0.301321	0.295473	0.304723	0.287142	0.290111	0.302458	0.314506	0.297349	0.293615	0.308935	0.300418	0.289122	0.288498	0.304674	0.291143	0.304342	0.296788	0.288217	0.299714	0.312548	0.297735	0.290832	0.298226	0.295131	0.299915	0.318687	0.310657	0.304135	0.315438	0.311478	0.303391	0.296025	0.306958	0.295455	0.316408	0.291233	0.287458	0.315948	0.307215	0.307204	0.288156	0.306167	0.289463	0.309056	
0.217189	0.215200	0.307657	0.308810	0.306632	0.214440	0.232548	0.291772	0.304491	0.216942	0.212213	0.214154	0.231728	0.309235	0.222855	0.219929	0.000000	0.221791	0.307578	0.228990	0.311078	0.235277	0.234523	0.238964	0.219755	0.216523	0.290345	0.289107	0.288991	0.230078	0.219554	0.228814	0.238223	0.241302	0.238613	0.221877	0.312006	0.318074	0.303949	0.294063	0.305935	0.292648	0.304439	0.307774	0.296875	0.306046	0.307591	0.309798	0.288786	0.314610	0.311350	0.303999	0.310078	0.313668	0.311243	0.308983	0.309822	0.303751	0.293952	0.309388	0.295095	0.316074	0.315532	0.285470	0.307151	0.295555	0.299657	0.304021	0.309561	0.307528	0.286644	0.293170	0.290007	0.306556	0.306522	0.291711	0.302137	0.295455	0.298725	0.302068	0.306601	0.290601	0.288912	0.307439	0.307783	0.282781	0.299618	0.304348	0.289732	0.309163	0.301802	0.292258	0.297233	0.312919	0.283878	0.290806	0.295913	0.292101	0.302601	0.311827	0.305742	0.294470	0.309168	0.311408	0.308328	0.294023	0.304970	0.290417	0.313262	0.289780	0.282566	0.312920	0.310616	0.312623	0.294211	0.295959	0.289585	0.314021	
0.228757	0.232930	0.286388	0.297202	0.277624	0.215595	0.217206	0.279953	0.286245	0.222178	0.219503	0.222771	0.229240	0.288789	0.210218	0.228771	0.221791	0.000000	0.291045	0.233049	0.287201	0.226390	0.227557	0.223551	0.234135	0.240999	0.280883	0.277487	0.281487	0.249059	0.237146	0.221429	0.238040	0.236497	0.248965	0.226764	0.304819	0.308124	0.291562	0.284469	0.300116	0.274608	0.299037	0.292716	0.275609	0.292122	0.297819	0.296896	0.274666	0.298252	0.300833	0.287647	0.291554	0.296311	0.303709	0.297009	0.295608	0.286711	0.275410	0.297463	0.293600	0.297481	0.293023	0.268734	0.296275	0.286241	0.283066	0.292579	0.295038	0.290323	0.278609	0.284748	0.279512	0.297423	0.293396	0.279783	0.289205	0.282452	0.288642	0.297517	0.299419	0.284880	0.288859	0.298973	0.294446	0.266628	0.273113	0.288751	0.288360	0.299807	0.291755	0.277362	0.281092	0.305092	0.282490	0.276155	0.285856	0.273360	0.286521	0.303968	0.297075	0.289668	0.303124	0.300563	0.284202	0.274893	0.296691	0.285348	0.304615	0.275326	0.275556	0.302691	0.293449	0.294379	0.285022	0.286292	0.270986	0.300467	
0.306012	0.306443	0.212416	0.220594	0.218576	0.300358	0.293013	0.270278	0.221778	0.298420	0.302495	0.304129	0.295749	0.219106	0.308923	0.301113	0.307578	0.291045	0.000000	0.297818	0.222612	0.311879	0.302065	0.298975	0.300331	0.307401	0.256184	0.266056	0.259108	0.291495	0.299551	0.294183	0.308254	0.307215	0.311335	0.300539	0.268763	0.270978	0.261130	0.276981	0.262540	0.265963	0.266889	0.268783	0.271623	0.264312	0.264996	0.270889	0.267443	0.258540	0.261707	0.252705	0.252400	0.263498	0.257608	0.252112	0.266024	0.263390	0.268974	0.255171	0.273488	0.261155	0.265361	0.261107	0.269505	0.265792	0.272995	0.249398	0.262260	0.256636	0.265993	0.276787	0.278323	0.259061	0.260694	0.271432	0.270245	0.257660	0.260453	0.269901	0.258936	0.273731	0.278224	0.264222	0.217386	0.268837	0.267451	0.257411	0.274433	0.256122	0.276425	0.253468	0.270099	0.258045	0.274123	0.266138	0.274295	0.277517	0.277140	0.273374	0.269275	0.272249	0.261460	0.262471	0.253958	0.271924	0.254299	0.282926	0.265388	0.278267	0.265952	0.268195	0.268539	0.269344	0.269056	0.272265	0.266855	0.263426	
0.229698	0.233826	0.310195	0.299926	0.299077	0.221957	0.223721	0.279174	0.303628	0.223506	0.227877	0.225827	0.232077	0.306454	0.232821	0.238304	0.228990	0.233049	0.297818	0.000000	0.299173	0.221738	0.226213	0.221905	0.220684	0.232521	0.285843	0.282958	0.285388	0.219947	0.224670	0.224387	0.213491	0.221473	0.219827	0.229579	0.302109	0.311837	0.300726	0.279405	0.300522	0.282226	0.303838	0.307861	0.291630	0.297954	0.302018	0.306566	0.282212	0.304899	0.310124	0.304101	0.301947	0.307433	0.307089	0.295768	0.299432	0.298143	0.275816	0.294205	0.278539	0.302862	0.302030	0.275381	0.303749	0.292188	0.294691	0.300029	0.301961	0.291414	0.280170	0.291224	0.281587	0.304094	0.301989	0.275161	0.291238	0.284875	0.291000	0.287774	0.289375	0.281049	0.291273	0.303044	0.298248	0.277835	0.284384	0.300833	0.281031	0.302159	0.290079	0.279323	0.291084	0.298100	0.285334	0.281616	0.284939	0.289148	0.289349	0.299472	0.296711	0.283072	0.299138	0.298610	0.290912	0.280905	0.301082	0.271031	0.312654	0.288223	0.281446	0.295595	0.299942	0.300116	0.287460	0.300292	0.287589	0.302756	
0.300810	0.304870	0.214881	0.215131	0.215773	0.300245	0.290486	0.269356	0.219489	0.297819	0.296312	0.302289	0.300642	0.217846	0.302960	0.303030	0.311078	0.287201	0.222612	0.299173	0.000000	0.300543	0.298868	0.299029	0.304880	0.308472	0.254902	0.252772	0.254315	0.297755	0.299498	0.289843	0.296930	0.295568	0.299463	0.302351	0.265303	0.262200	0.251844	0.267628	0.252072	0.265373	0.258162	0.259666	0.268637	0.250469	0.254179	0.263801	0.266128	0.259592	0.257490	0.254982	0.248684	0.265160	0.255796	0.249664	0.257788	0.255128	0.262867	0.248884	0.276414	0.265201	0.268558	0.265322	0.261731	0.259914	0.274580	0.246827	0.251448	0.252477	0.259254	0.270281	0.276325	0.259617	0.255805	0.271954	0.267658	0.256968	0.258391	0.265177	0.247318	0.273188	0.267327	0.254791	0.219496	0.267456	0.266147	0.246714	0.267182	0.253042	0.273725	0.251912	0.271531	0.258392	0.266005	0.260258	0.272629	0.271527	0.280193	0.256583	0.267732	0.269063	0.260201	0.260114	0.246777	0.264955	0.246477	0.276708	0.266351	0.276610	0.264398	0.263467	0.261316	0.258766	0.270431	0.268238	0.275570	0.258223	
0.239684	0.241588	0.305088	0.307739	0.301809	0.224717	0.222828	0.284808	0.305135	0.236703	0.237970	0.243407	0.238184	0.311455	0.251220	0.237890	0.235277	0.226390	0.311879	0.221738	0.300543	0.000000	0.238480	0.221577	0.237400	0.235443	0.282063	0.279477	0.285626	0.225138	0.231354	0.226424	0.219149	0.221051	0.223860	0.235839	0.308504	0.310345	0.300044	0.290476	0.290766	0.289665	0.302501	0.302637	0.294214	0.301506	0.307293	0.307339	0.282112	0.308872	0.306859	0.300476	0.304032	0.308003	0.307132	0.299424	0.305903	0.296252	0.277987	0.293043	0.281165	0.313945	0.304627	0.280754	0.307312	0.298913	0.290457	0.306399	0.297891	0.304099	0.283960	0.289877	0.282479	0.307658	0.298073	0.280670	0.303349	0.284343	0.285907	0.293685	0.292612	0.285949	0.289325	0.301811	0.306189	0.282518	0.288641	0.300090	0.287142	0.305312	0.292842	0.278612	0.286076	0.299825	0.281443	0.281344	0.279940	0.284077	0.294880	0.303905	0.299006	0.279620	0.300717	0.299162	0.298993	0.282387	0.302636	0.279507	0.306690	0.281599	0.280691	0.297895	0.302663	0.301333	0.288239	0.299955	0.288995	0.309321	
0.235461	0.243320	0.304522	0.300121	0.302056	0.238743	0.232686	0.285451	0.300802	0.243048	0.239722	0.235210	0.231403	0.306325	0.238459	0.234078	0.234523	0.227557	0.302065	0.226213	0.298868	0.238480	0.000000	0.233030	0.232404	0.247436	0.286468	0.286409	0.292110	0.232079	0.233229	0.235682	0.231451	0.231579	0.235395	0.242511	0.305434	0.307325	0.294741	0.288871	0.305769	0.278721	0.303299	0.302505	0.288745	0.301161	0.299006	0.306360	0.274567	0.311111	0.312791	0.306936	0.297523	0.302982	0.308652	0.299864	0.296873	0.297492	0.279768	0.299272	0.291684	0.306862	0.304081	0.275890	0.302248	0.289857	0.290619	0.303417	0.298197	0.302883	0.283092	0.295213	0.291239	0.300080	0.294408	0.283941	0.300291	0.285446	0.286117	0.292165	0.290423	0.282958	0.287897	0.300825	0.294343	0.279151	0.290305	0.304110	0.285791	0.300067	0.287802	0.283747	0.287695	0.306715	0.286486	0.283692	0.285424	0.291949	0.290670	0.309239	0.306457	0.293200	0.307590	0.306583	0.295885	0.278543	0.297326	0.285232	0.299682	0.289931	0.281225	0.299016	0.304986	0.305684	0.286416	0.297042	0.290151	0.307025	
0.229829	0.236179	0.295451	0.296426	0.300753	0.236208	0.221870	0.288433	0.295500	0.230191	0.226390	0.228814	0.235003	0.298228	0.233296	0.231778	0.238964	0.223551	0.298975	0.221905	0.299029	0.221577	0.233030	0.000000	0.223409	0.237843	0.282652	0.277482	0.279495	0.229769	0.228538	0.220031	0.228608	0.222890	0.221536	0.233447	0.303119	0.312275	0.293857	0.281766	0.298272	0.275308	0.301118	0.301903	0.286546	0.297210	0.300650	0.306790	0.278194	0.306060	0.306094	0.309164	0.293223	0.306983	0.302963	0.301244	0.295057	0.295590	0.273953	0.294405	0.281281	0.302222	0.296301	0.275719	0.290701	0.291842	0.286270	0.296884	0.300484	0.298007	0.281969	0.282723	0.280434	0.297819	0.294544	0.285854	0.289107	0.282834	0.291049	0.282681	0.292775	0.282724	0.292673	0.296512	0.294937	0.283821	0.288368	0.291086	0.282885	0.295089	0.286526	0.281821	0.285615	0.301970	0.281857	0.281250	0.283584	0.277400	0.291013	0.295927	0.294842	0.289053	0.304245	0.302313	0.290287	0.280365	0.296988	0.277038	0.301657	0.285011	0.283808	0.297598	0.301381	0.297578	0.280150	0.293283	0.280946	0.303435	
0.216112	0.214228	0.310532	0.307442	0.308537	0.208271	0.229869	0.289647	0.307971	0.209364	0.218405	0.210458	0.231788	0.309348	0.220291	0.218237	0.219755	0.234135	0.300331	0.220684	0.304880	0.237400	0.232404	0.223409	0.000000	0.213154	0.289547	0.283225	0.285533	0.232945	0.207025	0.232699	0.229816	0.228920	0.229518	0.214687	0.310733	0.313655	0.302630	0.287690	0.301428	0.283478	0.306510	0.305014	0.291784	0.302911	0.309511	0.307108	0.284736	0.311075	0.305983	0.306704	0.305964	0.310266	0.309183	0.307282	0.301434	0.306493	0.284157	0.298734	0.294893	0.314052	0.306928	0.276203	0.305428	0.293214	0.297504	0.304097	0.299077	0.301805	0.283342	0.287552	0.288996	0.312148	0.295892	0.291773	0.301200	0.285676	0.287086	0.302658	0.297259	0.286543	0.285179	0.301945	0.301826	0.281886	0.292905	0.305391	0.287985	0.298295	0.287510	0.284899	0.292154	0.304446	0.281454	0.284616	0.283047	0.291270	0.296487	0.303415	0.296698	0.291644	0.305933	0.307713	0.300360	0.285034	0.308824	0.290569	0.308616	0.284666	0.281645	0.304808	0.304893	0.308607	0.288206	0.299584	0.293453	0.308800	
0.206930	0.219315	0.313449	0.309233	0.312307	0.209218	0.237585	0.292707	0.307692	0.204867	0.208511	0.207365	0.236148	0.309045	0.222000	0.218792	0.216523	0.240999	0.307401	0.232521	0.308472	0.235443	0.247436	0.237843	0.213154	0.000000	0.300785	0.296990	0.296734	0.236308	0.210891	0.240703	0.243158	0.237974	0.247481	0.210788	0.317227	0.317406	0.311265	0.292352	0.311853	0.284834	0.317092	0.316129	0.294064	0.310474	0.317188	0.316085	0.288667	0.316239	0.316308	0.313288	0.309143	0.314947	0.311647	0.306849	0.311851	0.306588	0.291974	0.308856	0.299959	0.312541	0.308351	0.291235	0.312599	0.298815	0.298776	0.311161	0.307178	0.309698	0.291832	0.291881	0.288107	0.314192	0.301690	0.291089	0.307913	0.291413	0.294320	0.305045	0.304683	0.292864	0.296861	0.307996	0.305080	0.293465	0.291377	0.306667	0.295635	0.309615	0.296719	0.295485	0.300357	0.310969	0.295852	0.288698	0.294961	0.297344	0.304825	0.315676	0.312163	0.296915	0.311495	0.312838	0.304797	0.289417	0.309930	0.297652	0.315638	0.297160	0.290097	0.314461	0.312255	0.311469	0.291869	0.308674	0.293909	0.314497	
0.293494	0.301908	0.266045	0.260451	0.254282	0.291345	0.285470	0.255476	0.256302	0.293748	0.296412	0.296183	0.286408	0.269108	0.297451	0.295602	0.290345	0.280883	0.256184	0.285843	0.254902	0.282063	0.286468	0.282652	0.289547	0.300785	0.000000	0.098544	0.100360	0.281145	0.293688	0.284444	0.285159	0.287248	0.284693	0.297597	0.265723	0.274459	0.266141	0.263445	0.261218	0.254055	0.271763	0.266976	0.260166	0.262386	0.275421	0.268912	0.258971	0.266412	0.275078	0.262132	0.258499	0.270374	0.261283	0.264478	0.268642	0.266913	0.251384	0.260764	0.257006	0.265947	0.270230	0.251496	0.269885	0.257502	0.266139	0.265537	0.268362	0.259631	0.257905	0.255255	0.252051	0.273472	0.271245	0.255377	0.266676	0.227909	0.224979	0.257609	0.259355	0.259025	0.262914	0.261879	0.260811	0.256727	0.264842	0.265370	0.255964	0.264084	0.264297	0.219509	0.258909	0.267795	0.253004	0.249897	0.253535	0.262541	0.262066	0.263785	0.272335	0.262341	0.271620	0.271047	0.258963	0.258283	0.269484	0.261238	0.264965	0.264974	0.261285	0.271998	0.271370	0.270972	0.254736	0.270211	0.259335	0.262012	
0.287515	0.297406	0.268878	0.265156	0.251435	0.283444	0.286944	0.257513	0.252244	0.288321	0.291825	0.290583	0.284499	0.269637	0.293584	0.288055	0.289107	0.277487	0.266056	0.282958	0.252772	0.279477	0.286409	0.277482	0.283225	0.296990	0.098544	0.000000	0.105083	0.279299	0.287231	0.280951	0.285358	0.282243	0.280799	0.295691	0.270585	0.274741	0.262900	0.261102	0.261992	0.251440	0.276968	0.274187	0.258974	0.265983	0.276611	0.274611	0.255673	0.268825	0.280337	0.264970	0.267770	0.278978	0.266966	0.269313	0.270563	0.274485	0.251214	0.260123	0.260023	0.270960	0.270206	0.253957	0.275297	0.263674	0.262669	0.267616	0.266760	0.262612	0.257385	0.262847	0.260257	0.275760	0.270030	0.256399	0.268978	0.227427	0.227986	0.261345	0.265983	0.258640	0.264570	0.266620	0.262687	0.259689	0.260589	0.269723	0.259867	0.262677	0.262330	0.222333	0.260336	0.271155	0.258731	0.253247	0.256190	0.261871	0.261034	0.270143	0.275138	0.265868	0.275551	0.273934	0.261648	0.255271	0.270704	0.265635	0.274142	0.261092	0.262440	0.277659	0.273147	0.271018	0.258567	0.268680	0.262839	0.267230	
0.292626	0.294985	0.266813	0.259126	0.256457	0.286139	0.284953	0.259453	0.256872	0.283739	0.286042	0.288850	0.285509	0.268978	0.297224	0.291880	0.288991	0.281487	0.259108	0.285388	0.254315	0.285626	0.292110	0.279495	0.285533	0.296734	0.100360	0.105083	0.000000	0.280893	0.289966	0.281851	0.284152	0.284474	0.278679	0.296720	0.268808	0.274149	0.262407	0.259774	0.262941	0.256456	0.274911	0.268222	0.260631	0.267299	0.278569	0.273213	0.253748	0.270237	0.275446	0.265458	0.263677	0.273229	0.264920	0.268184	0.267483	0.270520	0.258573	0.262217	0.264068	0.272890	0.273317	0.253088	0.271355	0.263224	0.265281	0.268219	0.263382	0.263151	0.255959	0.257288	0.254651	0.273590	0.269598	0.258768	0.270267	0.225914	0.226645	0.262869	0.266889	0.256953	0.262189	0.266823	0.262920	0.255190	0.262826	0.268269	0.261032	0.264641	0.262847	0.222160	0.260527	0.268296	0.254523	0.251829	0.252554	0.263462	0.263622	0.267253	0.275176	0.265962	0.273668	0.270920	0.262834	0.258590	0.274830	0.265487	0.271556	0.264784	0.256636	0.269681	0.274171	0.272029	0.256185	0.269411	0.258866	0.264751	
0.231505	0.239836	0.291507	0.297200	0.289139	0.228592	0.240805	0.296343	0.290806	0.238532	0.232867	0.235324	0.242552	0.293962	0.239023	0.236997	0.230078	0.249059	0.291495	0.219947	0.297755	0.225138	0.232079	0.229769	0.232945	0.236308	0.281145	0.279299	0.280893	0.000000	0.234367	0.225446	0.218621	0.225061	0.215276	0.227130	0.303416	0.307729	0.299836	0.290482	0.298217	0.281346	0.305562	0.303588	0.289208	0.296808	0.300823	0.308107	0.269213	0.309091	0.317176	0.296375	0.300493	0.308604	0.299248	0.312770	0.293882	0.294090	0.281436	0.289657	0.282302	0.311274	0.308654	0.281448	0.305286	0.304869	0.309507	0.291145	0.297857	0.301196	0.283508	0.279547	0.286624	0.299623	0.295331	0.287476	0.296461	0.283001	0.293349	0.301979	0.288448	0.282347	0.289722	0.295722	0.287224	0.272921	0.294769	0.304904	0.282588	0.296934	0.291657	0.284833	0.288706	0.304198	0.285680	0.289580	0.282850	0.291372	0.289430	0.308563	0.299895	0.285001	0.299218	0.305483	0.288092	0.284834	0.305991	0.285407	0.301103	0.285988	0.290201	0.296894	0.301360	0.301905	0.276496	0.302744	0.287468	0.305732	
0.206957	0.212468	0.302399	0.300743	0.303600	0.205566	0.231363	0.288331	0.303994	0.208163	0.215043	0.211752	0.237747	0.303761	0.224836	0.217768	0.219554	0.237146	0.299551	0.224670	0.299498	0.231354	0.233229	0.228538	0.207025	0.210891	0.293688	0.287231	0.289966	0.234367	0.000000	0.224030	0.228270	0.238518	0.238019	0.200432	0.313640	0.311962	0.308419	0.287009	0.302001	0.283496	0.305915	0.307224	0.289544	0.295246	0.312245	0.305321	0.282171	0.307387	0.311758	0.309342	0.298419	0.306140	0.307464	0.302366	0.299873	0.300312	0.281577	0.296840	0.291234	0.311622	0.305934	0.278749	0.300740	0.295783	0.297183	0.302975	0.300324	0.296645	0.286547	0.290876	0.290519	0.309338	0.296101	0.284068	0.302362	0.286978	0.290800	0.296970	0.303649	0.284395	0.287452	0.301601	0.297092	0.276831	0.290755	0.300497	0.288152	0.310038	0.290017	0.285919	0.286322	0.301188	0.282590	0.286606	0.290755	0.285189	0.292959	0.303528	0.300580	0.288079	0.304249	0.303267	0.298013	0.285183	0.299517	0.291609	0.313952	0.279342	0.285472	0.307046	0.304849	0.309427	0.292062	0.294467	0.293976	0.300043	
0.225755	0.234937	0.293346	0.293231	0.292378	0.226615	0.231605	0.281751	0.294682	0.232877	0.232034	0.235800	0.228153	0.296645	0.234686	0.242966	0.228814	0.221429	0.294183	0.224387	0.289843	0.226424	0.235682	0.220031	0.232699	0.240703	0.284444	0.280951	0.281851	0.225446	0.224030	0.000000	0.226192	0.225915	0.232402	0.232222	0.301411	0.309017	0.297780	0.282201	0.288612	0.273416	0.300541	0.295773	0.282720	0.289307	0.298635	0.302457	0.272962	0.306125	0.304678	0.294684	0.293847	0.287782	0.298578	0.299599	0.296688	0.291837	0.279768	0.290003	0.280320	0.302041	0.299646	0.272481	0.292936	0.292227	0.286880	0.292255	0.290707	0.294207	0.281365	0.283290	0.282295	0.300881	0.292753	0.286415	0.293776	0.280060	0.286575	0.285232	0.284858	0.279683	0.282638	0.292752	0.295317	0.276680	0.281415	0.287328	0.276839	0.292487	0.288310	0.282866	0.281267	0.303628	0.274093	0.272331	0.275753	0.280542	0.281700	0.293056	0.294657	0.275254	0.296933	0.302633	0.295421	0.276298	0.296534	0.278606	0.306705	0.281727	0.277189	0.291587	0.299094	0.298863	0.289692	0.289173	0.282762	0.303584	
0.233932	0.247196	0.309048	0.312709	0.296356	0.227545	0.232130	0.287424	0.302524	0.237137	0.240817	0.235134	0.238796	0.313356	0.242839	0.240641	0.238223	0.238040	0.308254	0.213491	0.296930	0.219149	0.231451	0.228608	0.229816	0.243158	0.285159	0.285358	0.284152	0.218621	0.228270	0.226192	0.000000	0.216684	0.222135	0.241385	0.302644	0.307511	0.295472	0.287447	0.294431	0.284569	0.303605	0.301357	0.287777	0.294211	0.301443	0.303619	0.285287	0.303619	0.308441	0.299607	0.297929	0.310580	0.311272	0.303944	0.294850	0.297174	0.282435	0.291807	0.282765	0.309757	0.302796	0.272185	0.305727	0.299056	0.290694	0.296092	0.301195	0.293789	0.284831	0.287333	0.281797	0.302362	0.294434	0.277979	0.292561	0.286169	0.291276	0.293871	0.289625	0.280594	0.286862	0.294442	0.298372	0.266804	0.287291	0.292795	0.280359	0.300079	0.284725	0.277601	0.285467	0.295496	0.282014	0.289199	0.280361	0.288280	0.283360	0.293114	0.287025	0.284442	0.300742	0.304368	0.296679	0.286394	0.302757	0.279122	0.306270	0.287358	0.283956	0.296723	0.299374	0.302085	0.291490	0.296109	0.293003	0.298124	
0.233026	0.241234	0.302262	0.300562	0.301752	0.233891	0.228474	0.283695	0.300658	0.236279	0.238142	0.243629	0.230795	0.308828	0.238894	0.234975	0.241302	0.236497	0.307215	0.221473	0.295568	0.221051	0.231579	0.222890	0.228920	0.237974	0.287248	0.282243	0.284474	0.225061	0.238518	0.225915	0.216684	0.000000	0.221872	0.233733	0.311865	0.317433	0.297135	0.287530	0.295634	0.279044	0.305964	0.305317	0.288790	0.298539	0.299605	0.301660	0.283349	0.306946	0.297731	0.302078	0.295951	0.306894	0.301492	0.304882	0.302034	0.296196	0.283945	0.291444	0.284980	0.310785	0.301962	0.283632	0.305423	0.295455	0.297366	0.301509	0.301348	0.296344	0.284666	0.290748	0.287281	0.301557	0.297876	0.291381	0.295185	0.290892	0.291827	0.294118	0.287030	0.288308	0.293716	0.296343	0.301169	0.285236	0.288547	0.298643	0.287963	0.306997	0.282433	0.278544	0.287210	0.295789	0.287709	0.279783	0.292006	0.284376	0.297591	0.297916	0.293695	0.292229	0.304521	0.298534	0.297536	0.285006	0.304966	0.280981	0.309381	0.285875	0.286916	0.288918	0.308457	0.305880	0.286325	0.307815	0.297642	0.308244	
0.244730	0.243081	0.306434	0.303664	0.300271	0.235374	0.231652	0.296259	0.304994	0.236987	0.239984	0.241149	0.232549	0.304828	0.248451	0.250986	0.238613	0.248965	0.311335	0.219827	0.299463	0.223860	0.235395	0.221536	0.229518	0.247481	0.284693	0.280799	0.278679	0.215276	0.238019	0.232402	0.222135	0.221872	0.000000	0.239543	0.308188	0.311873	0.298186	0.291516	0.302435	0.283444	0.304545	0.303927	0.289956	0.297974	0.309817	0.308607	0.272278	0.309243	0.315949	0.307269	0.295575	0.305221	0.302841	0.305324	0.303507	0.299048	0.279992	0.289297	0.284346	0.312809	0.304728	0.282958	0.295204	0.294793	0.295278	0.294497	0.298620	0.297334	0.287643	0.289624	0.286993	0.300152	0.290323	0.288216	0.291407	0.287299	0.296063	0.291161	0.291627	0.282757	0.286175	0.295485	0.303905	0.276669	0.292669	0.300114	0.285850	0.309136	0.280167	0.272606	0.287067	0.300137	0.280776	0.282551	0.282872	0.284955	0.286364	0.293973	0.287668	0.285386	0.301180	0.299258	0.295446	0.276276	0.304670	0.273303	0.311568	0.287087	0.287308	0.289494	0.302990	0.306488	0.285579	0.302737	0.291002	0.308043	
0.207601	0.216976	0.304806	0.309605	0.309557	0.209012	0.228505	0.297665	0.298520	0.208567	0.213546	0.207553	0.230574	0.304348	0.219784	0.211616	0.221877	0.226764	0.300539	0.229579	0.302351	0.235839	0.242511	0.233447	0.214687	0.210788	0.297597	0.295691	0.296720	0.227130	0.200432	0.232222	0.241385	0.233733	0.239543	0.000000	0.311819	0.316575	0.308455	0.289570	0.306125	0.279667	0.313731	0.314008	0.290968	0.303766	0.305824	0.313563	0.283039	0.313728	0.318720	0.310271	0.298726	0.310597	0.304552	0.305913	0.305993	0.308274	0.290464	0.303878	0.294192	0.316017	0.314880	0.285906	0.309966	0.296711	0.297414	0.309216	0.305224	0.303810	0.293103	0.299973	0.295771	0.310674	0.298514	0.288303	0.301111	0.291406	0.295803	0.300081	0.304659	0.294046	0.290548	0.304482	0.304499	0.284708	0.295177	0.303555	0.292264	0.306150	0.296665	0.287960	0.293990	0.310758	0.293933	0.288732	0.290460	0.287177	0.307185	0.310733	0.305214	0.294868	0.312576	0.311258	0.302238	0.283957	0.305601	0.293961	0.309910	0.292092	0.287911	0.306903	0.304092	0.305455	0.291403	0.306376	0.291610	0.309514	
0.311345	0.313256	0.261210	0.260155	0.257652	0.310349	0.301041	0.272171	0.267280	0.310879	0.315898	0.315485	0.304228	0.265312	0.311039	0.316845	0.312006	0.304819	0.268763	0.302109	0.265303	0.308504	0.305434	0.303119	0.310733	0.317227	0.265723	0.270585	0.268808	0.303416	0.313640	0.301411	0.302644	0.311865	0.308188	0.311819	0.000000	0.107070	0.239668	0.264262	0.240606	0.266719	0.243387	0.244097	0.269236	0.239667	0.245268	0.243268	0.265027	0.241254	0.246982	0.238281	0.237163	0.244279	0.241531	0.247516	0.245740	0.246774	0.263618	0.248349	0.265057	0.250228	0.247557	0.258567	0.253045	0.252966	0.270048	0.241617	0.239559	0.243645	0.252264	0.264583	0.258641	0.247040	0.244975	0.266893	0.254461	0.265196	0.271702	0.256637	0.240100	0.264089	0.263691	0.236582	0.255787	0.260380	0.263370	0.243628	0.261212	0.242511	0.261558	0.265493	0.266213	0.239729	0.258001	0.258702	0.269502	0.259124	0.271320	0.244480	0.253758	0.264100	0.247393	0.246999	0.240901	0.271682	0.249346	0.269759	0.248058	0.269789	0.260558	0.248882	0.249288	0.247050	0.266381	0.260331	0.261771	0.243928	
