1.179413	0.315409	-0.056573	-0.089247	-0.084162	0.320510	0.228841	-0.056986	-0.072387	0.318001	0.313388	0.341541	0.201830	-0.073188	0.307168	0.307190	0.292041	0.184424	-0.073353	0.208322	-0.059280	0.185922	0.210696	0.196811	0.268546	0.338250	-0.049217	-0.032092	-0.049444	0.199643	0.320732	0.212210	0.199613	0.186834	0.143470	0.315866	-0.105376	-0.100818	-0.084424	-0.065794	-0.107974	-0.060753	-0.111249	-0.100299	-0.055843	-0.087238	-0.078580	-0.081988	-0.048111	-0.122843	-0.107166	-0.112399	-0.088942	-0.091517	-0.103162	-0.102279	-0.085286	-0.093917	-0.055917	-0.098434	-0.076563	-0.100124	-0.086082	-0.040453	-0.093218	-0.088759	-0.020243	-0.098738	-0.092082	-0.081238	-0.067551	-0.056632	-0.058225	-0.093508	-0.088055	-0.045711	-0.076708	-0.043833	-0.063625	-0.076761	-0.099727	-0.039327	-0.063371	-0.095360	-0.078457	-0.045995	-0.057950	-0.082596	-0.054484	-0.095014	-0.057561	-0.037010	-0.056044	-0.115307	-0.055278	-0.055979	-0.036761	-0.051906	-0.054259	-0.101924	-0.090931	-0.051782	-0.088053	-0.093528	-0.087257	-0.056808	-0.097090	-0.040336	-0.094142	-0.042935	-0.054432	-0.095398	-0.103025	-0.094658	-0.047484	-0.061922	-0.044773	-0.101591	
0.315409	1.234151	-0.061859	-0.079004	-0.059497	0.322422	0.240852	-0.035744	-0.068488	0.300824	0.300570	0.298041	0.233392	-0.060976	0.324621	0.301180	0.311950	0.190393	-0.071795	0.209003	-0.065553	0.189958	0.190168	0.190782	0.291265	0.322622	-0.063427	-0.054177	-0.049685	0.193836	0.320442	0.205465	0.171723	0.174223	0.170073	0.320733	-0.090255	-0.107393	-0.088237	-0.054925	-0.091854	-0.055281	-0.088934	-0.088886	-0.053552	-0.092641	-0.096167	-0.097875	-0.050492	-0.098679	-0.096379	-0.115298	-0.102242	-0.094017	-0.106704	-0.097407	-0.096573	-0.098941	-0.060559	-0.098733	-0.063824	-0.104650	-0.102936	-0.043972	-0.097390	-0.059995	-0.029567	-0.101616	-0.091328	-0.093604	-0.057537	-0.067843	-0.060366	-0.102828	-0.081819	-0.041731	-0.087426	-0.054887	-0.074280	-0.073659	-0.097517	-0.051684	-0.063816	-0.100483	-0.064334	-0.036774	-0.057775	-0.083192	-0.040989	-0.084824	-0.055983	-0.041282	-0.049521	-0.093881	-0.044005	-0.044047	-0.059133	-0.057826	-0.046448	-0.083904	-0.087746	-0.067169	-0.089506	-0.090735	-0.084687	-0.029542	-0.092587	-0.054082	-0.109301	-0.042754	-0.055380	-0.107351	-0.097535	-0.095765	-0.032670	-0.077182	-0.054649	-0.118908	
-0.056573	-0.061859	1.028499	0.178321	0.197845	-0.082236	-0.042612	-0.023735	0.177712	-0.078610	-0.067809	-0.067330	-0.077594	0.206075	-0.062828	-0.070556	-0.077390	-0.060138	0.194283	-0.095846	0.180766	-0.074848	-0.081109	-0.062931	-0.088981	-0.091488	-0.008139	-0.014065	-0.002510	-0.030141	-0.075613	-0.061120	-0.079315	-0.070671	-0.059797	-0.069141	-0.007658	-0.006554	0.002212	-0.020529	0.014706	-0.031406	0.001857	0.000481	-0.039503	0.012580	0.002563	0.011303	-0.022515	0.007204	0.028588	0.023860	-0.005958	-0.002300	0.006349	0.019707	-0.004104	0.016270	-0.010358	0.005066	-0.046932	-0.009767	-0.015323	-0.005956	-0.000625	-0.015589	-0.019022	0.006694	0.018750	0.012402	-0.020899	-0.033128	-0.034202	0.017217	0.017559	-0.029055	-0.010238	0.013800	0.021384	-0.024271	-0.006102	-0.023565	-0.049308	-0.002340	0.171371	-0.028290	-0.048598	0.019701	-0.046231	0.014524	-0.051673	0.004120	-0.034566	-0.007127	-0.024734	-0.014779	-0.036801	-0.024805	-0.059674	0.000819	0.004643	-0.039339	0.003644	0.002170	0.016738	-0.029423	0.013646	-0.035436	0.019782	-0.033629	-0.020656	0.022893	-0.002541	0.006361	-0.019462	0.002417	-0.031493	-0.007763	
-0.089247	-0.079004	0.178321	1.014005	0.173006	-0.076979	-0.057048	-0.013138	0.189772	-0.063595	-0.069671	-0.071728	-0.067198	0.189535	-0.049786	-0.076343	-0.086704	-0.056537	0.178494	-0.062915	0.178462	-0.083061	-0.057823	-0.062985	-0.086474	-0.076790	0.003978	-0.012703	0.013825	-0.052148	-0.072505	-0.067453	-0.097625	-0.056639	-0.060323	-0.084262	0.009667	0.001117	0.013548	-0.026842	0.010128	-0.027488	0.014538	0.008236	-0.021658	-0.010851	0.005696	-0.001095	-0.028566	0.024721	0.015823	0.018044	0.016010	0.007180	0.009580	0.005636	0.010725	0.000937	-0.031295	0.014811	-0.044299	-0.012744	-0.017252	-0.025580	0.010520	-0.027168	-0.044818	0.011858	0.005567	0.021911	-0.020462	-0.027787	-0.044760	0.006772	0.013152	-0.036774	-0.025549	0.005520	-0.001032	-0.031277	0.014771	-0.042704	-0.012848	-0.005056	0.162941	-0.015071	-0.023916	0.004498	-0.025357	0.037056	-0.025568	0.009014	-0.060770	0.000407	-0.041608	-0.038382	-0.034790	-0.020509	-0.043368	0.008512	0.003378	-0.009456	0.009712	0.016381	0.012727	-0.029698	0.008436	-0.030876	0.018179	-0.027660	-0.016592	0.024236	0.002678	0.008094	-0.036306	-0.008942	-0.030010	-0.003780	
-0.084162	-0.059497	0.197845	0.173006	1.026688	-0.056329	-0.046146	-0.038959	0.176521	-0.093321	-0.083547	-0.086348	-0.061464	0.166216	-0.069103	-0.075259	-0.077772	-0.028988	0.175958	-0.070657	0.183538	-0.079326	-0.076881	-0.075202	-0.098908	-0.090934	0.029845	0.037651	0.023114	-0.035911	-0.087889	-0.056832	-0.055012	-0.069296	-0.062430	-0.094947	0.007223	0.016449	0.021702	-0.044595	0.002815	-0.030258	0.017515	0.014579	-0.017802	-0.002767	-0.007849	-0.000791	-0.030601	0.016454	0.011454	0.031404	0.006841	0.013897	0.002408	0.006258	0.015630	-0.011319	-0.029586	0.001601	-0.026047	0.010618	-0.017321	-0.029221	-0.005800	-0.003768	-0.044936	-0.004402	0.025447	0.014271	-0.015951	-0.029201	-0.049811	0.018498	-0.000143	-0.009896	-0.013942	0.007911	0.010736	-0.018317	0.017813	-0.043490	-0.031929	-0.008450	0.209736	-0.001627	-0.030351	-0.002169	-0.031857	0.013450	-0.052731	0.006261	-0.032319	0.000358	-0.016141	-0.051471	-0.018493	-0.019042	-0.044071	-0.007142	-0.017304	-0.034997	0.004419	0.002169	0.015324	-0.030427	0.015505	-0.048569	-0.002709	-0.008498	-0.007562	-0.018598	0.010310	-0.004068	-0.034000	-0.012909	-0.037017	-0.004295	
0.320510	0.322422	-0.082236	-0.076979	-0.056329	1.151501	0.221109	-0.040507	-0.059983	0.298257	0.270960	0.317533	0.225645	-0.072261	0.311293	0.308188	0.292325	0.247535	-0.060671	0.220197	-0.064686	0.235055	0.176587	0.168540	0.285422	0.319044	-0.044343	-0.019681	-0.028410	0.190014	0.309897	0.213758	0.211922	0.192960	0.167318	0.300295	-0.105710	-0.111085	-0.090358	-0.037704	-0.098805	-0.029056	-0.094246	-0.101526	-0.035100	-0.085009	-0.090855	-0.103275	-0.051573	-0.097828	-0.100227	-0.099936	-0.107822	-0.090232	-0.106167	-0.097334	-0.105504	-0.098881	-0.043989	-0.098352	-0.053836	-0.114580	-0.109914	-0.026997	-0.081012	-0.073764	-0.026324	-0.108879	-0.084514	-0.088655	-0.061063	-0.062138	-0.064169	-0.097244	-0.089797	-0.055618	-0.070195	-0.036368	-0.054837	-0.070919	-0.104002	-0.061376	-0.060300	-0.103328	-0.064542	-0.027730	-0.034080	-0.092875	-0.055741	-0.102131	-0.058709	-0.042873	-0.041959	-0.111584	-0.054398	-0.045481	-0.063796	-0.048801	-0.049326	-0.102593	-0.072000	-0.053834	-0.105405	-0.104213	-0.086174	-0.042184	-0.098754	-0.067552	-0.093579	-0.054615	-0.063131	-0.091550	-0.092711	-0.093291	-0.060361	-0.078468	-0.064220	-0.110916	
0.228841	0.240852	-0.042612	-0.057048	-0.046146	0.221109	1.118456	-0.012933	-0.047753	0.188542	0.200483	0.196527	0.210553	-0.061538	0.191681	0.199125	0.198176	0.227367	-0.044590	0.228150	-0.050076	0.235723	0.203709	0.223146	0.189374	0.181982	-0.042654	-0.045354	-0.041686	0.176632	0.181313	0.179180	0.205749	0.210442	0.189454	0.194174	-0.086314	-0.106553	-0.077083	-0.030212	-0.084864	-0.038397	-0.086181	-0.078970	-0.020360	-0.087930	-0.096359	-0.072798	-0.024139	-0.082804	-0.086358	-0.091183	-0.070732	-0.081119	-0.090817	-0.087260	-0.079412	-0.080913	-0.041328	-0.076069	-0.023337	-0.090212	-0.083052	-0.029949	-0.073830	-0.063077	-0.027632	-0.100161	-0.065742	-0.088532	-0.046587	-0.056182	-0.050610	-0.095000	-0.075100	-0.034432	-0.055907	-0.043675	-0.054778	-0.052543	-0.076227	-0.029467	-0.032006	-0.082799	-0.057662	-0.021004	-0.064562	-0.078193	-0.038735	-0.083227	-0.045440	-0.022143	-0.043944	-0.083807	-0.027578	-0.058063	-0.035920	-0.043383	-0.045834	-0.075754	-0.092035	-0.046014	-0.092323	-0.109987	-0.077082	-0.014455	-0.071685	-0.029799	-0.097868	-0.033083	-0.039724	-0.102755	-0.105483	-0.096602	-0.040016	-0.053468	-0.036391	-0.078332	
-0.056986	-0.035744	-0.023735	-0.013138	-0.038959	-0.040507	-0.012933	0.979218	-0.021569	-0.050838	-0.038587	-0.043052	-0.038474	-0.015227	-0.063276	-0.038523	-0.044654	-0.038828	-0.022789	-0.024762	-0.028212	-0.030593	-0.031947	-0.052224	-0.038258	-0.046584	-0.002303	0.001087	-0.014563	-0.061253	-0.052285	-0.041719	-0.035893	-0.027923	-0.053238	-0.061970	-0.041855	-0.044684	-0.029117	0.027514	-0.020653	0.028890	-0.019278	-0.023427	0.064677	-0.011653	-0.011120	-0.022557	0.020696	-0.003314	-0.007841	-0.004139	-0.011426	-0.012193	-0.027307	-0.017493	-0.027567	-0.015314	0.024417	-0.033491	0.043276	-0.022010	-0.017479	0.017723	-0.022843	0.023638	0.039466	-0.024196	-0.026549	-0.000794	0.014180	0.026478	0.035783	-0.020980	0.000317	0.011561	0.004206	-0.011599	-0.005096	0.010903	-0.024410	0.023734	0.046473	-0.005394	-0.041329	0.010494	0.044422	-0.029084	0.049874	-0.000310	0.016630	-0.002084	0.015495	-0.029496	0.031054	0.036775	0.046494	0.041882	0.058270	-0.016375	-0.042153	0.027568	-0.030492	-0.016290	-0.019725	0.047214	-0.002160	0.055233	-0.033806	0.033612	0.041670	-0.030364	-0.034756	-0.028904	0.025933	0.010512	0.029655	-0.038898	
-0.072387	-0.068488	0.177712	0.189772	0.176521	-0.059983	-0.047753	-0.021569	1.038601	-0.091881	-0.078747	-0.094216	-0.068339	0.174063	-0.047142	-0.034459	-0.068067	-0.049678	0.162714	-0.073960	0.168325	-0.074858	-0.059424	-0.056438	-0.073170	-0.072737	0.025452	0.035969	0.024491	-0.042046	-0.071014	-0.057440	-0.063489	-0.053337	-0.062447	-0.047888	-0.013423	-0.013416	-0.007837	-0.033881	-0.012428	-0.023597	-0.002610	-0.000009	-0.030884	-0.001065	0.030589	-0.008326	-0.047772	0.007587	0.014302	0.014680	0.015887	-0.003097	0.019649	0.009170	-0.003871	0.016515	-0.022321	0.006031	-0.045324	0.004524	-0.014652	-0.004672	0.002885	-0.023738	-0.039955	0.002393	-0.001785	0.000464	-0.042469	-0.031427	-0.034715	0.005231	-0.017174	-0.036719	-0.029074	0.020381	0.009979	0.000660	0.003594	-0.038130	-0.039049	-0.000044	0.191916	-0.022492	-0.027397	0.021244	-0.031102	0.016209	-0.034532	0.002085	-0.036173	-0.007863	-0.037019	-0.026495	-0.025595	-0.022913	-0.038500	0.028399	0.000092	-0.041593	0.008348	0.002676	0.012114	-0.032390	0.009552	-0.052605	0.010153	-0.014784	-0.031765	-0.013675	0.007715	0.006771	-0.028426	-0.012804	-0.037288	-0.015458	
0.318001	0.300824	-0.078610	-0.063595	-0.093321	0.298257	0.188542	-0.050838	-0.091881	1.155589	0.752672	0.769060	0.204049	-0.075256	0.309557	0.268049	0.271146	0.205973	-0.068283	0.220782	-0.071689	0.197898	0.167373	0.192178	0.278704	0.333388	-0.058218	-0.034107	-0.029906	0.165366	0.304999	0.184016	0.180199	0.193476	0.170060	0.310040	-0.109871	-0.122509	-0.094428	-0.058009	-0.090257	-0.067794	-0.110514	-0.116926	-0.078265	-0.092746	-0.099185	-0.113906	-0.061470	-0.113734	-0.099317	-0.100976	-0.108597	-0.118806	-0.112880	-0.098928	-0.110254	-0.080625	-0.060028	-0.092929	-0.063983	-0.099972	-0.096340	-0.075494	-0.100611	-0.086048	-0.058504	-0.102436	-0.087924	-0.096290	-0.070693	-0.068929	-0.072086	-0.105089	-0.097939	-0.065086	-0.071836	-0.051074	-0.056393	-0.060798	-0.080784	-0.051107	-0.036166	-0.101747	-0.071615	-0.042678	-0.064853	-0.088177	-0.046463	-0.082981	-0.084061	-0.064948	-0.052067	-0.106764	-0.065690	-0.078041	-0.069860	-0.068182	-0.063526	-0.111288	-0.105157	-0.061958	-0.103791	-0.102193	-0.084855	-0.054048	-0.106098	-0.041769	-0.112916	-0.071160	-0.044234	-0.110492	-0.116782	-0.115202	-0.062151	-0.083690	-0.064121	-0.101313	
0.313388	0.300570	-0.067809	-0.069671	-0.083547	0.270960	0.200483	-0.038587	-0.078747	0.752672	1.154757	0.759431	0.219364	-0.054269	0.305113	0.263974	0.296453	0.215450	-0.078195	0.206935	-0.062199	0.177688	0.178591	0.207361	0.248184	0.315300	-0.059307	-0.047594	-0.035850	0.175044	0.267210	0.190487	0.166407	0.165931	0.161630	0.277811	-0.115466	-0.118140	-0.107673	-0.051823	-0.085386	-0.052992	-0.103101	-0.106010	-0.079154	-0.085227	-0.092341	-0.105753	-0.061417	-0.116619	-0.104136	-0.104002	-0.115101	-0.104815	-0.099404	-0.102673	-0.105180	-0.089250	-0.077992	-0.100388	-0.064540	-0.106903	-0.095198	-0.056062	-0.087295	-0.079529	-0.038880	-0.104046	-0.093276	-0.087273	-0.074251	-0.066886	-0.063438	-0.086152	-0.086558	-0.062419	-0.067880	-0.054939	-0.055671	-0.062351	-0.088300	-0.057806	-0.049969	-0.096942	-0.075813	-0.049390	-0.060690	-0.088535	-0.049024	-0.090303	-0.079193	-0.053451	-0.046957	-0.121307	-0.064341	-0.070345	-0.069837	-0.042352	-0.075357	-0.117973	-0.105771	-0.079259	-0.105522	-0.106212	-0.097056	-0.052718	-0.116950	-0.045196	-0.106557	-0.065589	-0.055441	-0.109354	-0.106125	-0.106677	-0.057759	-0.072035	-0.060731	-0.110016	
0.341541	0.298041	-0.067330	-0.071728	-0.086348	0.317533	0.196527	-0.043052	-0.094216	0.769060	0.759431	1.172821	0.191976	-0.057722	0.314170	0.273129	0.296868	0.207738	-0.076811	0.222721	-0.075022	0.178265	0.204388	0.196346	0.289069	0.317423	-0.053498	-0.033080	-0.031288	0.178813	0.299442	0.182920	0.195329	0.161760	0.167113	0.305678	-0.108831	-0.106309	-0.106221	-0.059697	-0.113377	-0.064232	-0.096483	-0.095066	-0.072554	-0.086735	-0.093952	-0.094596	-0.056715	-0.113987	-0.116134	-0.088861	-0.123879	-0.100465	-0.114745	-0.100517	-0.103006	-0.089673	-0.069002	-0.106441	-0.073727	-0.108429	-0.105273	-0.078298	-0.094415	-0.081113	-0.043319	-0.109745	-0.091630	-0.087623	-0.065959	-0.078724	-0.078010	-0.093801	-0.105369	-0.074490	-0.064179	-0.066720	-0.068470	-0.063916	-0.105007	-0.067732	-0.051627	-0.109888	-0.078152	-0.050795	-0.077853	-0.104325	-0.053744	-0.091436	-0.068541	-0.059252	-0.048955	-0.104003	-0.081238	-0.072727	-0.067851	-0.064418	-0.075308	-0.114685	-0.097725	-0.084220	-0.110524	-0.108079	-0.095940	-0.059939	-0.099561	-0.040970	-0.109686	-0.079196	-0.058940	-0.119438	-0.099864	-0.103777	-0.066578	-0.076306	-0.070849	-0.111224	
0.201830	0.233392	-0.077594	-0.067198	-0.061464	0.225645	0.210553	-0.038474	-0.068339	0.204049	0.219364	0.191976	1.143925	-0.062349	0.210724	0.205006	0.232069	0.187967	-0.044883	0.200122	-0.065029	0.217974	0.216251	0.176520	0.208253	0.214903	-0.031958	-0.029392	-0.025360	0.161340	0.186557	0.212413	0.179343	0.208494	0.194049	0.210673	-0.087110	-0.090720	-0.057000	-0.042725	-0.074767	-0.035670	-0.075174	-0.083813	-0.034967	-0.065305	-0.072909	-0.095951	-0.038302	-0.072690	-0.078416	-0.097273	-0.084694	-0.083323	-0.063654	-0.075149	-0.083787	-0.066407	-0.065553	-0.089448	-0.063314	-0.089775	-0.083782	-0.042934	-0.085317	-0.058925	-0.041771	-0.080543	-0.071021	-0.074022	-0.039284	-0.049353	-0.049724	-0.074201	-0.070722	-0.043591	-0.063639	-0.043495	-0.044830	-0.061255	-0.072545	-0.041885	-0.054773	-0.083672	-0.053683	-0.037291	-0.026387	-0.085563	-0.057133	-0.073277	-0.043693	-0.016427	-0.061291	-0.093648	-0.050508	-0.035173	-0.057669	-0.018224	-0.052063	-0.079850	-0.052857	-0.039949	-0.066027	-0.069445	-0.069117	-0.035040	-0.095379	-0.044022	-0.079439	-0.041284	-0.051026	-0.081864	-0.076846	-0.077903	-0.036879	-0.070289	-0.041687	-0.081169	
-0.073188	-0.060976	0.206075	0.189535	0.166216	-0.072261	-0.061538	-0.015227	0.174063	-0.075256	-0.054269	-0.057722	-0.062349	1.035135	-0.074532	-0.059032	-0.071942	-0.044582	0.206948	-0.074505	0.181550	-0.083088	-0.067865	-0.059018	-0.083060	-0.067414	-0.000536	-0.004956	0.002800	-0.031667	-0.077737	-0.065738	-0.090650	-0.073118	-0.062151	-0.055975	-0.001432	-0.013169	0.001157	-0.022528	0.001535	-0.021691	0.004991	0.006138	-0.021836	-0.010243	0.009733	0.000568	-0.030533	0.030886	-0.003864	0.011756	-0.010424	-0.015698	0.023006	0.018549	-0.006547	0.003289	-0.037029	0.004813	-0.053549	0.010721	-0.006789	-0.029636	-0.011963	-0.010117	-0.031062	0.005766	0.009164	0.011289	-0.036637	-0.035618	-0.022343	0.011029	0.004634	-0.040014	-0.006727	0.010577	0.010430	-0.029228	-0.013058	-0.048733	-0.029925	-0.026854	0.171786	-0.019778	-0.014601	0.035680	-0.050162	0.035022	-0.025570	0.011120	-0.013103	-0.001945	-0.040132	-0.012957	-0.050898	-0.011786	-0.040244	0.007240	-0.007090	-0.019975	0.013134	0.020767	0.006990	-0.022591	0.001128	-0.052344	-0.003665	-0.039779	-0.036050	0.013329	0.001946	-0.009910	-0.022842	-0.005082	-0.024093	0.004899	
0.307168	0.324621	-0.062828	-0.049786	-0.069103	0.311293	0.191681	-0.063276	-0.047142	0.309557	0.305113	0.314170	0.210724	-0.074532	1.228284	0.284991	0.300884	0.280945	-0.074735	0.214920	-0.065318	0.167836	0.204149	0.201326	0.283740	0.283783	-0.045029	-0.031184	-0.053688	0.163526	0.253339	0.205875	0.168613	0.183561	0.145750	0.279945	-0.080462	-0.079369	-0.073263	-0.058670	-0.110226	-0.055615	-0.110021	-0.106394	-0.052176	-0.087530	-0.101730	-0.098195	-0.054810	-0.098909	-0.099468	-0.093618	-0.091172	-0.095927	-0.090397	-0.085866	-0.096740	-0.088572	-0.053183	-0.088578	-0.056888	-0.109339	-0.106546	-0.042920	-0.075845	-0.064777	-0.042563	-0.101757	-0.094897	-0.072764	-0.063826	-0.069341	-0.069501	-0.098499	-0.080986	-0.058039	-0.089419	-0.056706	-0.061081	-0.080110	-0.096475	-0.046540	-0.071708	-0.094764	-0.063543	-0.023575	-0.051426	-0.091072	-0.039862	-0.096226	-0.066355	-0.044016	-0.057020	-0.083588	-0.059931	-0.057213	-0.051247	-0.049327	-0.025090	-0.105107	-0.110760	-0.086039	-0.107363	-0.095260	-0.096194	-0.035560	-0.096785	-0.060484	-0.119590	-0.016048	-0.055945	-0.094176	-0.085730	-0.102112	-0.049479	-0.074741	-0.031107	-0.089044	
0.307190	0.301180	-0.070556	-0.076343	-0.075259	0.308188	0.199125	-0.038523	-0.034459	0.268049	0.263974	0.273129	0.205006	-0.059032	0.284991	1.176531	0.280668	0.197036	-0.044933	0.174874	-0.063973	0.208372	0.197017	0.209174	0.271209	0.315555	-0.043647	-0.026063	-0.033367	0.170611	0.273067	0.153011	0.204271	0.197045	0.129611	0.309675	-0.103210	-0.089893	-0.087764	-0.037920	-0.086815	-0.056946	-0.082509	-0.089017	-0.044180	-0.083989	-0.093597	-0.081439	-0.042726	-0.097502	-0.095926	-0.092220	-0.095666	-0.069236	-0.099829	-0.087674	-0.098923	-0.084971	-0.057184	-0.116693	-0.061354	-0.107356	-0.097761	-0.026701	-0.103895	-0.053951	-0.031719	-0.102757	-0.074748	-0.087129	-0.064316	-0.067409	-0.055616	-0.082830	-0.079760	-0.054727	-0.078247	-0.035300	-0.033259	-0.069315	-0.113432	-0.054380	-0.049931	-0.100464	-0.048659	-0.049803	-0.046339	-0.082566	-0.045109	-0.083776	-0.058279	-0.032250	-0.059512	-0.098627	-0.068809	-0.061932	-0.066735	-0.058046	-0.047043	-0.108046	-0.078089	-0.075122	-0.104363	-0.091435	-0.088538	-0.051159	-0.083529	-0.047504	-0.103457	-0.040921	-0.033669	-0.103244	-0.080925	-0.083754	-0.027767	-0.077925	-0.029776	-0.092412	
0.292041	0.311950	-0.077390	-0.086704	-0.077772	0.292325	0.198176	-0.044654	-0.068067	0.271146	0.296453	0.296868	0.232069	-0.071942	0.300884	0.280668	1.206090	0.240592	-0.068772	0.219508	-0.087266	0.206345	0.232516	0.180382	0.261650	0.319629	-0.030571	-0.024572	-0.032682	0.201704	0.267814	0.218789	0.192730	0.182364	0.185982	0.281641	-0.100778	-0.105051	-0.083359	-0.053182	-0.087868	-0.066777	-0.090238	-0.097945	-0.051584	-0.085850	-0.086745	-0.094793	-0.056449	-0.096183	-0.094286	-0.080747	-0.107659	-0.100891	-0.100072	-0.096818	-0.091675	-0.077785	-0.059804	-0.107371	-0.050667	-0.099830	-0.111397	-0.038346	-0.078120	-0.057793	-0.053729	-0.090143	-0.099227	-0.088426	-0.053343	-0.050803	-0.039169	-0.086708	-0.093591	-0.060287	-0.070898	-0.062478	-0.067803	-0.061997	-0.093062	-0.056114	-0.037899	-0.097375	-0.080921	-0.020001	-0.072325	-0.086703	-0.046733	-0.097529	-0.071333	-0.047428	-0.054749	-0.098771	-0.037706	-0.057009	-0.064220	-0.051757	-0.063476	-0.086716	-0.069800	-0.056143	-0.088382	-0.091088	-0.105451	-0.061545	-0.082210	-0.032978	-0.090299	-0.036934	-0.034356	-0.080900	-0.096478	-0.098784	-0.051057	-0.050310	-0.035575	-0.098232	
0.184424	0.190393	-0.060138	-0.056537	-0.028988	0.247535	0.227367	-0.038828	-0.049678	0.205973	0.215450	0.207738	0.187967	-0.044582	0.280945	0.197036	0.240592	1.070239	-0.051853	0.183565	-0.051782	0.202268	0.223691	0.214783	0.160639	0.180448	-0.035328	-0.029888	-0.031450	0.164058	0.178490	0.222133	0.168725	0.179079	0.128919	0.199901	-0.098371	-0.104822	-0.075407	-0.045064	-0.093933	-0.029754	-0.075968	-0.073036	-0.024684	-0.070277	-0.076711	-0.076872	-0.035416	-0.082556	-0.086102	-0.072515	-0.080051	-0.081683	-0.098946	-0.080800	-0.082520	-0.059294	-0.029088	-0.086014	-0.046983	-0.075438	-0.072993	-0.016906	-0.080360	-0.055262	-0.030158	-0.086368	-0.079974	-0.064497	-0.041247	-0.060811	-0.046499	-0.089896	-0.090719	-0.041919	-0.070701	-0.052130	-0.071240	-0.074620	-0.088746	-0.059400	-0.061200	-0.100787	-0.069614	0.002451	-0.021968	-0.071587	-0.053142	-0.098113	-0.065359	-0.041622	-0.042567	-0.100260	-0.045856	-0.040720	-0.044641	-0.035309	-0.050364	-0.086623	-0.067328	-0.046207	-0.094707	-0.098603	-0.060160	-0.022671	-0.072139	-0.036642	-0.082435	-0.027157	-0.026523	-0.090590	-0.061430	-0.062589	-0.045770	-0.048053	-0.017282	-0.090877	
-0.073353	-0.071795	0.194283	0.178494	0.175958	-0.060671	-0.044590	-0.022789	0.162714	-0.068283	-0.078195	-0.076811	-0.044883	0.206948	-0.074735	-0.044933	-0.068772	-0.051853	1.057850	-0.055720	0.168500	-0.082765	-0.069635	-0.069634	-0.062252	-0.064701	0.029859	-0.002621	0.025213	-0.034625	-0.068381	-0.046748	-0.087499	-0.072323	-0.064677	-0.054990	-0.011669	-0.019705	-0.007986	-0.041173	-0.008953	-0.033568	-0.008107	-0.015577	-0.025259	-0.007092	-0.003743	-0.016473	-0.032868	0.021848	0.005148	0.006306	0.022461	0.000150	0.007744	0.031020	-0.015325	-0.006700	-0.025784	0.021886	-0.028488	0.013336	-0.008419	-0.008340	-0.013279	-0.008707	-0.022501	0.023043	-0.002627	0.002466	-0.027016	-0.050078	-0.045496	0.017227	-0.002777	-0.035666	-0.018400	0.013965	0.012961	-0.019050	0.003749	-0.039345	-0.051768	-0.016644	0.188962	-0.016220	-0.013556	0.010555	-0.040364	0.013516	-0.033138	0.023215	-0.027739	0.027394	-0.048274	-0.017823	-0.037782	-0.043813	-0.023352	-0.033950	0.007940	-0.031571	0.007039	-0.002246	0.029652	-0.021910	0.023982	-0.033433	0.005914	-0.038174	-0.023404	0.001380	-0.020745	-0.020489	-0.019328	-0.024344	-0.014291	-0.006497	
0.208322	0.209003	-0.095846	-0.062915	-0.070657	0.220197	0.228150	-0.024762	-0.073960	0.220782	0.206935	0.222721	0.200122	-0.074505	0.214920	0.174874	0.219508	0.183565	-0.055720	1.130227	-0.060082	0.223183	0.231517	0.233265	0.231417	0.217176	-0.026253	-0.039243	-0.041131	0.243251	0.232787	0.202044	0.254370	0.230142	0.229920	0.200171	-0.089093	-0.102807	-0.091080	-0.027256	-0.084573	-0.042728	-0.098006	-0.105922	-0.062653	-0.070236	-0.083674	-0.098658	-0.048776	-0.089283	-0.092353	-0.104041	-0.101942	-0.092776	-0.098596	-0.072868	-0.088638	-0.076481	-0.020683	-0.080707	-0.019811	-0.082905	-0.086414	-0.033919	-0.089030	-0.060631	-0.049284	-0.092913	-0.085986	-0.068574	-0.048693	-0.057718	-0.037700	-0.095726	-0.096423	-0.020001	-0.051458	-0.039987	-0.041904	-0.042569	-0.067665	-0.029443	-0.050493	-0.102814	-0.067147	-0.030155	-0.043605	-0.088019	-0.048345	-0.095938	-0.050960	-0.023108	-0.055139	-0.082201	-0.047107	-0.042379	-0.042389	-0.049853	-0.038470	-0.084473	-0.074619	-0.025472	-0.079666	-0.080284	-0.065592	-0.028415	-0.082001	-0.004238	-0.104921	-0.050959	-0.050067	-0.068164	-0.076698	-0.071971	-0.046752	-0.080940	-0.040588	-0.088920	
-0.059280	-0.065553	0.180766	0.178462	0.183538	-0.064686	-0.050076	-0.028212	0.168325	-0.071689	-0.062199	-0.075022	-0.065029	0.181550	-0.065318	-0.063973	-0.087266	-0.051782	0.168500	-0.060082	1.010630	-0.061605	-0.064994	-0.069818	-0.081869	-0.068890	0.028491	0.038042	0.039806	-0.072323	-0.070535	-0.044917	-0.067152	-0.063746	-0.061673	-0.067804	-0.012852	0.001785	0.008607	-0.035292	0.003190	-0.034430	0.004273	-0.006291	-0.033306	0.024231	0.023736	-0.018504	-0.033394	0.000957	0.013242	-0.001731	0.011762	-0.015714	0.010133	0.024927	0.002313	0.007990	-0.020472	0.020634	-0.046110	-0.016484	-0.027638	-0.035780	-0.000163	-0.009493	-0.037971	0.022430	0.016927	-0.000356	-0.016759	-0.045577	-0.055887	0.005091	-0.004744	-0.041692	-0.019156	0.005329	0.014018	-0.019170	0.032284	-0.043151	-0.028476	0.005312	0.167319	-0.033338	-0.024519	0.036703	-0.028159	0.016470	-0.048659	0.029338	-0.036227	0.011813	-0.019008	-0.018262	-0.052251	-0.039585	-0.042550	0.009564	-0.005420	-0.025190	-0.000672	-0.003479	0.021848	-0.016227	0.046387	-0.031912	-0.016393	-0.049390	-0.023592	0.001217	0.003593	0.004444	-0.033514	-0.022917	-0.047314	0.003925	
0.185922	0.189958	-0.074848	-0.083061	-0.079326	0.235055	0.235723	-0.030593	-0.074858	0.197898	0.177688	0.178265	0.217974	-0.083088	0.167836	0.208372	0.206345	0.202268	-0.082765	0.223183	-0.061605	1.111640	0.206251	0.217262	0.182787	0.224811	-0.030382	-0.025234	-0.036126	0.198881	0.197927	0.217057	0.238602	0.224246	0.221530	0.207347	-0.094767	-0.089495	-0.080216	-0.048399	-0.052973	-0.061900	-0.073767	-0.083117	-0.049585	-0.081141	-0.095674	-0.090532	-0.041663	-0.094331	-0.083482	-0.069149	-0.092147	-0.084853	-0.090730	-0.067938	-0.090721	-0.058043	-0.025187	-0.067549	-0.020479	-0.102276	-0.081101	-0.043256	-0.085859	-0.062365	-0.031461	-0.098301	-0.071231	-0.095136	-0.038231	-0.047301	-0.033691	-0.097841	-0.071294	-0.032131	-0.077510	-0.039040	-0.037844	-0.057997	-0.068806	-0.039907	-0.034253	-0.093976	-0.079221	-0.035210	-0.041014	-0.076734	-0.050364	-0.085345	-0.047885	-0.013271	-0.024287	-0.078632	-0.020316	-0.034677	-0.025340	-0.037469	-0.054834	-0.083296	-0.075765	-0.011898	-0.078539	-0.076279	-0.079057	-0.029488	-0.082851	-0.022295	-0.080405	-0.022320	-0.030639	-0.076646	-0.087707	-0.076966	-0.040332	-0.068717	-0.045617	-0.096516	
0.210696	0.190168	-0.081109	-0.057823	-0.076881	0.176587	0.203709	-0.031947	-0.059424	0.167373	0.178591	0.204388	0.216251	-0.067865	0.204149	0.197017	0.232516	0.223691	-0.069635	0.231517	-0.064994	0.206251	1.170597	0.220903	0.205387	0.191286	-0.023107	-0.026718	-0.041433	0.208869	0.206034	0.186791	0.211393	0.203926	0.184993	0.180251	-0.083845	-0.078053	-0.068661	-0.049352	-0.100616	-0.024167	-0.091755	-0.090230	-0.036044	-0.084763	-0.066319	-0.092190	-0.015866	-0.097986	-0.096635	-0.102552	-0.073377	-0.073964	-0.089235	-0.076212	-0.067325	-0.068761	-0.028277	-0.077961	-0.040860	-0.085705	-0.083497	-0.023730	-0.073656	-0.050943	-0.040711	-0.092390	-0.073577	-0.088004	-0.041351	-0.070606	-0.061297	-0.065308	-0.067406	-0.029094	-0.076691	-0.040479	-0.026728	-0.050454	-0.052705	-0.030048	-0.046092	-0.086458	-0.051441	-0.015875	-0.051471	-0.085505	-0.034063	-0.075758	-0.036818	-0.022695	-0.038781	-0.087796	-0.049386	-0.042441	-0.037656	-0.048017	-0.033297	-0.094518	-0.071459	-0.048893	-0.094599	-0.096035	-0.075947	-0.022857	-0.066642	-0.020703	-0.057896	-0.039515	-0.033345	-0.061588	-0.086493	-0.083242	-0.040243	-0.057897	-0.050748	-0.078755	
0.196811	0.190782	-0.062931	-0.062985	-0.075202	0.168540	0.223146	-0.052224	-0.056438	0.192178	0.207361	0.196346	0.176520	-0.059018	0.201326	0.209174	0.180382	0.214783	-0.069634	0.233265	-0.069818	0.217262	0.220903	1.085378	0.227805	0.202047	-0.032222	-0.023223	-0.021697	0.187371	0.185847	0.209365	0.204608	0.212394	0.216213	0.197110	-0.088443	-0.104766	-0.071592	-0.039084	-0.084208	-0.023602	-0.087444	-0.085503	-0.043753	-0.072425	-0.076932	-0.095464	-0.037999	-0.090944	-0.083917	-0.111968	-0.074802	-0.096387	-0.094001	-0.078138	-0.079874	-0.077265	-0.024339	-0.077364	-0.030788	-0.074701	-0.065841	-0.025607	-0.052091	-0.065235	-0.028565	-0.081834	-0.081738	-0.084855	-0.052312	-0.035872	-0.036313	-0.074860	-0.070760	-0.046981	-0.047328	-0.035626	-0.051994	-0.036600	-0.072787	-0.034790	-0.058487	-0.074124	-0.063898	-0.052674	-0.055796	-0.060897	-0.046969	-0.069512	-0.033617	-0.039007	-0.040643	-0.085602	-0.035038	-0.039455	-0.043743	-0.029149	-0.042210	-0.063466	-0.061987	-0.046031	-0.097260	-0.099080	-0.062001	-0.037841	-0.073061	-0.019832	-0.079279	-0.037081	-0.044801	-0.076110	-0.080363	-0.073181	-0.030185	-0.048607	-0.033651	-0.087575	
0.268546	0.291265	-0.088981	-0.086474	-0.098908	0.285422	0.189374	-0.038258	-0.073170	0.278704	0.248184	0.289069	0.208253	-0.083060	0.283740	0.271209	0.261650	0.160639	-0.062252	0.231417	-0.081869	0.182787	0.205387	0.227805	1.150353	0.302195	-0.042929	-0.022618	-0.034653	0.186023	0.306117	0.181227	0.195821	0.198840	0.194827	0.273162	-0.106267	-0.105487	-0.088119	-0.044635	-0.081094	-0.042609	-0.095597	-0.084813	-0.056740	-0.084566	-0.098111	-0.091599	-0.041806	-0.099192	-0.080701	-0.099674	-0.102428	-0.097449	-0.099872	-0.095440	-0.083377	-0.100768	-0.041256	-0.086976	-0.056322	-0.105464	-0.085365	-0.032953	-0.092916	-0.064674	-0.055247	-0.097391	-0.079591	-0.089043	-0.051596	-0.046631	-0.048639	-0.099819	-0.074956	-0.061664	-0.078087	-0.043484	-0.036595	-0.074954	-0.085159	-0.041890	-0.040908	-0.094303	-0.071699	-0.037440	-0.059134	-0.096684	-0.047143	-0.062173	-0.040524	-0.037330	-0.052674	-0.090193	-0.032375	-0.045958	-0.035824	-0.055230	-0.045376	-0.082919	-0.054842	-0.056562	-0.088702	-0.094428	-0.074982	-0.039375	-0.103200	-0.048937	-0.087466	-0.026361	-0.026974	-0.077595	-0.092752	-0.100859	-0.049784	-0.063272	-0.057494	-0.097457	
0.338250	0.322622	-0.091488	-0.076790	-0.090934	0.319044	0.181982	-0.046584	-0.072737	0.333388	0.315300	0.317423	0.214903	-0.067414	0.283783	0.315555	0.319629	0.180448	-0.064701	0.217176	-0.068890	0.224811	0.191286	0.202047	0.302195	1.230588	-0.058616	-0.057543	-0.054351	0.187801	0.311261	0.173292	0.186318	0.198713	0.168145	0.319169	-0.108224	-0.102345	-0.103411	-0.043457	-0.101824	-0.032872	-0.119561	-0.112146	-0.051336	-0.091106	-0.112833	-0.109195	-0.036327	-0.097518	-0.099144	-0.114212	-0.102176	-0.099893	-0.101904	-0.085791	-0.101551	-0.084944	-0.053941	-0.091027	-0.050837	-0.090738	-0.091100	-0.059279	-0.097948	-0.064002	-0.052835	-0.104210	-0.086173	-0.102274	-0.057506	-0.039747	-0.028133	-0.099750	-0.081318	-0.039145	-0.079821	-0.040127	-0.039321	-0.066802	-0.086301	-0.048191	-0.047022	-0.095098	-0.069641	-0.053227	-0.032941	-0.085875	-0.056908	-0.098021	-0.042752	-0.056775	-0.059302	-0.091039	-0.064565	-0.046049	-0.055064	-0.058632	-0.057088	-0.103887	-0.077437	-0.054497	-0.092670	-0.101795	-0.089773	-0.039294	-0.083518	-0.055222	-0.105745	-0.057227	-0.051567	-0.095637	-0.100603	-0.090686	-0.045268	-0.078352	-0.050487	-0.099162	
-0.049217	-0.063427	-0.008139	0.003978	0.029845	-0.044343	-0.042654	-0.002303	0.025452	-0.058218	-0.059307	-0.053498	-0.031958	-0.000536	-0.045029	-0.043647	-0.030571	-0.035328	0.029859	-0.026253	0.028491	-0.030382	-0.023107	-0.032222	-0.042929	-0.058616	0.964127	0.586811	0.579879	-0.014302	-0.063874	-0.040332	-0.033064	-0.036506	-0.037135	-0.067533	-0.022624	-0.042024	-0.030878	-0.027483	-0.019299	-0.002394	-0.032593	-0.019857	-0.013387	-0.007864	-0.043294	-0.020104	-0.025447	-0.018534	-0.042959	-0.029917	-0.005232	-0.033759	-0.011546	-0.027002	-0.036045	-0.035821	0.002154	-0.023364	0.017343	-0.019389	-0.044389	0.001676	-0.018723	0.002199	-0.019412	-0.039005	-0.030769	-0.022551	-0.022865	-0.004154	0.008511	-0.046286	-0.056770	-0.012704	-0.028307	0.111671	0.121796	-0.007858	-0.019495	-0.001804	-0.030815	-0.029881	0.010617	-0.001771	-0.017390	-0.025824	-0.002649	-0.033922	-0.021978	0.119186	-0.006136	-0.030529	-0.001560	0.005380	0.003501	-0.020406	-0.009616	-0.018982	-0.031875	-0.011904	-0.042716	-0.043043	-0.015074	-0.008655	-0.037187	-0.009435	-0.009365	-0.024815	-0.021817	-0.046598	-0.042905	-0.046976	-0.004347	-0.029675	-0.008946	-0.015053	
-0.032092	-0.054177	-0.014065	-0.012703	0.037651	-0.019681	-0.045354	0.001087	0.035969	-0.034107	-0.047594	-0.033080	-0.029392	-0.004956	-0.031184	-0.026063	-0.024572	-0.029888	-0.002621	-0.039243	0.038042	-0.025234	-0.026718	-0.023223	-0.022618	-0.057543	0.586811	0.991882	0.565425	-0.022797	-0.041555	-0.030504	-0.045106	-0.024374	-0.023897	-0.059606	-0.035874	-0.034775	-0.021482	-0.017662	-0.020441	0.004212	-0.047503	-0.033741	-0.005503	-0.020413	-0.043468	-0.026962	-0.003670	-0.022186	-0.057242	-0.029496	-0.033320	-0.056533	-0.022994	-0.041300	-0.035756	-0.045527	0.007152	-0.015112	0.013310	-0.036050	-0.035263	-0.001263	-0.039251	-0.008397	-0.002922	-0.037999	-0.019807	-0.022927	-0.016478	-0.018206	-0.017599	-0.052496	-0.048017	-0.008625	-0.029783	0.116757	0.116133	-0.007331	-0.028306	0.006840	-0.030919	-0.042880	0.008393	-0.009965	-0.006090	-0.033741	-0.013705	-0.022636	-0.007655	0.119280	-0.011832	-0.028473	-0.007656	0.003657	0.003016	-0.010270	-0.002246	-0.032593	-0.039098	-0.016703	-0.047499	-0.050165	-0.020093	-0.006578	-0.034057	-0.007350	-0.029449	-0.008797	-0.019017	-0.057201	-0.041559	-0.042549	-0.010161	-0.023584	-0.023751	-0.029649	
-0.049444	-0.049685	-0.002510	0.013825	0.023114	-0.028410	-0.041686	-0.014563	0.024491	-0.029906	-0.035850	-0.031288	-0.025360	0.002800	-0.053688	-0.033367	-0.032682	-0.031450	0.025213	-0.041131	0.039806	-0.036126	-0.041433	-0.021697	-0.034653	-0.054351	0.579879	0.565425	0.973677	-0.026506	-0.055481	-0.029798	-0.036272	-0.029045	-0.024041	-0.065336	-0.035071	-0.040997	-0.024902	-0.010952	-0.024006	-0.002962	-0.041901	-0.024360	-0.008461	-0.017660	-0.054599	-0.034260	-0.008846	-0.029492	-0.042748	-0.033386	-0.019617	-0.043474	-0.022416	-0.032985	-0.029338	-0.047808	-0.018109	-0.018808	-0.003536	-0.033330	-0.048180	-0.002634	-0.030678	-0.012206	-0.014536	-0.038407	-0.012584	-0.023243	-0.014515	-0.000883	0.006021	-0.045501	-0.047032	-0.009336	-0.035595	0.119865	0.131647	-0.018338	-0.034385	0.005249	-0.023036	-0.035382	0.017333	0.007388	-0.014595	-0.032881	-0.007557	-0.032856	-0.011822	0.126507	-0.011625	-0.031451	0.001672	0.011398	0.003201	-0.023621	-0.001213	-0.019637	-0.030640	-0.017649	-0.044815	-0.041600	-0.026728	-0.006951	-0.040562	-0.020473	-0.032038	-0.021564	-0.015950	-0.039593	-0.045446	-0.039287	-0.000507	-0.027756	-0.010023	-0.017541	
0.199643	0.193836	-0.030141	-0.052148	-0.035911	0.190014	0.176632	-0.061253	-0.042046	0.165366	0.175044	0.178813	0.161340	-0.031667	0.163526	0.170611	0.201704	0.164058	-0.034625	0.243251	-0.072323	0.198881	0.208869	0.187371	0.186023	0.187801	-0.014302	-0.022797	-0.026506	1.121471	0.175037	0.203905	0.244364	0.204342	0.236221	0.211688	-0.082989	-0.090852	-0.088617	-0.048730	-0.085332	-0.042013	-0.092097	-0.091719	-0.040070	-0.072788	-0.083991	-0.091111	-0.002200	-0.092127	-0.097717	-0.067212	-0.085509	-0.085236	-0.074273	-0.105512	-0.059951	-0.066156	-0.030499	-0.063972	-0.021295	-0.090132	-0.091821	-0.032088	-0.090557	-0.099384	-0.081632	-0.048700	-0.068684	-0.092239	-0.042337	-0.025948	-0.042665	-0.073550	-0.074113	-0.050424	-0.060620	-0.036681	-0.069530	-0.078250	-0.057330	-0.052088	-0.053660	-0.082709	-0.024652	-0.005960	-0.067544	-0.084021	-0.034638	-0.068009	-0.043785	-0.027798	-0.037188	-0.092457	-0.043647	-0.059160	-0.047695	-0.045461	-0.044266	-0.093316	-0.083067	-0.021613	-0.067728	-0.090489	-0.051098	-0.035763	-0.099533	-0.040052	-0.073180	-0.035904	-0.050261	-0.056035	-0.069130	-0.082093	-0.013568	-0.086602	-0.041061	-0.086355	
0.320732	0.320442	-0.075613	-0.072505	-0.087889	0.309897	0.181313	-0.052285	-0.071014	0.304999	0.267210	0.299442	0.186557	-0.077737	0.253339	0.273067	0.267814	0.178490	-0.068381	0.232787	-0.070535	0.197927	0.206034	0.185847	0.306117	0.311261	-0.063874	-0.041555	-0.055481	0.175037	1.175037	0.204964	0.208368	0.163654	0.175525	0.333644	-0.111213	-0.097520	-0.110866	-0.054442	-0.092369	-0.046416	-0.097354	-0.099296	-0.055548	-0.064224	-0.112113	-0.090692	-0.046793	-0.088041	-0.100905	-0.113484	-0.088045	-0.096690	-0.101206	-0.094373	-0.081144	-0.084683	-0.045576	-0.085874	-0.059274	-0.102570	-0.091224	-0.031275	-0.079571	-0.068328	-0.058638	-0.099383	-0.086419	-0.076126	-0.056346	-0.066512	-0.061058	-0.105805	-0.084075	-0.042911	-0.085063	-0.043308	-0.049974	-0.067108	-0.093451	-0.044066	-0.044792	-0.094548	-0.063300	-0.028827	-0.056752	-0.084059	-0.052718	-0.114521	-0.049131	-0.044387	-0.043479	-0.080103	-0.032610	-0.063831	-0.059600	-0.042826	-0.045590	-0.088042	-0.071760	-0.053121	-0.091073	-0.091044	-0.077531	-0.041894	-0.084457	-0.053934	-0.113821	-0.021036	-0.054013	-0.089172	-0.084423	-0.097464	-0.063069	-0.061971	-0.062220	-0.084308	
0.212210	0.205465	-0.061120	-0.067453	-0.056832	0.213758	0.179180	-0.041719	-0.057440	0.184016	0.190487	0.182920	0.212413	-0.065738	0.205875	0.153011	0.218789	0.222133	-0.046748	0.202044	-0.044917	0.217057	0.186791	0.209365	0.181227	0.173292	-0.040332	-0.030504	-0.029798	0.203905	0.204964	1.093514	0.209960	0.205295	0.171321	0.178003	-0.081528	-0.095319	-0.086286	-0.045480	-0.068418	-0.024170	-0.091030	-0.074099	-0.035441	-0.060270	-0.088201	-0.089982	-0.039082	-0.088637	-0.087719	-0.072517	-0.089132	-0.044911	-0.086668	-0.091486	-0.084368	-0.061259	-0.041816	-0.069202	-0.032579	-0.083705	-0.080527	-0.028122	-0.068413	-0.068642	-0.036030	-0.070774	-0.065336	-0.087649	-0.050836	-0.044177	-0.044017	-0.093512	-0.076548	-0.069180	-0.064228	-0.036478	-0.051107	-0.049249	-0.056866	-0.039377	-0.036850	-0.081993	-0.056252	-0.031905	-0.032894	-0.059734	-0.022122	-0.073981	-0.055901	-0.035846	-0.031482	-0.095732	-0.020507	-0.012829	-0.028992	-0.032420	-0.017042	-0.055258	-0.066741	-0.017790	-0.085924	-0.094108	-0.081012	-0.027811	-0.081373	-0.026905	-0.093252	-0.043182	-0.044500	-0.054913	-0.079281	-0.077226	-0.056511	-0.059296	-0.042031	-0.099973	
0.199613	0.171723	-0.079315	-0.097625	-0.055012	0.211922	0.205749	-0.035893	-0.063489	0.180199	0.166407	0.195329	0.179343	-0.090650	0.168613	0.204271	0.192730	0.168725	-0.087499	0.254370	-0.067152	0.238602	0.211393	0.204608	0.195821	0.186318	-0.033064	-0.045106	-0.036272	0.244364	0.208368	0.209960	1.107164	0.244814	0.211306	0.167915	-0.079732	-0.083730	-0.081903	-0.054300	-0.081407	-0.047211	-0.081629	-0.081887	-0.041156	-0.056274	-0.080933	-0.087140	-0.056718	-0.083426	-0.081783	-0.090345	-0.078127	-0.093700	-0.106702	-0.089489	-0.072604	-0.066910	-0.034833	-0.072291	-0.034133	-0.103709	-0.081348	-0.020931	-0.084170	-0.069310	-0.040224	-0.076254	-0.085841	-0.073112	-0.059808	-0.031763	-0.030322	-0.088483	-0.065409	-0.025980	-0.054790	-0.045033	-0.052578	-0.060361	-0.063216	-0.037326	-0.036407	-0.071146	-0.062070	-0.004079	-0.041456	-0.056882	-0.031941	-0.078146	-0.033980	-0.009195	-0.032969	-0.067946	-0.030453	-0.058050	-0.033404	-0.040101	-0.013336	-0.054872	-0.048504	-0.031200	-0.077189	-0.088279	-0.080694	-0.049571	-0.084631	-0.017676	-0.084293	-0.042830	-0.049540	-0.074589	-0.073170	-0.086118	-0.056937	-0.068428	-0.053148	-0.060419	
0.186834	0.174223	-0.070671	-0.056639	-0.069296	0.192960	0.210442	-0.027923	-0.053337	0.193476	0.165931	0.161760	0.208494	-0.073118	0.183561	0.197045	0.182364	0.179079	-0.072323	0.230142	-0.063746	0.224246	0.203926	0.212394	0.198840	0.198713	-0.036506	-0.024374	-0.029045	0.204342	0.163654	0.205295	0.244814	1.113334	0.208270	0.206408	-0.091577	-0.104751	-0.079113	-0.032653	-0.071113	-0.028920	-0.080935	-0.082267	-0.037867	-0.064667	-0.069520	-0.067879	-0.032950	-0.091929	-0.047444	-0.085173	-0.064365	-0.086770	-0.074375	-0.083004	-0.078089	-0.055966	-0.049911	-0.061158	-0.030383	-0.091745	-0.074826	-0.033448	-0.076006	-0.055469	-0.044640	-0.076567	-0.083622	-0.077051	-0.042642	-0.039826	-0.048601	-0.070924	-0.069242	-0.060224	-0.058359	-0.062530	-0.058453	-0.059959	-0.052833	-0.054608	-0.062643	-0.077390	-0.065200	-0.040564	-0.051086	-0.080466	-0.054134	-0.095714	-0.026134	-0.023659	-0.034248	-0.068143	-0.028183	-0.032394	-0.055532	-0.026364	-0.046258	-0.055766	-0.064372	-0.050292	-0.079173	-0.071783	-0.077317	-0.032403	-0.088745	-0.023288	-0.087918	-0.029780	-0.043899	-0.039758	-0.094425	-0.091579	-0.031742	-0.088181	-0.052300	-0.097694	
