0.00000000099999999991 0.00000000099999999991 0.99999999799999994554 
0.00000000099999999990 0.00000000099999999990 0.99999999800000005656 
0.99999999800000005656 0.00000000099999999999 0.00000000099999999999 
0.97203717661067767786 0.00000000099999999998 0.02796282238932243716 
0.99999999799999994554 0.00000000099999999999 0.00000000099999999999 
0.00000000099999999989 0.00000000099999999989 0.99999999800000005656 
0.00000000099999999999 0.07601944490589145065 0.92398055409410861927 
0.00000014059826368407 0.99999897136330939684 0.00000088803842691947 
0.96499816282766759379 0.00000000099999999999 0.03500183617233249000 
0.00000000099999999991 0.00000000099999999991 0.99999999800000005656 
0.00000006965825968078 0.05506372429490982018 0.94493620604683048469 
0.96347611968991209164 0.00000000099999999999 0.03652387931008798522 
0.00000000099999999992 0.00000000099999999992 0.99999999799999994554 
0.00000000099999999992 0.00000000099999999992 0.99999999799999994554 
0.00000000099999999993 0.00000000099999999993 0.99999999800000005656 
0.00000000099999999999 0.09207914804964695277 0.90792085095035313103 
0.97824289407400111251 0.00000000099999999999 0.02175710492599891577 
0.00000000099999999998 0.00000000099999999998 0.99999999799999994554 
0.97757646617413729295 0.00000000099999999999 0.02242353282586264512 
0.00000000099999999999 0.04657957089958577462 0.95342042810041427447 
0.00000000100000000000 0.05890008154113372113 0.94109991745886634185 
0.00000000099999999999 0.03374859760444595680 0.96625140139555398822 
0.00000000099999999990 0.00000000099999999990 0.99999999800000005656 
0.00000000099999999989 0.00000000099999999989 0.99999999800000005656 
0.32674041265041597892 0.57269134248559561140 0.10056824486398836804 
0.00249943217685423503 0.00000016602084819712 0.99750040180229759823 
0.00000000099999999990 0.00000000099999999990 0.99999999799999994554 
0.00003236167540843977 0.04112730003955424735 0.95884033828503723029 
0.00000000099999999999 0.03804878763839707190 0.96195121136160288700 
0.03126224473868660647 0.00158903338582797211 0.96714872187548550642 
0.00000000100000000000 0.06766597094642340382 0.93233402805357667997 
0.00000000099999999988 0.00000000099999999988 0.99999999799999994554 
0.99605788982547638355 0.00394210917452366815 0.00000000099999999998 
0.94522788975568350356 0.05477210924431653860 0.00000000099999999998 
0.00000000099999999998 0.99999999800000005656 0.00000000099999999998 
0.99760637237938887267 0.00239362662061110357 0.00000000099999999997 
0.00000000099999999999 0.99999999799999994554 0.00000000099999999999 
0.00000000099999999998 0.99999999799999994554 0.00000000099999999998 
0.99999999799999994554 0.00000000099999999998 0.00000000099999999998 
0.96463237148770830665 0.03536762751229158286 0.00000000099999999997 
0.99999999799999994554 0.00000000099999999997 0.00000000099999999997 
0.00000000099999999997 0.99999999800000005656 0.00000000099999999997 
0.99976577530453281106 0.00023422369546724766 0.00000000099999999997 
0.99999999800000005656 0.00000000099999999996 0.00000000099999999996 
0.99999958046122972011 0.00000041853877014186 0.00000000099999999997 
0.99999999800000005656 0.00000000099999999995 0.00000000099999999995 
0.99998160412191328117 0.00001839487808653691 0.00000000099999999997 
0.97447058283742593598 0.02552941616257399862 0.00000000099999999998 
0.99984267327639864131 0.00015732572360132352 0.00000000099999999997 
0.99999940334525261321 0.00000059565474727138 0.00000000099999999998 
0.99999662106244635584 0.00000337793755359219 0.00000000099999999999 
0.00000000099999999998 0.99999999800000005656 0.00000000099999999998 
0.99999988019320107391 0.00000011880679881742 0.00000000099999999997 
0.00000000099999999998 0.99999999799999994554 0.00000000099999999998 
0.99998914044271347557 0.00001085855728661838 0.00000000099999999998 
0.00237326400684033335 0.97757470078862340745 0.02005203520453620672 
0.98201474472318617259 0.01798525427681383834 0.00000000099999999999 
0.49308768129953012282 0.50691231770046984995 0.00000000099999999998 
0.00000000099999999999 0.99957311514876467928 0.00042688385123547097 
0.99999999799999994554 0.00000000099999999995 0.00000000099999999995 
0.99999999800000005656 0.00000000099999999998 0.00000000099999999998 
0.96734887671263503073 0.03265112228736487265 0.00000000099999999998 
0.20733834084456720381 0.79266165815543265794 0.00000000099999999998 
0.00000000099999999997 0.99999999799999994554 0.00000000099999999997 
0.98173706897307166930 0.01826293002692829306 0.00000000099999999997 
0.98033675738412784373 0.01966324161587217068 0.00000000099999999998 
0.00000000099999999997 0.99999999800000005656 0.00000000099999999997 
0.47857999647684607014 0.52142000252315379161 0.00000000099999999997 
0.28148917395984995871 0.65569897728375836632 0.06281184875639161946 
0.37156883079440372608 0.62843116820559608016 0.00000000099999999999 
0.95514006019719188689 0.04485993880280820384 0.00000000099999999999 
0.00000000099999999998 0.99999999800000005656 0.00000000099999999998 
0.00000000099999999996 0.99999999800000005656 0.00000000099999999996 
0.93683414141645027229 0.06316585758354981150 0.00000000099999999997 
0.97264803389820309043 0.00000000099999999999 0.02735196510179680948 
0.00000000099999999999 0.99999999800000005656 0.00000000099999999999 
0.00000000099999999998 0.99999999799999994554 0.00000000099999999998 
0.99756198369596937869 0.00243801530403055461 0.00000000099999999998 
0.00000000099999999997 0.99999999799999994554 0.00000000099999999997 
0.99999999800000005656 0.00000000099999999998 0.00000000099999999998 
0.00000000099999999995 0.99999999799999994554 0.00000000099999999995 
0.27075093004102496197 0.65135023179556017503 0.07789883816341497402 
0.00000000099999999999 0.99999999799999994554 0.00000000099999999999 
0.93858680390570337071 0.06141319509429652573 0.00000000099999999997 
0.00000000099999999997 0.99999999800000005656 0.00000000099999999997 
0.00000000553866785100 0.99999999346133217060 0.00000000099999999997 
0.00000000099999999996 0.99999999800000005656 0.00000000099999999996 
0.00005796836184289258 0.99994203063815700894 0.00000000099999999999 
0.00000000099999999997 0.99999999800000005656 0.00000000099999999997 
0.97092237248967994123 0.02907762651031997256 0.00000000099999999997 
0.93992123040036279491 0.05583964201202418903 0.00423912758761306636 
0.00000000099999999996 0.99999999800000005656 0.00000000099999999996 
0.99999999799999994554 0.00000000099999999996 0.00000000099999999996 
0.99999964397621809997 0.00000035502378182318 0.00000000099999999999 
0.00000000099999999999 0.99999942834543853465 0.00000057065456155243 
0.99982804428444760347 0.00017195471555245227 0.00000000099999999999 
0.00000000099999999999 0.99999657315399803625 0.00000342584600187680 
0.98803830800319580874 0.01196169099680404434 0.00000000099999999997 
0.00000002315130444740 0.99999981742085963798 0.00000015942783596903 
0.00000000099999999998 0.99999999800000005656 0.00000000099999999998 
0.97666113176666702334 0.02333886723333305699 0.00000000099999999998 
0.96704896200172185683 0.03295103699827824084 0.00000000099999999999 
0.00000000099999999998 0.99999999799999994554 0.00000000099999999998 
0.52980408942771928249 0.47019590957228057926 0.00000000099999999998 
0.00000000099999999999 0.99999999799999994554 0.00000000099999999999 
0.93817064609989830881 0.06182935290010170559 0.00000000099999999997 
