0.00000000099999999982 0.00000000099999999982 0.99999999600000000211 0.00000000099999999982 0.00000000099999999982 
0.00000000099999999981 0.00000000099999999981 0.99999999599999989108 0.00000000099999999981 0.00000000099999999981 
0.99999999600000000211 0.00000000099999999982 0.00000000099999999982 0.00000000099999999982 0.00000000099999999982 
0.99999999600000011313 0.00000000099999999984 0.00000000099999999984 0.00000000099999999984 0.00000000099999999984 
0.99999999600000000211 0.00000000099999999984 0.00000000099999999984 0.00000000099999999984 0.00000000099999999984 
0.00000000099999999979 0.00000000099999999979 0.99999999600000000211 0.00000000099999999979 0.00000000099999999979 
0.00000000099999999998 0.00000014276865495689 0.92413107913398628845 0.07586877609735863393 0.00000000099999999998 
0.00000000099999999999 0.99907558020277331678 0.00000000099999999999 0.00092441679722675126 0.00000000099999999999 
0.99999999600000000211 0.00000000099999999985 0.00000000099999999985 0.00000000099999999985 0.00000000099999999985 
0.00000000099999999983 0.00000000099999999983 0.99999999600000000211 0.00000000099999999983 0.00000000099999999983 
0.00000000099999999998 0.00000000099999999998 0.92766187214045758846 0.07233812485954227434 0.00000000099999999998 
0.99999999600000000211 0.00000000099999999984 0.00000000099999999984 0.00000000099999999984 0.00000000099999999984 
0.00000000099999999985 0.00000000099999999985 0.99999999599999989108 0.00000000099999999985 0.00000000099999999985 
0.00000000099999999985 0.00000000099999999985 0.99999999599999989108 0.00000000099999999985 0.00000000099999999985 
0.00000000099999999987 0.00000000099999999987 0.99999999599999989108 0.00000000099999999987 0.00000000099999999987 
0.00000000099999999998 0.06334506439415081569 0.90084961643266880937 0.03580531717318027884 0.00000000099999999998 
0.99999999600000000211 0.00000000099999999983 0.00000000099999999983 0.00000000099999999983 0.00000000099999999983 
0.00000000099999999996 0.00000000099999999996 0.99999999600000000211 0.00000000099999999996 0.00000000099999999996 
0.99999999600000011313 0.00000000099999999982 0.00000000099999999982 0.00000000099999999982 0.00000000099999999982 
0.00000000099999999997 0.00000000099999999997 0.93256493321798927809 0.06743506378201062634 0.00000000099999999997 
0.00000000099999999998 0.00000016924599067158 0.94019661889200356608 0.05980320986200583083 0.00000000099999999998 
0.00000000099999999998 0.03563686207982427745 0.96433020588198148371 0.00003293003819405318 0.00000000099999999998 
0.00000000099999999979 0.00000000099999999979 0.99999999600000000211 0.00000000099999999979 0.00000000099999999979 
0.00000000099999999980 0.00000000099999999980 0.99999999600000000211 0.00000000099999999980 0.00000000099999999980 
0.00000000099999999973 0.00000000099999999973 0.00000000099999999973 0.99999999600000000211 0.00000000099999999973 
0.03865577727105646427 0.00000000099999999999 0.96134421972894346098 0.00000000099999999999 0.00000000099999999999 
0.00000000099999999980 0.00000000099999999980 0.99999999599999989108 0.00000000099999999980 0.00000000099999999980 
0.00000174375110522975 0.04230374387500229066 0.95769451037389241588 0.00000000099999999999 0.00000000099999999999 
0.00000000099999999998 0.00000830553404012143 0.96312529880112296432 0.03686639366483693281 0.00000000099999999998 
0.00000000099999999999 0.00000000099999999999 0.94931531501031662934 0.03739311961513187843 0.01329156337455136144 
0.00000000099999999999 0.00009119923636242022 0.92692485275806046907 0.07298394600557712997 0.00000000099999999999 
0.00000000099999999976 0.00000000099999999976 0.99999999600000000211 0.00000000099999999976 0.00000000099999999976 
0.00000000099999999996 0.00000000099999999996 0.00000000099999999996 0.00000000099999999996 0.99999999599999989108 
0.00000000099999999997 0.00000796116960283881 0.00000000099999999997 0.01068369591268247300 0.98930834091771469030 
0.00000000099999999996 0.99999999600000011313 0.00000000099999999996 0.00000000099999999996 0.00000000099999999996 
0.00000490550878678952 0.00000000099999999996 0.00000000099999999996 0.00000000099999999996 0.99999509149121335039 
0.00000000099999999997 0.99999999600000011313 0.00000000099999999997 0.00000000099999999997 0.00000000099999999997 
0.00000000099999999997 0.99999999600000000211 0.00000000099999999997 0.00000000099999999997 0.00000000099999999997 
0.00001591603734391513 0.00000000099999999996 0.00000000099999999996 0.00000000099999999996 0.99998408096265622991 
0.00000000099999999996 0.00000000099999999996 0.00000000099999999996 0.00000000099999999996 0.99999999599999989108 
0.04401403864193069448 0.00000000099999999997 0.00000000099999999997 0.00000288860373533317 0.95598307075433397451 
0.00000000099999999995 0.99999999600000000211 0.00000000099999999995 0.00000000099999999995 0.00000000099999999995 
0.00615854137460109929 0.00000000099999999997 0.00000000099999999997 0.00000000099999999997 0.99384145562539882857 
0.00000000099999999993 0.00000000099999999993 0.00000000099999999993 0.00000000099999999993 0.99999999599999989108 
0.02490097879635713024 0.00000000099999999996 0.00000000099999999996 0.00000000099999999996 0.97509901820364286440 
0.00000000099999999994 0.00000000099999999994 0.00000000099999999994 0.00000000099999999994 0.99999999600000000211 
0.00000000099999999995 0.00000000099999999995 0.00000000099999999995 0.00000000099999999995 0.99999999600000000211 
0.00369948210791791292 0.00012006826535054024 0.00000000099999999998 0.00000000099999999998 0.99618044762673152448 
0.02666520887560111866 0.00000000099999999996 0.00000000099999999996 0.00000000099999999996 0.97333478812439877537 
0.00000000099999999995 0.00000000099999999995 0.00000000099999999995 0.00000000099999999995 0.99999999599999989108 
0.00000000099999999998 0.00000000099999999998 0.00000000099999999998 0.00000000099999999998 0.99999999599999989108 
0.00000000099999999997 0.99999999600000011313 0.00000000099999999997 0.00000000099999999997 0.00000000099999999997 
0.02534726503562726233 0.00000000099999999997 0.00000000099999999997 0.00000008532033559915 0.97465264764403702902 
0.00000000099999999995 0.99999999600000011313 0.00000000099999999995 0.00000000099999999995 0.00000000099999999995 
0.00000000099999999995 0.00000000099999999995 0.00000000099999999995 0.00000000099999999995 0.99999999599999989108 
0.03444405707065864575 0.95118734748491617914 0.01436859344442515014 0.00000000099999999999 0.00000000099999999999 
0.00000002360321313710 0.00000000099999999998 0.00000000099999999998 0.00000000099999999998 0.99999997339678681207 
0.01756598709503291375 0.49789801069027733726 0.00000000099999999998 0.00000000099999999998 0.48453600021468973269 
0.00000000099999999998 0.99999994843916051313 0.00000004856083943470 0.00000000099999999998 0.00000000099999999998 
0.00000000099999999994 0.00000000099999999994 0.00000000099999999994 0.01266647679607893484 0.98733352020392106674 
0.00000000099999999997 0.00000000099999999997 0.00000000099999999997 0.00000000099999999997 0.99999999600000000211 
0.01299367839992139964 0.00691249653429244857 0.00000000099999999998 0.00000000099999999998 0.98009382306578607391 
0.00000000099999999997 0.78344212897298315390 0.00000000099999999997 0.00000000099999999997 0.21655786802701687543 
0.00000000099999999995 0.99999999600000000211 0.00000000099999999995 0.00000000099999999995 0.00000000099999999995 
0.01124381239494927180 0.00000000099999999996 0.00000000099999999996 0.00000000099999999996 0.98875618460505065865 
0.00000000099999999996 0.00000001951895752991 0.00000000099999999996 0.00000000099999999996 0.99999997748104241246 
0.00000000099999999995 0.99999999600000011313 0.00000000099999999995 0.00000000099999999995 0.00000000099999999995 
0.00000000099999999997 0.49704157009187716065 0.00000000099999999997 0.00000000906092674750 0.50295841884719605375 
0.00000000099999999970 0.00000000099999999970 0.00000000099999999970 0.99999999600000000211 0.00000000099999999970 
0.00043494938847974692 0.61313879705157370292 0.00000000099999999999 0.00000000099999999999 0.38642625155994658748 
0.00000000099999999999 0.00228344199908762273 0.00000000099999999999 0.00000000099999999999 0.99771655500091238622 
0.00000000099999999997 0.99974660036454876533 0.00000000099999999997 0.00025339663545122682 0.00000000099999999997 
0.00000000099999999995 0.99999999600000011313 0.00000000099999999995 0.00000000099999999995 0.00000000099999999995 
0.00000000099999999995 0.00000000099999999995 0.00000000099999999995 0.02918469408725964803 0.97081530291274031885 
0.99999999600000000211 0.00000000099999999981 0.00000000099999999981 0.00000000099999999981 0.00000000099999999981 
0.00978431352196860483 0.97624542162602157003 0.00000000099999999999 0.01397026285200976027 0.00000000099999999999 
0.01148532008861189585 0.98851467691138805716 0.00000000099999999997 0.00000000099999999997 0.00000000099999999997 
0.07392780998310916063 0.00000000099999999998 0.00000000099999999998 0.00000000589703897370 0.92607218211985176115 
0.00000000099999999996 0.99999999600000011313 0.00000000099999999996 0.00000000099999999996 0.00000000099999999996 
0.08556650364862368463 0.00000000099999999997 0.00000000099999999997 0.00000000099999999997 0.91443349335137624756 
0.00000000099999999992 0.99999999600000011313 0.00000000099999999992 0.00000000099999999992 0.00000000099999999992 
0.00000000099999999970 0.00000000099999999970 0.00000000099999999970 0.99999999599999989108 0.00000000099999999970 
0.00000000099999999998 0.96327287670425842947 0.00000000099999999998 0.03672712029574171783 0.00000000099999999998 
0.00000000099999999995 0.03614207885617196081 0.00000000099999999995 0.00000000099999999995 0.96385791814382792975 
0.00000000099999999995 0.96113342667890733217 0.00000000099999999995 0.03886657032109278737 0.00000000099999999995 
0.00000000099999999996 0.98758004769920293420 0.00000000099999999996 0.01239916417063086952 0.00002078613016615196 
0.00000000099999999994 0.92922627755097242375 0.00000000099999999994 0.07077371944902749457 0.00000000099999999994 
0.00000000099999999998 0.98404809504432544376 0.00000000099999999998 0.00000066444687555632 0.01595123850879910307 
0.00000000099999999995 0.94991722902829900388 0.00000000099999999995 0.05008276797170087974 0.00000000099999999995 
0.00000005093044274437 0.00000033768716297861 0.00000000099999999997 0.00000000099999999997 0.99999960938239429442 
0.00620955145407201935 0.00848613655733813921 0.02172711829203537170 0.00000000100000000000 0.96357719269655450756 
0.00000000099999999994 0.99999999600000011313 0.00000000099999999994 0.00000000099999999994 0.00000000099999999994 
0.00000000099999999995 0.00000000099999999995 0.00000000099999999995 0.00000000099999999995 0.99999999600000000211 
0.09277712726406704691 0.00000000099999999998 0.00000000099999999998 0.00000000099999999998 0.90722286973593291304 
0.00000000099999999996 0.99999999600000000211 0.00000000099999999996 0.00000000099999999996 0.00000000099999999996 
0.03133661297909696997 0.00000000099999999998 0.00000000099999999998 0.00000000099999999998 0.96866338402090301773 
0.00000000099999999998 0.99999999600000011313 0.00000000099999999998 0.00000000099999999998 0.00000000099999999998 
0.00000000099999999996 0.00000000099999999996 0.00000000099999999996 0.00478913975037588251 0.99521085724962410346 
0.00000000099999999999 0.94139789119591310573 0.00000000099999999999 0.05860210580408684033 0.00000000099999999999 
0.00000000100882307359 0.99999999599117694871 0.00000000099999999997 0.00000000099999999997 0.00000000099999999997 
0.00000032833705429834 0.00000000099999999998 0.00000000099999999998 0.00000000099999999998 0.99999966866294565104 
0.03181986553438321402 0.00000000099999999998 0.00000000099999999998 0.02514874653511960795 0.94303138593049706806 
0.00000000099999999997 0.99999999600000011313 0.00000000099999999997 0.00000000099999999997 0.00000000099999999997 
0.01032126747288150161 0.45549495490031388645 0.00000000099999999998 0.00000000099999999998 0.53418377562680463555 
0.00000000099999999997 0.99999999600000000211 0.00000000099999999997 0.00000000099999999997 0.00000000099999999997 
0.00000000099999999995 0.01958558900843547154 0.00000000099999999995 0.01249127838643438772 0.96792313060513024414 
