0.99999999500000003039 0.00000000099999999978 0.00000000099999999978 0.00000000099999999978 0.00000000099999999978 0.00000000099999999978 
0.99999999500000003039 0.00000000099999999976 0.00000000099999999976 0.00000000099999999976 0.00000000099999999976 0.00000000099999999976 
0.00000000099999999978 0.99999999500000003039 0.00000000099999999978 0.00000000099999999978 0.00000000099999999978 0.00000000099999999978 
0.00000000099999999980 0.99999999500000014141 0.00000000099999999980 0.00000000099999999980 0.00000000099999999980 0.00000000099999999980 
0.00000000099999999981 0.99999999500000003039 0.00000000099999999981 0.00000000099999999981 0.00000000099999999981 0.00000000099999999981 
0.99999999500000003039 0.00000000099999999974 0.00000000099999999974 0.00000000099999999974 0.00000000099999999974 0.00000000099999999974 
0.91402462431441922064 0.00000000099999999998 0.00000000099999999998 0.03896855644824977899 0.04700681623733103665 0.00000000099999999998 
0.00000000099999999996 0.00000000099999999996 0.99999999499999991937 0.00000000099999999996 0.00000000099999999996 0.00000000099999999996 
0.00000000099999999982 0.99999999500000014141 0.00000000099999999982 0.00000000099999999982 0.00000000099999999982 0.00000000099999999982 
0.99999999500000014141 0.00000000099999999979 0.00000000099999999979 0.00000000099999999979 0.00000000099999999979 0.00000000099999999979 
0.92668618340029218494 0.00000000099999999998 0.00000000099999999998 0.00004517321781719834 0.07326864038189065398 0.00000000099999999998 
0.00000000099999999981 0.99999999500000003039 0.00000000099999999981 0.00000000099999999981 0.00000000099999999981 0.00000000099999999981 
0.99999999500000014141 0.00000000099999999982 0.00000000099999999982 0.00000000099999999982 0.00000000099999999982 0.00000000099999999982 
0.99999999500000014141 0.00000000099999999981 0.00000000099999999981 0.00000000099999999981 0.00000000099999999981 0.00000000099999999981 
0.99999999500000003039 0.00000000099999999984 0.00000000099999999984 0.00000000099999999984 0.00000000099999999984 0.00000000099999999984 
0.89550678979681597180 0.00000000099999999997 0.10449320620318414132 0.00000000099999999997 0.00000000099999999997 0.00000000099999999997 
0.00000000099999999979 0.99999999500000003039 0.00000000099999999979 0.00000000099999999979 0.00000000099999999979 0.00000000099999999979 
0.99999999500000014141 0.00000000099999999995 0.00000000099999999995 0.00000000099999999995 0.00000000099999999995 0.00000000099999999995 
0.00000000099999999977 0.99999999500000003039 0.00000000099999999977 0.00000000099999999977 0.00000000099999999977 0.00000000099999999977 
0.93482815995335188930 0.00000000099999999998 0.00000000099999999998 0.00000000099999999998 0.06517183604664827934 0.00000000099999999998 
0.92448206914913733101 0.00000000099999999997 0.00000000099999999997 0.07551792685086283763 0.00000000099999999997 0.00000000099999999997 
0.95434974740125666504 0.00000000099999999997 0.00000000099999999997 0.04565024859874340646 0.00000000099999999997 0.00000000099999999997 
0.99999999500000014141 0.00000000099999999975 0.00000000099999999975 0.00000000099999999975 0.00000000099999999975 0.00000000099999999975 
0.99999999500000014141 0.00000000099999999975 0.00000000099999999975 0.00000000099999999975 0.00000000099999999975 0.00000000099999999975 
0.00000000099999999967 0.00000000099999999967 0.00000000099999999967 0.00000000099999999967 0.99999999499999991937 0.00000000099999999967 
0.96027338968745101777 0.03972660631254908842 0.00000000099999999998 0.00000000099999999998 0.00000000099999999998 0.00000000099999999998 
0.99999999500000003039 0.00000000099999999976 0.00000000099999999976 0.00000000099999999976 0.00000000099999999976 0.00000000099999999976 
0.94302927273239856021 0.00000000099999999997 0.00000000099999999997 0.05697072326760145577 0.00000000099999999997 0.00000000099999999997 
0.94888462124929551234 0.00000000099999999998 0.05111533539496117967 0.00000000099999999998 0.00000004035574334830 0.00000000099999999998 
0.94417711577437490877 0.00000000099999999998 0.00000000099999999998 0.05582271884181013583 0.00000000099999999998 0.00000016238381502466 
0.92290826177670715058 0.00000000099999999998 0.00000000099999999998 0.07686348466071608876 0.00022825056257681650 0.00000000099999999998 
0.99999999500000003039 0.00000000099999999971 0.00000000099999999971 0.00000000099999999971 0.00000000099999999971 0.00000000099999999971 
0.00000000099999999995 0.00000000099999999995 0.00000000099999999995 0.00000000099999999995 0.00000000099999999995 0.99999999500000003039 
0.00000000099999999997 0.00000000099999999997 0.00000024129180599388 0.00000000131431963686 0.01673620610524694310 0.98326354928862735871 
0.00000000099999999992 0.00000000099999999992 0.99999999500000003039 0.00000000099999999992 0.00000000099999999992 0.00000000099999999992 
0.00000000099999999996 0.00000023097581246812 0.00000000099999999996 0.00000000099999999996 0.00002215745784976673 0.99997760856633766124 
0.00000000099999999990 0.00000000099999999990 0.00000000099999999990 0.99999999499999991937 0.00000000099999999990 0.00000000099999999990 
0.00000000099999999992 0.00000000099999999992 0.99999999500000003039 0.00000000099999999992 0.00000000099999999992 0.00000000099999999992 
0.00000000099999999995 0.00002268086792246523 0.00000000099999999995 0.00000000099999999995 0.00000000099999999995 0.99997731513207765985 
0.00000000099999999996 0.00000000099999999996 0.00000000099999999996 0.00000000099999999996 0.00000000099999999996 0.99999999500000003039 
0.00000000099999999996 0.04385578580383208552 0.00000000099999999996 0.00000000099999999996 0.00000000099999999996 0.95614421019616790964 
0.00000000099999999990 0.00000000099999999990 0.00000000099999999990 0.99999999499999991937 0.00000000099999999990 0.00000000099999999990 
0.00000000099999999996 0.00444367336976759109 0.00000000099999999996 0.00000000099999999996 0.00000000099999999996 0.99555632263023241535 
0.00000000099999999991 0.00000000099999999991 0.00000000099999999991 0.00000000099999999991 0.00000000099999999991 0.99999999500000003039 
0.00000000099999999996 0.02722954382910746859 0.00000000099999999996 0.00000000099999999996 0.00000000099999999996 0.97277045217089264106 
0.00000000099999999994 0.00000000099999999994 0.00000000099999999994 0.00000000099999999994 0.00000000099999999994 0.99999999499999991937 
0.00000000099999999994 0.00000000099999999994 0.00000000099999999994 0.00000000099999999994 0.00000000099999999994 0.99999999500000003039 
0.00000000099999999997 0.00298587103068727105 0.00000000099999999997 0.02344819088671958388 0.00000000099999999997 0.97356593508259314795 
0.00000000099999999995 0.02717768160239963232 0.00000000099999999995 0.00000000099999999995 0.00000000099999999995 0.97282231439760036285 
0.00000000099999999994 0.00000000099999999994 0.00000000099999999994 0.00000000099999999994 0.00000000099999999994 0.99999999500000003039 
0.00000000099999999997 0.00000000099999999997 0.00000000099999999997 0.00000000099999999997 0.00000000099999999997 0.99999999500000003039 
0.00000000099999999993 0.00000000099999999993 0.99999999500000003039 0.00000000099999999993 0.00000000099999999993 0.00000000099999999993 
0.00000000099999999996 0.02617271283586714709 0.00000000099999999996 0.01014395897853645305 0.00000000099999999996 0.96368332518559651767 
0.00000000099999999992 0.00000000099999999992 0.99999999500000003039 0.00000000099999999992 0.00000000099999999992 0.00000000099999999992 
0.00000000099999999994 0.00000000099999999994 0.00000000099999999994 0.00000000099999999994 0.00000000099999999994 0.99999999500000003039 
0.00648744117074024143 0.02739903185766710825 0.63794039557136050789 0.32817312940023218859 0.00000000099999999999 0.00000000099999999999 
0.00000000099999999998 0.00000000969780334563 0.00000000099999999998 0.00000000099999999998 0.00000000099999999998 0.99999998630219655293 
0.00000000099999999997 0.01946764420087751177 0.18124885776226185019 0.31675884315754121445 0.00000000099999999997 0.48252465287931933791 
0.00000000099999999990 0.00000000099999999990 0.00000000099999999990 0.99999999499999991937 0.00000000099999999990 0.00000000099999999990 
0.00000000099999999993 0.00000000099999999993 0.00000000099999999993 0.00000000099999999993 0.01196307970826942374 0.98803691629173073796 
0.00000000099999999996 0.00000000099999999996 0.00000000099999999996 0.00000000099999999996 0.00000000099999999996 0.99999999499999991937 
0.00000000099999999997 0.01220518979116061789 0.00000000099999999997 0.03349744434123071851 0.00000000099999999997 0.95429736286760880049 
0.00000000099999999993 0.00000000099999999993 0.00000000099999999993 0.84589112207491623519 0.00000000099999999993 0.15410887392508379468 
0.00000000099999999995 0.00000000099999999995 0.45685816648978228027 0.54314182951021772183 0.00000000099999999995 0.00000000099999999995 
0.00000000099999999996 0.01122560022812107983 0.00000000099999999996 0.00000357086444580899 0.00000000099999999996 0.98877082590743314849 
0.00000000099999999995 0.00000000099999999995 0.00068807412079891774 0.00000000099999999995 0.00000000099999999995 0.99931192187920114822 
0.00000000099999999994 0.00000000099999999994 0.44284364665129949401 0.55715634934870061912 0.00000000099999999994 0.00000000099999999994 
0.00000000099999999997 0.00000000099999999997 0.28102805258638868802 0.21944801652906750777 0.00000000099999999997 0.49952392788454386130 
0.00000000099999999964 0.00000000099999999964 0.00000000099999999964 0.00000000099999999964 0.99999999500000003039 0.00000000099999999964 
0.00000000099999999997 0.00178881757425437566 0.00000000099999999997 0.63413662161442729825 0.00000000099999999997 0.36407455781131825567 
0.00000000099999999998 0.00000000099999999998 0.00000000099999999998 0.01323577626660106359 0.00000000099999999998 0.98676421973339900617 
0.00000000099999999993 0.00000000099999999993 0.99999999500000003039 0.00000000099999999993 0.00000000099999999993 0.00000000099999999993 
0.00000000099999999990 0.00000000099999999990 0.99999999500000003039 0.00000000099999999990 0.00000000099999999990 0.00000000099999999990 
0.00000000099999999995 0.00000000099999999995 0.00000000099999999995 0.00040191921093038913 0.02984391228596827358 0.96975416550310122865 
0.00000000099999999977 0.99999999500000014141 0.00000000099999999977 0.00000000099999999977 0.00000000099999999977 0.00000000099999999977 
0.00000000099999999994 0.00000000099999999994 0.99999999500000003039 0.00000000099999999994 0.00000000099999999994 0.00000000099999999994 
0.00000000099999999997 0.00038506659317669222 0.70168952905633241723 0.29792540135049078165 0.00000000099999999997 0.00000000099999999997 
0.00000000099999999998 0.07429412629408982394 0.00000000099999999998 0.00967516819617134614 0.00000000099999999998 0.91603070250973883670 
0.00000000099999999996 0.00000000099999999996 0.66365545839597950284 0.33634453760402049927 0.00000000099999999996 0.00000000099999999996 
0.00000000099999999996 0.08568331142857855964 0.00000000099999999996 0.00000000099999999996 0.00000000099999999996 0.91431668457142145634 
0.00000000099999999992 0.00000000099999999992 0.41844842783882502113 0.58155156816117492546 0.00000000099999999992 0.00000000099999999992 
0.00000000099999999964 0.00000000099999999964 0.00000000099999999964 0.00000000099999999964 0.99999999499999991937 0.00000000099999999964 
0.00000000099999999991 0.00000000099999999991 0.00000000099999999991 0.99999999499999991937 0.00000000099999999991 0.00000000099999999991 
0.00000000099999999995 0.00000000099999999995 0.00000000099999999995 0.04341122159652516938 0.00000000099999999995 0.95658877440347478416 
0.00000000099999999995 0.00000000099999999995 0.38952427086622881669 0.57637414907922124296 0.03410157705454987948 0.00000000099999999995 
0.00000000099999999992 0.00000000099999999992 0.99999999500000003039 0.00000000099999999992 0.00000000099999999992 0.00000000099999999992 
0.00000000099999999989 0.00000000099999999989 0.00000000099999999989 0.99999999499999991937 0.00000000099999999989 0.00000000099999999989 
0.00000000099999999995 0.00000000099999999995 0.99999999499999991937 0.00000000099999999995 0.00000000099999999995 0.00000000099999999995 
0.00000000099999999995 0.00000000099999999995 0.58782754920583857317 0.36679898658025733571 0.04537346121390393311 0.00000000099999999995 
0.00000000099999999996 0.00000000156832916865 0.01314192194928811425 0.00000000099999999996 0.00000000099999999996 0.98685807348238274717 
0.01072239826952658612 0.00532936865993939406 0.05294223545603891912 0.00000000099999999999 0.00000000099999999999 0.93100599561449515207 
0.00000000099999999988 0.00000000099999999988 0.00000000099999999988 0.99999999499999991937 0.00000000099999999988 0.00000000099999999988 
0.00000000099999999994 0.00000000099999999994 0.00000000099999999994 0.00000000099999999994 0.00000000099999999994 0.99999999499999991937 
0.00000000099999999998 0.09184521337284906606 0.00000000099999999998 0.00000000099999999998 0.00000000099999999998 0.90815478262715099156 
0.00000000099999999996 0.00000000099999999996 0.44524056831395297795 0.55475942768604702415 0.00000000099999999996 0.00000000099999999996 
0.00000000099999999998 0.03073737253021419785 0.00001345316312938021 0.00000000099999999998 0.00000000099999999998 0.96924917130665633191 
0.00000000099999999997 0.00000000099999999997 0.59358827058562191326 0.40641172541437797783 0.00000000099999999997 0.00000000099999999997 
0.00000000099999999996 0.00000000099999999996 0.00000000099999999996 0.00000000405921429814 0.00284509891911818901 0.99715489402166757049 
0.00000000099999999992 0.00000000099999999992 0.00000000099999999992 0.99999999500000003039 0.00000000099999999992 0.00000000099999999992 
0.00000000099999999992 0.00000000099999999992 0.99999999499999991937 0.00000000099999999992 0.00000000099999999992 0.00000000099999999992 
0.00000000099999999998 0.00000012650940964949 0.00000154446332907310 0.00000000099999999998 0.00000000099999999998 0.99999832602726113073 
0.00000000099999999998 0.03057999950172012385 0.00000026672020628385 0.00000000099999999998 0.02887127840709287352 0.94054845337098069713 
0.00000000099999999990 0.00000000099999999990 0.00000000099999999990 0.99999999500000003039 0.00000000099999999990 0.00000000099999999990 
0.00000000099999999997 0.00983190425865386117 0.08390770406779314572 0.36810443708721524159 0.00000000099999999997 0.53815595258633763809 
0.00000000099999999992 0.00000000099999999992 0.99999999499999991937 0.00000000099999999992 0.00000000099999999992 0.00000000099999999992 
0.00000000099999999995 0.00000000099999999995 0.00000000099999999995 0.03502904913008694082 0.00599588962433536196 0.95897505824557771614 
