0.00000000099999999986 0.00000000099999999986 0.99999999699999986280 0.00000000099999999986 
0.00000000099999999985 0.00000000099999999985 0.99999999699999986280 0.00000000099999999985 
0.00000000099999999987 0.00000000099999999987 0.00000000099999999987 0.99999999699999997382 
0.00000000099999999987 0.00000000099999999987 0.00000000099999999987 0.99999999699999997382 
0.00000000099999999988 0.00000000099999999988 0.00000000099999999988 0.99999999699999997382 
0.00000000099999999983 0.00000000099999999983 0.99999999699999986280 0.00000000099999999983 
0.00000000099999999999 0.07766180212099832447 0.92196713303811528295 0.00037106384088630241 
0.00032403829417642358 0.99967587010037961548 0.00000009060544401355 0.00000000100000000000 
0.00000000099999999987 0.00000000099999999987 0.00000000099999999987 0.99999999700000008485 
0.00000000099999999987 0.00000000099999999987 0.99999999699999986280 0.00000000099999999987 
0.00000000277427024693 0.05773773942669756937 0.94226178288275030948 0.00000047491628186030 
0.00000000099999999988 0.00000000099999999988 0.00000000099999999988 0.99999999699999997382 
0.00000000099999999988 0.00000000099999999988 0.99999999699999986280 0.00000000099999999988 
0.00000000099999999988 0.00000000099999999988 0.99999999699999997382 0.00000000099999999988 
0.00000000099999999990 0.00000000099999999990 0.99999999699999997382 0.00000000099999999990 
0.00000000099999999998 0.09359123706831161404 0.90640876093168842864 0.00000000099999999998 
0.00000000099999999986 0.00000000099999999986 0.00000000099999999986 0.99999999700000008485 
0.00000000099999999996 0.00000000099999999996 0.99999999699999997382 0.00000000099999999996 
0.00000000099999999985 0.00000000099999999985 0.00000000099999999985 0.99999999699999997382 
0.00000000099999999999 0.04927215039525969370 0.95072773926783682441 0.00000010933690335194 
0.00000000099999999999 0.06130992726992721964 0.93869007073007282305 0.00000000099999999999 
0.00000000099999999998 0.03666817363986749762 0.96333182436013242711 0.00000000099999999998 
0.00000000099999999984 0.00000000099999999984 0.99999999699999997382 0.00000000099999999984 
0.00000000099999999984 0.00000000099999999984 0.99999999699999997382 0.00000000099999999984 
0.00000000099999999999 0.58681066023166050805 0.06216455216482027341 0.35102478660351937867 
0.00000000099999999999 0.00000000099999999999 0.96424839198863332435 0.03575160601136666283 
0.00000000099999999985 0.00000000099999999985 0.99999999699999986280 0.00000000099999999985 
0.00000000139160639226 0.04338699145113675271 0.95661300093360579488 0.00000000622365099036 
0.00000000477119312765 0.04079602952262126325 0.95920396470618563001 0.00000000099999999999 
0.03784601161461578767 0.00335561213006006689 0.95879837525532407572 0.00000000099999999999 
0.00000010502708212429 0.06909893940491039499 0.93090095456800747709 0.00000000099999999999 
0.00000000099999999982 0.00000000099999999982 0.99999999699999986280 0.00000000099999999982 
0.99999999699999997382 0.00000000099999999996 0.00000000099999999996 0.00000000099999999996 
0.99746240807796893169 0.00253758992203099911 0.00000000099999999997 0.00000000099999999997 
0.00002559558294952947 0.99997440241705037867 0.00000000099999999997 0.00000000099999999997 
0.99970529959660758834 0.00000000099999999997 0.00000000099999999997 0.00029469840339260559 
0.00000014938398334864 0.99999984861601665109 0.00000000099999999998 0.00000000099999999998 
0.00000000099999999997 0.99999999700000008485 0.00000000099999999997 0.00000000099999999997 
0.99999523375384702373 0.00000000099999999997 0.00000000099999999997 0.00000476424615296190 
0.99999988514054127808 0.00000011285945861018 0.00000000099999999997 0.00000000099999999997 
0.95501118054531908275 0.00000000099999999997 0.00000000099999999997 0.04498881745468098076 
0.00000000099999999996 0.99999999700000008485 0.00000000099999999996 0.00000000099999999996 
0.98833343578966037501 0.00000000099999999997 0.00000000099999999997 0.01166656221033962604 
0.99999999699999997382 0.00000000099999999995 0.00000000099999999995 0.00000000099999999995 
0.97739572388558393357 0.00000000099999999997 0.00000000099999999997 0.02260427411441621667 
0.99999546076718959231 0.00000000099999999995 0.00000000099999999995 0.00000453723281046116 
0.99999999700000008485 0.00000000099999999995 0.00000000099999999995 0.00000000099999999995 
0.99726362671298729445 0.00105883624925671668 0.00000000099999999998 0.00167753603775583696 
0.97391474882216721998 0.00000000099999999996 0.00000000099999999996 0.02608524917783276026 
0.99999999700000008485 0.00000000099999999995 0.00000000099999999995 0.00000000099999999995 
0.99999999670299177801 0.00000000099999999999 0.00000000099999999999 0.00000000129700838193 
0.00000000099999999997 0.99999999699999997382 0.00000000099999999997 0.00000000099999999997 
0.97565944157793604852 0.00000000099999999997 0.00000000099999999997 0.02434055642206406703 
0.00001031748015547328 0.99998968051984449268 0.00000000099999999997 0.00000000099999999997 
0.99999999700000008485 0.00000000099999999996 0.00000000099999999996 0.00000000099999999996 
0.00000029304460534739 0.95250563770719742784 0.01567427134957484480 0.03181979789862239560 
0.99998926039529889565 0.00001063494095741525 0.00000000099999999999 0.00000010366374379330 
0.49071785225893710392 0.49488789644888625530 0.00000000099999999998 0.01439425029217669509 
0.00000000099999999998 0.99997613294013276697 0.00002386505986725148 0.00000000099999999998 
0.99999999699999997382 0.00000000099999999994 0.00000000099999999994 0.00000000099999999994 
0.99999999700000008485 0.00000000099999999998 0.00000000099999999998 0.00000000099999999998 
0.98387312222695999520 0.00544065181869744612 0.00000000099999999998 0.01068622495434244472 
0.21576575066327238761 0.78423424733672753018 0.00000000099999999997 0.00000000099999999997 
0.00000000099999999996 0.99999999699999997382 0.00000000099999999996 0.00000000099999999996 
0.99188320861207068813 0.00000007103446446232 0.00000000099999999997 0.00811671935346484734 
0.99999587673597334359 0.00000412126402652908 0.00000000099999999997 0.00000000099999999997 
0.00000000099999999996 0.99999999699999997382 0.00000000099999999996 0.00000000099999999996 
0.50265784276397018626 0.49734215523602970377 0.00000000099999999997 0.00000000099999999997 
0.00000000099999999999 0.63688759031307351499 0.00882882063055976177 0.35428358805636672724 
0.38548905881865530576 0.61420136042576045643 0.00000000099999999999 0.00030957975558431391 
0.99819745694677264325 0.00180254105322740095 0.00000000099999999999 0.00000000099999999999 
0.00000000099999999997 0.99999999699999997382 0.00000000099999999997 0.00000000099999999997 
0.00002808381087170292 0.99997191418912834138 0.00000000099999999996 0.00000000099999999996 
0.99259976724532239523 0.00740023075467769343 0.00000000099999999996 0.00000000099999999996 
0.00000000099999999985 0.00000000099999999985 0.00000000099999999985 0.99999999699999997382 
0.00000000099999999999 0.98827836718679196171 0.00000000099999999999 0.01172163081320807404 
0.00000000099999999997 0.98953886357294118525 0.00000000099999999997 0.01046113442705879151 
0.92670960490834786150 0.00000329238367046543 0.00000000099999999998 0.07328710170798165280 
0.00000000099999999996 0.99999999700000008485 0.00000000099999999996 0.00000000099999999996 
0.91859928294082515698 0.00000000099999999998 0.00000000099999999998 0.08140071505917492733 
0.00000000099999999993 0.99999999700000008485 0.00000000099999999993 0.00000000099999999993 
0.00000000099999999999 0.64542378336349659484 0.04666974842618305808 0.30790646721032033373 
0.00000000099999999999 0.99993976645820292770 0.00000000099999999999 0.00006023154179704440 
0.96627774742702055022 0.03372225057297933981 0.00000000099999999996 0.00000000099999999996 
0.00000000099999999995 0.99999999700000008485 0.00000000099999999995 0.00000000099999999995 
0.00031369747225218678 0.99968630052774776207 0.00000000099999999996 0.00000000099999999996 
0.00000000099999999995 0.99999999700000008485 0.00000000099999999995 0.00000000099999999995 
0.01578694778023016082 0.98421305021976979166 0.00000000099999999998 0.00000000099999999998 
0.00000000099999999996 0.99999999699999997382 0.00000000099999999996 0.00000000099999999996 
0.99958028657957342933 0.00040695407574821294 0.00000000099999999997 0.00001275834467851539 
0.96263701206325369419 0.00738992369899918976 0.02159554923449721886 0.00837751500324988851 
0.00000000099999999995 0.99999999699999997382 0.00000000099999999995 0.00000000099999999995 
0.99999999699999997382 0.00000000099999999996 0.00000000099999999996 0.00000000099999999996 
0.90659179083419194622 0.00000000099999999999 0.00000000099999999999 0.09340820716580809646 
0.00000000099999999997 0.99999999428325492268 0.00000000371674503759 0.00000000099999999997 
0.96697473607711892374 0.00000000099999999998 0.00000000099999999998 0.03302526192288107038 
0.00000000099999999998 0.99999903666518219492 0.00000096133481779106 0.00000000099999999998 
0.99999997501523119059 0.00000002298476889372 0.00000000099999999997 0.00000000099999999997 
0.00001342525666704357 0.99998657274333291323 0.00000000099999999999 0.00000000099999999999 
0.00000000099999999998 0.99999999699999997382 0.00000000099999999998 0.00000000099999999998 
0.99998812923659252672 0.00000173673179690170 0.00000000099999999998 0.00001013303161062171 
0.95395028557264616165 0.00269201694094588001 0.00000000099999999999 0.04335769648640803303 
0.00000009879705278564 0.99999989920294718448 0.00000000099999999998 0.00000000099999999998 
0.53702714216658919977 0.45638843083760238795 0.00000000099999999998 0.00658442599580840934 
0.00000020855426672536 0.99999978944573320039 0.00000000099999999998 0.00000000099999999998 
0.96861788082940514233 0.03138211717059481015 0.00000000099999999996 0.00000000099999999996 
