0.000010 0.999960 0.000010 0.000010 0.000010
0.999960 0.000010 0.000010 0.000010 0.000010
0.000010 0.999960 0.000010 0.000010 0.000010
0.999960 0.000010 0.000010 0.000010 0.000010
0.083398 0.000010 0.007458 0.000010 0.909124
0.000010 0.956703 0.000010 0.043267 0.000010
0.000010 0.871836 0.128134 0.000010 0.000010
0.000010 0.999960 0.000010 0.000010 0.000010
0.000010 0.999960 0.000010 0.000010 0.000010
0.000010 0.999960 0.000010 0.000010 0.000010
0.008568 0.435629 0.555783 0.000010 0.000010
0.000010 0.993725 0.006245 0.000010 0.000010
0.999960 0.000010 0.000010 0.000010 0.000010
0.000010 0.999960 0.000010 0.000010 0.000010
0.000010 0.538752 0.461218 0.000010 0.000010
0.000010 0.968099 0.031871 0.000010 0.000010
0.999960 0.000010 0.000010 0.000010 0.000010
0.042520 0.782970 0.174490 0.000010 0.000010
0.000010 0.999960 0.000010 0.000010 0.000010
0.630041 0.000010 0.369929 0.000010 0.000010
0.020068 0.000010 0.139819 0.000010 0.840093
0.072825 0.000010 0.098283 0.000010 0.828873
0.056169 0.000010 0.173333 0.000010 0.770477
0.000010 0.000010 0.459987 0.000010 0.539983
0.000010 0.999960 0.000010 0.000010 0.000010
0.888525 0.000010 0.111445 0.000010 0.000010
0.102206 0.000010 0.000010 0.000010 0.897764
0.038203 0.000010 0.077787 0.000010 0.883989
0.999960 0.000010 0.000010 0.000010 0.000010
0.999960 0.000010 0.000010 0.000010 0.000010
0.000010 0.999960 0.000010 0.000010 0.000010
0.050879 0.000010 0.064412 0.000010 0.884689
0.000010 0.999251 0.000010 0.000719 0.000010
0.049590 0.000010 0.061338 0.000010 0.889052
0.000010 0.999960 0.000010 0.000010 0.000010
0.999960 0.000010 0.000010 0.000010 0.000010
0.098682 0.000010 0.069304 0.000010 0.831994
0.000010 0.999960 0.000010 0.000010 0.000010
0.000010 0.999960 0.000010 0.000010 0.000010
0.000010 0.000010 0.120851 0.000010 0.879119
0.000010 0.000010 0.043985 0.955985 0.000010
0.000010 0.000010 0.021576 0.000010 0.978394
0.000650 0.000010 0.118666 0.000010 0.880664
0.000010 0.000010 0.297454 0.000010 0.702516
0.000010 0.000010 0.318146 0.000010 0.681824
0.063919 0.000010 0.210114 0.000010 0.725947
0.051977 0.000010 0.066435 0.000010 0.881568
0.000010 0.000010 0.000010 0.999960 0.000010
0.000010 0.000010 0.540517 0.000010 0.459453
0.081088 0.000010 0.015877 0.000010 0.903015
0.000010 0.000010 0.368859 0.631111 0.000010
0.000010 0.000010 0.000010 0.999960 0.000010
0.000010 0.000010 0.026640 0.000010 0.973330
0.000010 0.000010 0.245013 0.000010 0.754957
0.000010 0.000010 0.087603 0.000010 0.912367
0.000010 0.000010 0.000010 0.000010 0.999960
0.000010 0.000010 0.036834 0.000010 0.963136
0.000010 0.000010 0.000010 0.000010 0.999960
0.044942 0.456155 0.150397 0.255352 0.093155
0.005106 0.000010 0.000010 0.000010 0.994864
0.000439 0.000010 0.359128 0.000010 0.640413
0.014339 0.000010 0.134278 0.000010 0.851363
0.000010 0.000010 0.558720 0.000010 0.441250
0.000010 0.000010 0.281121 0.000010 0.718849
0.000010 0.000010 0.999960 0.000010 0.000010
0.000010 0.000012 0.999958 0.000010 0.000010
0.000010 0.000010 0.131138 0.000010 0.868832
0.000010 0.000010 0.834796 0.000010 0.165174
0.000010 0.000010 0.425689 0.000010 0.574281
0.000010 0.000010 0.095422 0.000010 0.904548
0.000010 0.000010 0.110736 0.000010 0.889234
0.000010 0.000010 0.316860 0.000010 0.683110
0.056580 0.000010 0.013572 0.000010 0.929828
0.054261 0.000010 0.028964 0.000010 0.916755
0.000010 0.000010 0.613807 0.000010 0.386163
0.000010 0.000010 0.383151 0.370208 0.246620
0.000010 0.000010 0.785943 0.000010 0.214027
0.000010 0.000010 0.069578 0.930392 0.000010
0.000010 0.000010 0.294141 0.000010 0.705829
0.000010 0.000010 0.008810 0.000010 0.991160
0.024887 0.000010 0.019142 0.000010 0.955951
0.000010 0.000010 0.607577 0.000010 0.392393
0.066210 0.000010 0.195409 0.000010 0.738361
0.107823 0.000010 0.237284 0.000010 0.654872
0.000010 0.000010 0.999960 0.000010 0.000010
0.000010 0.000010 0.628266 0.000010 0.371704
0.000010 0.000010 0.000010 0.999960 0.000010
0.052463 0.007514 0.334858 0.000010 0.605155
0.000010 0.000010 0.000010 0.999960 0.000010
0.000010 0.000010 0.035622 0.000010 0.964348
0.029969 0.000010 0.272518 0.000010 0.697493
0.000010 0.000010 0.725166 0.003624 0.271191
0.000010 0.000010 0.999960 0.000010 0.000010
0.000010 0.000010 0.415169 0.000010 0.584801
0.000010 0.000010 0.414464 0.000010 0.585506
0.003800 0.000010 0.000010 0.000010 0.996170
0.000010 0.000010 0.000010 0.000010 0.999960
0.000010 0.000010 0.433019 0.000010 0.566951
0.000010 0.000010 0.059151 0.000010 0.940819
0.011713 0.000010 0.009138 0.000010 0.979129
0.000010 0.000010 0.999960 0.000010 0.000010
0.000010 0.000010 0.999960 0.000010 0.000010
0.000010 0.000010 0.062378 0.000010 0.937592
0.035080 0.000010 0.540728 0.000010 0.424172
0.000010 0.000010 0.999960 0.000010 0.000010
0.000010 0.000010 0.363047 0.000010 0.636923
0.000010 0.000010 0.999960 0.000010 0.000010
0.000010 0.000010 0.478469 0.000010 0.521501
0.000010 0.000010 0.414849 0.000010 0.585121
0.000010 0.000010 0.238271 0.000010 0.761699
0.000012 0.000010 0.321877 0.000010 0.678091
0.004835 0.000010 0.356265 0.013656 0.625235
