0.000010 0.999950 0.000010 0.000010 0.000010 0.000010
0.000010 0.000010 0.000010 0.000010 0.999950 0.000010
0.000010 0.999950 0.000010 0.000010 0.000010 0.000010
0.000010 0.000010 0.000010 0.000010 0.999950 0.000010
0.000824 0.000010 0.007386 0.000010 0.083330 0.908440
0.000010 0.956540 0.000010 0.043420 0.000010 0.000010
0.000010 0.871816 0.128144 0.000010 0.000010 0.000010
0.000010 0.999950 0.000010 0.000010 0.000010 0.000010
0.000010 0.999950 0.000010 0.000010 0.000010 0.000010
0.000010 0.999950 0.000010 0.000010 0.000010 0.000010
0.000010 0.435785 0.555435 0.000010 0.008750 0.000010
0.000010 0.994123 0.005837 0.000010 0.000010 0.000010
0.000010 0.000010 0.000016 0.000010 0.999944 0.000010
0.000010 0.999950 0.000010 0.000010 0.000010 0.000010
0.000010 0.537485 0.462475 0.000010 0.000010 0.000010
0.000010 0.967883 0.032077 0.000010 0.000010 0.000010
0.000010 0.000010 0.000010 0.000010 0.999950 0.000010
0.000010 0.783201 0.173849 0.000010 0.042920 0.000010
0.000010 0.999950 0.000010 0.000010 0.000010 0.000010
0.000010 0.000010 0.369859 0.000010 0.630101 0.000010
0.000010 0.000010 0.139657 0.000010 0.019921 0.840392
0.000010 0.000010 0.098934 0.000010 0.072863 0.828173
0.000010 0.000010 0.173309 0.000010 0.056315 0.770346
0.000010 0.000010 0.460191 0.000010 0.000010 0.539769
0.000010 0.999950 0.000010 0.000010 0.000010 0.000010
0.000010 0.000010 0.111582 0.000010 0.888378 0.000010
0.001232 0.000010 0.000010 0.000010 0.101264 0.897474
0.000010 0.000010 0.078521 0.000010 0.038471 0.882978
0.000010 0.000010 0.000010 0.000010 0.999950 0.000010
0.000010 0.000010 0.000010 0.000010 0.999950 0.000010
0.000010 0.999950 0.000010 0.000010 0.000010 0.000010
0.000010 0.000010 0.064682 0.000010 0.050889 0.884399
0.000010 0.999616 0.000010 0.000344 0.000010 0.000010
0.000010 0.000010 0.061397 0.000010 0.049636 0.888937
0.000010 0.999950 0.000010 0.000010 0.000010 0.000010
0.000010 0.000010 0.000010 0.000010 0.999950 0.000010
0.000010 0.000017 0.069584 0.000010 0.098844 0.831535
0.000010 0.999950 0.000010 0.000010 0.000010 0.000010
0.000010 0.999950 0.000010 0.000010 0.000010 0.000010
0.000010 0.000010 0.119909 0.000010 0.000010 0.880051
0.000010 0.000010 0.046023 0.953937 0.000010 0.000010
0.000010 0.000010 0.021324 0.000010 0.000010 0.978636
0.000010 0.000010 0.116621 0.000010 0.000214 0.883135
0.000010 0.000010 0.297321 0.000010 0.000010 0.702639
0.007779 0.000010 0.313863 0.000010 0.000010 0.678328
0.000010 0.000010 0.210282 0.000010 0.063815 0.725873
0.000010 0.000010 0.067193 0.000010 0.052276 0.880501
0.000010 0.000010 0.000010 0.999950 0.000010 0.000010
0.000010 0.000010 0.540021 0.000010 0.000010 0.459939
0.000010 0.000010 0.016353 0.000010 0.080531 0.903085
0.000018 0.000010 0.369007 0.630945 0.000010 0.000010
0.000010 0.000010 0.000010 0.999950 0.000010 0.000010
0.000010 0.000010 0.027440 0.000010 0.000010 0.972520
0.011809 0.000010 0.240685 0.000010 0.000010 0.747476
0.000010 0.000010 0.087563 0.000010 0.000010 0.912397
0.000010 0.000010 0.000010 0.000010 0.000010 0.999950
0.000010 0.000010 0.037553 0.000010 0.000010 0.962407
0.000010 0.000010 0.000010 0.000010 0.000010 0.999950
0.999950 0.000010 0.000010 0.000010 0.000010 0.000010
0.000010 0.000010 0.000010 0.000010 0.004736 0.995224
0.000010 0.000010 0.359282 0.000010 0.000010 0.640678
0.000010 0.000010 0.134630 0.000010 0.014325 0.851015
0.000010 0.000010 0.558880 0.000010 0.000010 0.441080
0.000010 0.000010 0.281798 0.000010 0.000010 0.718162
0.000010 0.000010 0.999950 0.000010 0.000010 0.000010
0.000010 0.000010 0.999950 0.000010 0.000010 0.000010
0.000010 0.000010 0.131325 0.000010 0.000010 0.868635
0.000010 0.000010 0.835620 0.000010 0.000010 0.164340
0.000010 0.000010 0.426136 0.000010 0.000010 0.573824
0.000010 0.000010 0.095858 0.000010 0.000010 0.904102
0.000010 0.000010 0.110981 0.000010 0.000010 0.888979
0.000010 0.000010 0.317060 0.000010 0.000010 0.682900
0.000010 0.000010 0.013287 0.000010 0.056771 0.929913
0.000010 0.000010 0.029150 0.000010 0.054029 0.916791
0.000010 0.000010 0.613883 0.000010 0.000010 0.386077
0.000010 0.000010 0.382099 0.368029 0.000010 0.249841
0.000010 0.000010 0.785757 0.000010 0.000010 0.214203
0.000010 0.000010 0.072365 0.927595 0.000010 0.000010
0.000010 0.000010 0.294354 0.000010 0.000010 0.705606
0.000010 0.000010 0.008768 0.000010 0.000010 0.991192
0.000010 0.000010 0.019012 0.000010 0.024758 0.956200
0.000010 0.000010 0.607543 0.000010 0.000010 0.392417
0.000010 0.000017 0.195683 0.000010 0.066178 0.738103
0.000010 0.000010 0.238011 0.000010 0.107638 0.654321
0.000010 0.000010 0.999950 0.000010 0.000010 0.000010
0.000010 0.000010 0.628635 0.000010 0.000010 0.371325
0.000010 0.000010 0.000010 0.999950 0.000010 0.000010
0.000010 0.007761 0.335025 0.000010 0.052340 0.604854
0.000010 0.000010 0.000010 0.999950 0.000010 0.000010
0.000010 0.000010 0.035763 0.000010 0.000010 0.964197
0.000010 0.000010 0.271967 0.000010 0.030081 0.697922
0.000010 0.000010 0.723838 0.005338 0.000010 0.270794
0.000010 0.000010 0.999950 0.000010 0.000010 0.000010
0.000010 0.000010 0.415882 0.000010 0.000010 0.584078
0.000010 0.000010 0.414557 0.000010 0.000010 0.585403
0.000010 0.000010 0.000010 0.000010 0.003965 0.995995
0.000010 0.000010 0.000010 0.000010 0.000010 0.999950
0.000010 0.000010 0.432725 0.000010 0.000010 0.567235
0.000010 0.000010 0.059362 0.000010 0.000010 0.940598
0.000010 0.000010 0.009955 0.000010 0.012319 0.977696
0.000010 0.000010 0.999950 0.000010 0.000010 0.000010
0.000010 0.000010 0.999950 0.000010 0.000010 0.000010
0.000010 0.000010 0.061889 0.000010 0.000010 0.938071
0.000010 0.000010 0.541060 0.000010 0.035178 0.423732
0.000010 0.000010 0.999950 0.000010 0.000010 0.000010
0.000010 0.000010 0.363385 0.000010 0.000010 0.636575
0.000010 0.000010 0.999950 0.000010 0.000010 0.000010
0.000010 0.000010 0.478538 0.000010 0.000010 0.521422
0.000010 0.000010 0.415044 0.000010 0.000010 0.584916
0.000010 0.000010 0.238274 0.000010 0.000010 0.761686
0.000010 0.000010 0.322407 0.000010 0.000010 0.677553
0.000010 0.000010 0.356642 0.013570 0.004844 0.624924
