0.000000	0.245939	0.212297	0.248478	0.249442	0.212622	0.213559	0.214911	0.215831	0.210565	0.217917	0.214979	0.216286	0.209412	0.239529	0.207196	0.211715	0.211225	0.244157	0.213386	0.213975	0.238162	0.249671	0.251284	0.251778	0.257047	0.217777	0.245809	0.253287	0.256610	0.254512	0.252282	0.249642	0.245957	0.215954	0.219794	0.254975	0.209532	0.253500	0.216808	0.247883	0.253344	0.212404	0.214002	0.258875	0.239446	0.255219	0.253139	0.253020	0.254219	0.256950	0.250406	0.240526	0.255617	0.230877	0.248966	0.241589	0.242875	0.257133	0.253569	0.253612	0.257662	0.258053	0.257381	0.234145	0.257535	0.250514	0.256937	0.248934	0.252563	0.243941	0.236367	0.248413	0.252308	0.224483	0.231336	0.232519	0.250565	0.248394	0.255344	0.252237	0.257298	0.256063	0.252280	0.243980	0.242451	0.240592	0.254466	0.255819	0.254219	0.249796	0.256475	0.250110	0.229314	0.257652	0.241824	0.256010	0.241401	0.256760	0.255142	0.252815	0.247470	0.251119	0.254238	0.258882	0.254265	0.248200	0.255619	0.257421	0.247804	0.242984	0.256001	0.256170	0.256024	0.257939	0.243415	0.253532	0.246578	0.254261	0.253199	0.254744	0.249317	0.252065	
0.245939	0.000000	0.249365	0.208285	0.219779	0.247350	0.247725	0.251925	0.248132	0.243938	0.241203	0.256649	0.256785	0.251168	0.204552	0.244604	0.242334	0.243378	0.207336	0.240700	0.248889	0.201558	0.217635	0.224405	0.222354	0.230948	0.248548	0.210701	0.221738	0.223688	0.213478	0.214822	0.213234	0.207560	0.253488	0.250989	0.223931	0.243742	0.222969	0.248365	0.207794	0.222125	0.247627	0.251474	0.228534	0.238341	0.222437	0.226583	0.224031	0.225312	0.225282	0.225644	0.240812	0.229448	0.233654	0.220130	0.238462	0.250297	0.230192	0.225466	0.222564	0.226257	0.225381	0.228453	0.245578	0.224299	0.221903	0.224330	0.222365	0.223203	0.220852	0.222523	0.224776	0.226172	0.243504	0.244639	0.247701	0.224589	0.221593	0.226429	0.223021	0.223127	0.224443	0.224955	0.232062	0.214576	0.240587	0.224806	0.223808	0.224974	0.223666	0.230105	0.221998	0.220470	0.229389	0.239394	0.227071	0.246085	0.225374	0.224887	0.224442	0.214898	0.221638	0.223954	0.224479	0.227517	0.222826	0.226304	0.223611	0.221055	0.222771	0.224998	0.230244	0.230325	0.228148	0.212460	0.222555	0.219433	0.220235	0.223807	0.225039	0.219792	0.221177	
0.212297	0.249365	0.000000	0.248261	0.250583	0.214223	0.210621	0.214240	0.216636	0.211941	0.219736	0.218119	0.215354	0.214062	0.245469	0.208092	0.211911	0.208981	0.245227	0.212494	0.213514	0.239673	0.254606	0.255730	0.253296	0.257521	0.212843	0.249887	0.254673	0.255869	0.254618	0.253068	0.250384	0.247450	0.218532	0.220201	0.257426	0.210349	0.253071	0.214571	0.248104	0.254052	0.211051	0.214926	0.258386	0.238460	0.259486	0.254668	0.257944	0.256598	0.257188	0.254000	0.243885	0.259316	0.231457	0.252659	0.242905	0.245240	0.259622	0.254141	0.258685	0.258690	0.256188	0.260756	0.231205	0.255358	0.255281	0.255734	0.250707	0.254738	0.243687	0.234166	0.253252	0.252022	0.224965	0.229479	0.231816	0.254653	0.253765	0.256761	0.250543	0.255823	0.255945	0.254278	0.247755	0.248883	0.243601	0.257994	0.258931	0.259404	0.253507	0.259080	0.256649	0.223696	0.258160	0.243067	0.257756	0.241474	0.256710	0.255707	0.252594	0.250174	0.258523	0.257767	0.259873	0.260013	0.255571	0.258627	0.255441	0.248246	0.238908	0.257442	0.256065	0.255442	0.256669	0.241931	0.253250	0.250266	0.253664	0.256538	0.255213	0.252946	0.252304	
0.248478	0.208285	0.248261	0.000000	0.221734	0.249275	0.249003	0.253884	0.248026	0.246374	0.240430	0.258719	0.257153	0.251661	0.209883	0.246944	0.243875	0.245833	0.207964	0.245184	0.250979	0.203714	0.220504	0.224387	0.224192	0.232514	0.250546	0.211902	0.225780	0.226489	0.215994	0.215327	0.212374	0.210964	0.253402	0.254307	0.224218	0.246306	0.221590	0.247133	0.207412	0.223574	0.248170	0.252094	0.226829	0.240456	0.225376	0.226585	0.225455	0.229346	0.228995	0.226628	0.242990	0.229702	0.237805	0.223293	0.240569	0.248763	0.229079	0.225330	0.229637	0.230014	0.226740	0.230567	0.250296	0.228302	0.224671	0.226182	0.229250	0.225713	0.224205	0.223347	0.225223	0.231365	0.247299	0.249299	0.250495	0.228980	0.226065	0.227126	0.221952	0.226682	0.225518	0.225274	0.233090	0.217976	0.243140	0.225474	0.225598	0.228168	0.226521	0.227953	0.224433	0.220333	0.227720	0.241639	0.228236	0.242180	0.227131	0.224703	0.224799	0.223512	0.228160	0.226181	0.227749	0.229153	0.228438	0.227689	0.230638	0.224504	0.226659	0.224442	0.231413	0.231916	0.232411	0.216796	0.222575	0.226204	0.221387	0.226247	0.224189	0.227170	0.228376	
0.249442	0.219779	0.250583	0.221734	0.000000	0.254174	0.253043	0.258072	0.250084	0.245977	0.246326	0.262292	0.255107	0.250692	0.217136	0.250038	0.242356	0.251298	0.222569	0.248848	0.255261	0.215743	0.214212	0.215647	0.219046	0.214190	0.249237	0.218656	0.213622	0.212089	0.222569	0.224789	0.221791	0.217750	0.253637	0.251517	0.215095	0.249331	0.213952	0.249943	0.220141	0.214152	0.255971	0.254624	0.217260	0.237327	0.220221	0.217659	0.215325	0.218771	0.213745	0.214142	0.235187	0.212366	0.236227	0.210477	0.237956	0.241421	0.219726	0.217950	0.216050	0.219202	0.220658	0.217073	0.251429	0.216933	0.217319	0.217597	0.213682	0.220149	0.214147	0.219170	0.210132	0.217284	0.248238	0.251333	0.254866	0.216309	0.215904	0.217190	0.213705	0.218211	0.215925	0.214436	0.229603	0.208351	0.242531	0.216765	0.219022	0.217014	0.218350	0.213528	0.210217	0.213257	0.213647	0.239645	0.214069	0.241695	0.217103	0.212971	0.217216	0.219423	0.212789	0.218122	0.218334	0.219365	0.214348	0.219878	0.214829	0.222588	0.216656	0.213810	0.216961	0.217101	0.218110	0.212282	0.213043	0.216323	0.212954	0.216542	0.216803	0.213255	0.214107	
0.212622	0.247350	0.214223	0.249275	0.254174	0.000000	0.213119	0.217247	0.217700	0.215069	0.225110	0.222803	0.222028	0.217816	0.243133	0.212899	0.210588	0.211877	0.245551	0.215994	0.214843	0.241398	0.251721	0.251723	0.254434	0.256743	0.215713	0.246588	0.254206	0.256433	0.254905	0.254522	0.250808	0.248200	0.219373	0.221347	0.252279	0.215950	0.249781	0.216348	0.249962	0.252182	0.211924	0.217026	0.258296	0.241829	0.252893	0.254722	0.253648	0.254115	0.258091	0.255559	0.240567	0.258403	0.235966	0.253607	0.242392	0.246179	0.258138	0.254048	0.255357	0.257979	0.259501	0.257192	0.232965	0.260266	0.256158	0.255287	0.250558	0.252629	0.249331	0.234106	0.248820	0.250139	0.226101	0.226678	0.233192	0.253949	0.251810	0.258058	0.253022	0.257213	0.255642	0.250599	0.245277	0.241674	0.243898	0.254506	0.259163	0.259095	0.253206	0.256381	0.252131	0.214885	0.256218	0.242639	0.258617	0.244338	0.260494	0.251193	0.250233	0.245735	0.254531	0.255632	0.258072	0.257659	0.249727	0.255159	0.253414	0.249128	0.245508	0.257480	0.258495	0.259052	0.258892	0.242727	0.251784	0.249076	0.254204	0.252949	0.252430	0.252349	0.250913	
0.213559	0.247725	0.210621	0.249003	0.253043	0.213119	0.000000	0.217584	0.217083	0.213070	0.220089	0.216011	0.214306	0.212129	0.246569	0.211431	0.207890	0.210097	0.246306	0.211742	0.215734	0.242361	0.259129	0.253727	0.252831	0.258637	0.212716	0.249689	0.257705	0.256319	0.251713	0.251208	0.249803	0.246939	0.211649	0.214409	0.255858	0.216568	0.252163	0.213324	0.249255	0.256360	0.214436	0.216775	0.262070	0.239938	0.257059	0.259945	0.256521	0.259137	0.258348	0.257556	0.243387	0.261554	0.238050	0.254189	0.246442	0.247069	0.260309	0.258080	0.259006	0.261741	0.262854	0.262256	0.236795	0.255760	0.255244	0.259486	0.249135	0.255865	0.250359	0.239304	0.252513	0.255161	0.226648	0.230715	0.233788	0.254552	0.255481	0.260889	0.254038	0.257272	0.258564	0.249222	0.248163	0.245208	0.242980	0.257173	0.257824	0.258760	0.256342	0.262854	0.259506	0.229231	0.256038	0.242973	0.258222	0.243661	0.263843	0.256165	0.253706	0.247619	0.255312	0.259210	0.262688	0.259427	0.254311	0.257914	0.256394	0.256110	0.244555	0.254955	0.262338	0.260727	0.264495	0.248475	0.254055	0.248336	0.254576	0.253851	0.256780	0.250214	0.250292	
0.214911	0.251925	0.214240	0.253884	0.258072	0.217247	0.217584	0.000000	0.216458	0.214752	0.226921	0.220033	0.219889	0.214332	0.248271	0.213881	0.214638	0.211848	0.250715	0.215434	0.215117	0.242252	0.257706	0.256373	0.258050	0.262988	0.218217	0.250516	0.258927	0.260556	0.257864	0.257222	0.257227	0.251022	0.224211	0.223726	0.257663	0.215807	0.260394	0.216031	0.254199	0.257121	0.215599	0.219221	0.262260	0.242434	0.260967	0.259504	0.261477	0.255817	0.263374	0.259862	0.251047	0.266020	0.239452	0.255211	0.241921	0.246826	0.263052	0.261771	0.258651	0.265169	0.262873	0.263577	0.238030	0.263707	0.257936	0.260465	0.254285	0.262047	0.252919	0.244321	0.255424	0.258491	0.233031	0.235006	0.237868	0.257242	0.256384	0.261687	0.255324	0.263332	0.258376	0.258874	0.249841	0.247516	0.245427	0.254870	0.268425	0.263214	0.257945	0.259681	0.258861	0.234614	0.259456	0.249267	0.260562	0.249815	0.259864	0.256090	0.256830	0.251651	0.257530	0.259847	0.262262	0.260855	0.256775	0.260406	0.261207	0.255355	0.247314	0.259599	0.263500	0.263559	0.261236	0.242548	0.254011	0.251322	0.257607	0.258922	0.255532	0.257216	0.256462	
0.215831	0.248132	0.216636	0.248026	0.250084	0.217700	0.217083	0.216458	0.000000	0.218319	0.221937	0.221540	0.218274	0.213761	0.245529	0.215640	0.209130	0.216398	0.248206	0.216838	0.215982	0.243055	0.255923	0.257347	0.255266	0.256122	0.218274	0.247235	0.255613	0.253676	0.253688	0.253723	0.250096	0.246104	0.217695	0.222575	0.254649	0.213258	0.255876	0.215209	0.246968	0.256185	0.217200	0.216549	0.258021	0.245098	0.257459	0.257369	0.255179	0.256994	0.256198	0.255559	0.242506	0.260668	0.240351	0.249859	0.246279	0.248892	0.260947	0.254511	0.257137	0.258420	0.260079	0.259230	0.232121	0.258601	0.253198	0.260114	0.252109	0.252861	0.245105	0.235209	0.252743	0.251281	0.230148	0.230158	0.234496	0.254877	0.253756	0.256125	0.253302	0.255916	0.256289	0.256922	0.249251	0.245509	0.243838	0.257053	0.260850	0.259885	0.254417	0.257769	0.254458	0.222596	0.259049	0.243803	0.255776	0.244310	0.259659	0.253191	0.255142	0.248266	0.256328	0.258734	0.258112	0.257776	0.251927	0.257784	0.255347	0.248131	0.242290	0.254744	0.258863	0.261906	0.258916	0.244249	0.253684	0.249164	0.253816	0.254050	0.254439	0.252999	0.252304	
0.210565	0.243938	0.211941	0.246374	0.245977	0.215069	0.213070	0.214752	0.218319	0.000000	0.225029	0.220297	0.218818	0.214530	0.243874	0.214800	0.207634	0.210230	0.248485	0.213907	0.213170	0.240155	0.254953	0.251405	0.254844	0.254708	0.212397	0.245084	0.251589	0.255490	0.250000	0.252117	0.246846	0.245869	0.215510	0.214645	0.253436	0.215696	0.251966	0.210518	0.246343	0.254386	0.213076	0.216482	0.259777	0.237466	0.255580	0.251409	0.254043	0.253665	0.256695	0.253724	0.240251	0.256421	0.230934	0.247322	0.238799	0.246571	0.258248	0.254799	0.254913	0.260539	0.258451	0.260760	0.231159	0.256795	0.252112	0.254881	0.249387	0.251971	0.246740	0.230462	0.248215	0.251043	0.226709	0.228859	0.233652	0.252665	0.253437	0.257964	0.255090	0.256369	0.254129	0.252464	0.246596	0.243970	0.240290	0.255185	0.259351	0.256381	0.249638	0.255680	0.254341	0.231088	0.253156	0.239672	0.252214	0.241171	0.254308	0.254614	0.252601	0.244947	0.254736	0.253162	0.255519	0.258359	0.248203	0.254574	0.251251	0.243942	0.240030	0.254286	0.256052	0.256920	0.256395	0.241407	0.251759	0.249030	0.251777	0.258340	0.252818	0.250150	0.250865	
0.217917	0.241203	0.219736	0.240430	0.246326	0.225110	0.220089	0.226921	0.221937	0.225029	0.000000	0.230334	0.225401	0.220215	0.238379	0.223988	0.216128	0.224089	0.230718	0.221024	0.219878	0.230010	0.253306	0.246019	0.252732	0.237834	0.222751	0.234494	0.250456	0.246159	0.243334	0.244439	0.244260	0.242207	0.226896	0.227630	0.251511	0.221127	0.252012	0.223942	0.241101	0.252804	0.224417	0.221583	0.251207	0.237530	0.254293	0.252121	0.247334	0.248815	0.244036	0.251164	0.233230	0.238952	0.236630	0.244422	0.239657	0.241482	0.250880	0.248137	0.249598	0.256036	0.254253	0.251823	0.236956	0.250528	0.240853	0.251275	0.243430	0.252903	0.231908	0.231710	0.246691	0.245559	0.233503	0.233725	0.240884	0.247902	0.249896	0.251797	0.250453	0.245975	0.247861	0.247961	0.242335	0.241749	0.237578	0.250557	0.250117	0.250220	0.246412	0.242516	0.244941	0.224159	0.236327	0.242205	0.242185	0.239141	0.249342	0.247630	0.246509	0.238430	0.249110	0.248546	0.249974	0.253332	0.247574	0.252390	0.253382	0.231461	0.227307	0.252639	0.238560	0.236750	0.239621	0.236842	0.248424	0.239186	0.245331	0.249082	0.247521	0.247710	0.249058	
0.214979	0.256649	0.218119	0.258719	0.262292	0.222803	0.216011	0.220033	0.221540	0.220297	0.230334	0.000000	0.140063	0.133948	0.253364	0.217728	0.217572	0.220495	0.255195	0.215883	0.219765	0.246617	0.262085	0.261835	0.260915	0.266916	0.223279	0.259287	0.265993	0.270563	0.262920	0.263740	0.261950	0.255705	0.221212	0.222320	0.266352	0.218221	0.263275	0.222064	0.256166	0.261789	0.220355	0.220168	0.271354	0.252372	0.268957	0.263626	0.266046	0.263568	0.267958	0.264796	0.252893	0.266679	0.244457	0.262473	0.253599	0.257583	0.267053	0.264672	0.265007	0.264875	0.266309	0.269063	0.241454	0.265861	0.265770	0.265250	0.264728	0.263274	0.256749	0.244810	0.260138	0.258438	0.234787	0.235216	0.239218	0.260414	0.263304	0.266413	0.263512	0.268645	0.266161	0.266239	0.254404	0.257740	0.253467	0.264624	0.268344	0.267420	0.264395	0.272023	0.266009	0.241090	0.268079	0.255703	0.268278	0.252022	0.266804	0.265131	0.262340	0.259733	0.265270	0.266817	0.268153	0.270571	0.260647	0.266207	0.266826	0.256512	0.246809	0.264745	0.266202	0.263926	0.268305	0.248912	0.261727	0.256454	0.261715	0.263454	0.260489	0.258701	0.262399	
0.216286	0.256785	0.215354	0.257153	0.255107	0.222028	0.214306	0.219889	0.218274	0.218818	0.225401	0.140063	0.000000	0.130224	0.250725	0.218483	0.217513	0.218423	0.254046	0.219442	0.217981	0.244568	0.262881	0.257845	0.261063	0.264466	0.219427	0.252940	0.260857	0.261555	0.256789	0.256791	0.257211	0.252950	0.218558	0.219679	0.261539	0.219377	0.263506	0.219995	0.255320	0.261957	0.219530	0.219721	0.265285	0.249050	0.265835	0.258863	0.262438	0.260738	0.260868	0.260349	0.249480	0.263797	0.243350	0.254714	0.249243	0.254871	0.266084	0.260701	0.264446	0.262835	0.265647	0.268633	0.240837	0.265423	0.261635	0.262295	0.258353	0.262407	0.255169	0.238647	0.257384	0.258806	0.233935	0.236469	0.241995	0.259561	0.261497	0.265507	0.261691	0.263252	0.263013	0.260735	0.255485	0.253046	0.250091	0.260318	0.264921	0.264320	0.263082	0.264129	0.259859	0.231010	0.263267	0.249514	0.259602	0.246632	0.263245	0.260444	0.258660	0.255618	0.261100	0.262795	0.262323	0.268572	0.259747	0.265078	0.262077	0.253329	0.243484	0.261265	0.262390	0.263257	0.262693	0.247679	0.260331	0.256528	0.262670	0.261911	0.260377	0.262445	0.258281	
0.209412	0.251168	0.214062	0.251661	0.250692	0.217816	0.212129	0.214332	0.213761	0.214530	0.220215	0.133948	0.130224	0.000000	0.247356	0.213475	0.210911	0.214864	0.248773	0.216221	0.214217	0.243532	0.256659	0.253768	0.256355	0.257013	0.214018	0.246761	0.257896	0.258939	0.250979	0.253095	0.252713	0.248147	0.212565	0.212556	0.258953	0.212320	0.254645	0.217010	0.249829	0.258504	0.214164	0.219331	0.262990	0.242342	0.260068	0.257747	0.257709	0.256942	0.254890	0.256808	0.241923	0.259957	0.238596	0.250628	0.245425	0.250388	0.261267	0.256319	0.256928	0.257063	0.259913	0.261831	0.233516	0.258623	0.255271	0.260386	0.251850	0.259133	0.247711	0.238386	0.252025	0.254283	0.231161	0.232626	0.235948	0.255632	0.255990	0.259572	0.255636	0.259709	0.261585	0.256422	0.249273	0.248207	0.246205	0.257154	0.260329	0.260028	0.256163	0.258640	0.254970	0.227583	0.258141	0.246209	0.255782	0.244460	0.260334	0.257585	0.252873	0.249599	0.258222	0.261147	0.259359	0.260769	0.255134	0.258507	0.256572	0.249553	0.240610	0.258474	0.258086	0.256821	0.257595	0.242102	0.253386	0.253516	0.256586	0.258163	0.254197	0.253428	0.253338	
0.239529	0.204552	0.245469	0.209883	0.217136	0.243133	0.246569	0.248271	0.245529	0.243874	0.238379	0.253364	0.250725	0.247356	0.000000	0.242463	0.241388	0.244387	0.203401	0.239141	0.245902	0.203899	0.220226	0.223013	0.219174	0.230796	0.247109	0.208889	0.221726	0.224947	0.212802	0.212953	0.210101	0.207607	0.250279	0.250891	0.224263	0.243717	0.221206	0.248638	0.208153	0.221667	0.247869	0.247124	0.225333	0.237032	0.224018	0.220564	0.223491	0.218174	0.226663	0.221974	0.241318	0.230357	0.230485	0.222446	0.235149	0.244771	0.226335	0.225270	0.223128	0.222332	0.227330	0.226947	0.245822	0.226096	0.218109	0.223758	0.220949	0.222829	0.221574	0.217510	0.221176	0.225143	0.241042	0.242860	0.246494	0.226078	0.224644	0.226121	0.221840	0.224042	0.224426	0.221264	0.228615	0.217337	0.238372	0.221315	0.226069	0.223776	0.218675	0.228241	0.219524	0.220283	0.227515	0.236775	0.225090	0.239078	0.222383	0.221369	0.221806	0.216657	0.218523	0.223721	0.223078	0.225034	0.221731	0.224514	0.224113	0.222453	0.224372	0.223152	0.233201	0.230353	0.227865	0.212924	0.221470	0.221625	0.220568	0.221157	0.220744	0.218775	0.221173	
0.207196	0.244604	0.208092	0.246944	0.250038	0.212899	0.211431	0.213881	0.215640	0.214800	0.223988	0.217728	0.218483	0.213475	0.242463	0.000000	0.210348	0.215441	0.243822	0.209429	0.210946	0.235394	0.248917	0.249391	0.251827	0.255470	0.216786	0.248141	0.253887	0.256323	0.250995	0.250747	0.250000	0.246260	0.217363	0.218240	0.256595	0.213152	0.254284	0.213524	0.245642	0.253775	0.214989	0.214818	0.258198	0.238798	0.253564	0.254658	0.252413	0.252425	0.259595	0.253476	0.242180	0.258278	0.232560	0.253120	0.239382	0.244908	0.257817	0.253252	0.254828	0.254212	0.260268	0.261768	0.234715	0.257508	0.253433	0.256081	0.250205	0.255155	0.249360	0.236274	0.250497	0.252914	0.230705	0.231527	0.235447	0.251151	0.254209	0.255002	0.251618	0.257135	0.253870	0.250798	0.244988	0.241368	0.240860	0.252935	0.259293	0.256993	0.253251	0.261157	0.255845	0.226213	0.260945	0.242763	0.256188	0.239362	0.256315	0.254634	0.249025	0.240457	0.251571	0.254752	0.255604	0.257420	0.252630	0.253572	0.255022	0.249446	0.243699	0.257185	0.257019	0.261324	0.259094	0.237731	0.252465	0.249085	0.252334	0.252838	0.250226	0.249026	0.246985	
0.211715	0.242334	0.211911	0.243875	0.242356	0.210588	0.207890	0.214638	0.209130	0.207634	0.216128	0.217572	0.217513	0.210911	0.241388	0.210348	0.000000	0.206254	0.242377	0.208283	0.212013	0.233788	0.249889	0.246453	0.249802	0.248489	0.210785	0.240602	0.248432	0.247413	0.242153	0.243241	0.241068	0.241541	0.205518	0.207485	0.249074	0.212465	0.249031	0.212555	0.247175	0.251945	0.211683	0.215412	0.254221	0.234697	0.252596	0.250643	0.250800	0.248036	0.245975	0.251325	0.229129	0.253533	0.234024	0.243959	0.237670	0.243033	0.251645	0.251110	0.250935	0.255038	0.251816	0.253695	0.228552	0.254917	0.245428	0.251366	0.246112	0.252063	0.237492	0.232574	0.244035	0.247181	0.224503	0.224951	0.227198	0.249101	0.247209	0.251055	0.248268	0.253181	0.249571	0.245775	0.241561	0.236083	0.235887	0.248896	0.252709	0.254810	0.242148	0.250644	0.245570	0.222678	0.250805	0.241268	0.247866	0.236890	0.252121	0.251966	0.249027	0.242602	0.247802	0.249684	0.252744	0.253558	0.243153	0.252585	0.249684	0.239269	0.239020	0.255095	0.250379	0.249171	0.251124	0.238345	0.247348	0.239962	0.246447	0.251558	0.247987	0.244095	0.248527	
0.211225	0.243378	0.208981	0.245833	0.251298	0.211877	0.210097	0.211848	0.216398	0.210230	0.224089	0.220495	0.218423	0.214864	0.244387	0.215441	0.206254	0.000000	0.245833	0.212025	0.212176	0.238173	0.252299	0.254841	0.250399	0.256809	0.214363	0.245313	0.254966	0.255802	0.253079	0.251366	0.250224	0.243929	0.215890	0.216707	0.253596	0.211389	0.252285	0.214745	0.249033	0.250432	0.213138	0.213522	0.255924	0.240403	0.254280	0.252389	0.250878	0.250601	0.257286	0.253800	0.244010	0.257550	0.238363	0.253451	0.243951	0.244290	0.257208	0.252322	0.254925	0.256959	0.257591	0.257559	0.229130	0.254237	0.252404	0.256432	0.249013	0.253554	0.245540	0.234348	0.250868	0.251890	0.226013	0.225744	0.231510	0.251666	0.249528	0.257215	0.253943	0.254346	0.254801	0.253876	0.245918	0.240833	0.243320	0.249072	0.255972	0.255513	0.255426	0.256920	0.255735	0.229175	0.255287	0.243079	0.255199	0.243514	0.255903	0.252503	0.250099	0.248067	0.250466	0.253680	0.255085	0.260472	0.248644	0.254425	0.255793	0.250559	0.241718	0.253073	0.257731	0.255582	0.255697	0.240155	0.251979	0.249009	0.251835	0.253277	0.253092	0.250991	0.247146	
0.244157	0.207336	0.245227	0.207964	0.222569	0.245551	0.246306	0.250715	0.248206	0.248485	0.230718	0.255195	0.254046	0.248773	0.203401	0.243822	0.242377	0.245833	0.000000	0.238475	0.248317	0.206065	0.217852	0.223903	0.225393	0.228384	0.251834	0.211332	0.222628	0.222964	0.213092	0.214727	0.211857	0.205920	0.250362	0.253959	0.221825	0.246132	0.226103	0.248202	0.207133	0.222050	0.247894	0.250686	0.229309	0.237303	0.225460	0.224254	0.224662	0.224158	0.227451	0.223691	0.239387	0.230231	0.235344	0.223978	0.239508	0.246175	0.229163	0.224540	0.225524	0.227184	0.228799	0.231154	0.251163	0.225539	0.222400	0.223118	0.221966	0.225258	0.221940	0.219168	0.219997	0.227451	0.247490	0.248944	0.254779	0.222790	0.221998	0.221126	0.221775	0.226880	0.226759	0.222997	0.232014	0.217954	0.241108	0.222394	0.226900	0.225712	0.222787	0.227620	0.227293	0.217813	0.227522	0.239464	0.228504	0.240967	0.228525	0.225640	0.224450	0.221591	0.222521	0.223734	0.225113	0.226167	0.220446	0.225545	0.225623	0.223917	0.222452	0.225664	0.232688	0.233157	0.228864	0.216891	0.221973	0.221195	0.222712	0.224407	0.224147	0.222231	0.220146	
0.213386	0.240700	0.212494	0.245184	0.248848	0.215994	0.211742	0.215434	0.216838	0.213907	0.221024	0.215883	0.219442	0.216221	0.239141	0.209429	0.208283	0.212025	0.238475	0.000000	0.215505	0.232875	0.247619	0.251920	0.250376	0.252590	0.217075	0.241340	0.249009	0.252307	0.251801	0.251424	0.247573	0.240867	0.217899	0.220500	0.248809	0.213677	0.247478	0.215570	0.245661	0.250020	0.212227	0.218058	0.254002	0.238535	0.253555	0.250742	0.249008	0.252225	0.256291	0.251129	0.243228	0.258282	0.235051	0.249287	0.240443	0.244785	0.253977	0.250409	0.251486	0.254668	0.256422	0.253438	0.234459	0.254472	0.251968	0.251361	0.243780	0.251783	0.239916	0.232365	0.245507	0.247026	0.226456	0.231029	0.232607	0.250417	0.250799	0.253421	0.249508	0.252150	0.254676	0.249556	0.246515	0.242830	0.239724	0.250958	0.254791	0.252056	0.249098	0.254289	0.253383	0.223561	0.254509	0.240821	0.254136	0.241636	0.257137	0.252996	0.249381	0.244890	0.247895	0.249662	0.254951	0.255837	0.247721	0.254844	0.253032	0.243354	0.236904	0.250925	0.253876	0.255761	0.255820	0.237869	0.249128	0.247113	0.249383	0.252134	0.248475	0.245585	0.248404	
0.213975	0.248889	0.213514	0.250979	0.255261	0.214843	0.215734	0.215117	0.215982	0.213170	0.219878	0.219765	0.217981	0.214217	0.245902	0.210946	0.212013	0.212176	0.248317	0.215505	0.000000	0.237762	0.255896	0.254356	0.256003	0.254805	0.217827	0.249805	0.258415	0.256624	0.252781	0.255444	0.252492	0.248010	0.218663	0.218825	0.258969	0.213284	0.254397	0.216371	0.247835	0.259377	0.214165	0.219098	0.258640	0.241674	0.257986	0.255882	0.257392	0.254800	0.257671	0.256906	0.246219	0.260127	0.234850	0.255525	0.241039	0.247458	0.261132	0.256540	0.257568	0.261589	0.261883	0.260924	0.232877	0.261570	0.257590	0.256905	0.250665	0.257012	0.249681	0.233364	0.253609	0.251443	0.228500	0.228516	0.233984	0.255097	0.255013	0.257195	0.257608	0.257250	0.258760	0.256380	0.250467	0.246465	0.242026	0.256673	0.259818	0.261556	0.255692	0.263363	0.256247	0.227735	0.258974	0.243846	0.260305	0.240592	0.256740	0.257759	0.250713	0.248099	0.258244	0.256330	0.259730	0.261327	0.254195	0.257655	0.258792	0.247955	0.246404	0.259018	0.258657	0.259740	0.260071	0.241207	0.253130	0.249440	0.254991	0.256262	0.255250	0.254867	0.251114	
0.238162	0.201558	0.239673	0.203714	0.215743	0.241398	0.242361	0.242252	0.243055	0.240155	0.230010	0.246617	0.244568	0.243532	0.203899	0.235394	0.233788	0.238173	0.206065	0.232875	0.237762	0.000000	0.219300	0.223169	0.219075	0.228401	0.243635	0.208782	0.222134	0.226444	0.209991	0.211756	0.208444	0.208382	0.244138	0.244215	0.224469	0.240090	0.221360	0.240793	0.206467	0.220387	0.241113	0.246834	0.224752	0.235075	0.224059	0.220479	0.221050	0.218862	0.226604	0.222618	0.236475	0.226165	0.229844	0.219216	0.232167	0.242900	0.230129	0.221960	0.222523	0.226137	0.221083	0.225925	0.241157	0.221007	0.216984	0.222031	0.218955	0.223640	0.218082	0.210806	0.220343	0.219450	0.240274	0.241362	0.241809	0.219808	0.222697	0.221199	0.218285	0.220642	0.223472	0.222479	0.225787	0.212605	0.234588	0.220898	0.221526	0.221721	0.219305	0.226004	0.222340	0.211496	0.224043	0.235098	0.227502	0.235210	0.220542	0.221263	0.219027	0.218167	0.216488	0.217586	0.220258	0.224315	0.221145	0.224361	0.222914	0.221676	0.215468	0.219040	0.227900	0.224300	0.224386	0.207357	0.220038	0.216288	0.222460	0.220350	0.218373	0.217286	0.219597	
0.249671	0.217635	0.254606	0.220504	0.214212	0.251721	0.259129	0.257706	0.255923	0.254953	0.253306	0.262085	0.262881	0.256659	0.220226	0.248917	0.249889	0.252299	0.217852	0.247619	0.255896	0.219300	0.000000	0.217273	0.213051	0.222004	0.252723	0.225315	0.215889	0.220674	0.227398	0.225669	0.224373	0.222879	0.257162	0.258814	0.216698	0.251965	0.213003	0.252218	0.218903	0.217538	0.254739	0.258267	0.219854	0.241615	0.217470	0.220066	0.216666	0.218172	0.220645	0.220807	0.241697	0.220831	0.235117	0.214771	0.242169	0.245860	0.219097	0.220014	0.216227	0.219202	0.220214	0.222273	0.258338	0.218508	0.218212	0.220469	0.217785	0.219726	0.220403	0.225892	0.218245	0.218310	0.252476	0.254791	0.254748	0.218653	0.217720	0.220741	0.218699	0.217119	0.217426	0.215133	0.228753	0.209383	0.242692	0.218146	0.222167	0.222704	0.218796	0.224437	0.221072	0.221219	0.218584	0.244059	0.220668	0.243063	0.221354	0.220199	0.214894	0.212612	0.218045	0.220597	0.220176	0.221029	0.216434	0.221008	0.219141	0.217291	0.228085	0.219018	0.222742	0.225412	0.225951	0.211762	0.218773	0.219373	0.216876	0.216407	0.215572	0.214763	0.216798	
0.251284	0.224405	0.255730	0.224387	0.215647	0.251723	0.253727	0.256373	0.257347	0.251405	0.246019	0.261835	0.257845	0.253768	0.223013	0.249391	0.246453	0.254841	0.223903	0.251920	0.254356	0.223169	0.217273	0.000000	0.221228	0.225825	0.254478	0.221401	0.214913	0.219243	0.224886	0.222082	0.224449	0.221801	0.253172	0.254938	0.218598	0.253297	0.215189	0.257547	0.222406	0.219225	0.252185	0.259484	0.219994	0.243352	0.220237	0.222184	0.217526	0.220758	0.218003	0.218117	0.239113	0.217035	0.240801	0.215155	0.247092	0.247817	0.220741	0.220212	0.222441	0.223915	0.222029	0.222440	0.256844	0.223747	0.218388	0.221351	0.219217	0.216158	0.216604	0.220424	0.211327	0.221064	0.254219	0.252920	0.258610	0.219961	0.220666	0.218390	0.222316	0.224334	0.219139	0.222146	0.234703	0.211522	0.246082	0.219694	0.224250	0.224951	0.221720	0.216723	0.217569	0.221088	0.219315	0.244853	0.217914	0.245314	0.219935	0.220048	0.219934	0.219774	0.216188	0.220292	0.223589	0.222002	0.219653	0.220714	0.218265	0.216197	0.222677	0.222243	0.220599	0.221624	0.220675	0.213724	0.218548	0.217159	0.217562	0.220461	0.216867	0.218800	0.220241	
0.251778	0.222354	0.253296	0.224192	0.219046	0.254434	0.252831	0.258050	0.255266	0.254844	0.252732	0.260915	0.261063	0.256355	0.219174	0.251827	0.249802	0.250399	0.225393	0.250376	0.256003	0.219075	0.213051	0.221228	0.000000	0.229169	0.252472	0.225145	0.218642	0.219304	0.228218	0.224411	0.223527	0.221723	0.259151	0.260620	0.219547	0.249451	0.220158	0.253525	0.221098	0.217215	0.255385	0.255465	0.222209	0.243512	0.223647	0.220914	0.221784	0.219528	0.218328	0.216911	0.244970	0.225087	0.240975	0.215989	0.244972	0.247577	0.220593	0.223437	0.222184	0.222917	0.220275	0.222116	0.256170	0.221929	0.220461	0.221128	0.221606	0.218100	0.219397	0.219714	0.214614	0.220400	0.250917	0.254534	0.257130	0.218356	0.220231	0.219684	0.219687	0.222163	0.220131	0.219238	0.228999	0.212627	0.245296	0.219509	0.222680	0.218657	0.219146	0.222412	0.223041	0.221927	0.224173	0.242533	0.225417	0.244179	0.223263	0.218603	0.220591	0.209926	0.220628	0.219451	0.221769	0.221448	0.219453	0.219752	0.218494	0.222461	0.223887	0.216860	0.224987	0.226552	0.226600	0.214650	0.220471	0.214563	0.219090	0.220964	0.217713	0.218274	0.220274	
0.257047	0.230948	0.257521	0.232514	0.214190	0.256743	0.258637	0.262988	0.256122	0.254708	0.237834	0.266916	0.264466	0.257013	0.230796	0.255470	0.248489	0.256809	0.228384	0.252590	0.254805	0.228401	0.222004	0.225825	0.229169	0.000000	0.258518	0.215243	0.221138	0.216213	0.225375	0.221286	0.226780	0.227451	0.258440	0.257723	0.225615	0.254795	0.227929	0.257064	0.231571	0.225435	0.256409	0.260358	0.224854	0.243659	0.227147	0.222139	0.224766	0.220416	0.209958	0.219132	0.231148	0.198229	0.242803	0.216474	0.248054	0.253982	0.225532	0.225510	0.223414	0.227455	0.228006	0.226013	0.254507	0.229249	0.226189	0.225029	0.219739	0.222140	0.205289	0.212407	0.220841	0.228206	0.253893	0.256665	0.258989	0.220528	0.223385	0.224551	0.223386	0.229905	0.222906	0.227564	0.232610	0.224201	0.250047	0.225474	0.230300	0.224134	0.224885	0.202258	0.205093	0.211631	0.198035	0.248341	0.205708	0.246596	0.226667	0.224587	0.223368	0.225303	0.223758	0.227064	0.226192	0.224173	0.223194	0.225005	0.221756	0.203734	0.209430	0.222256	0.198382	0.203725	0.203779	0.220107	0.225091	0.223743	0.224502	0.225922	0.223983	0.223175	0.221347	
0.217777	0.248548	0.212843	0.250546	0.249237	0.215713	0.212716	0.218217	0.218274	0.212397	0.222751	0.223279	0.219427	0.214018	0.247109	0.216786	0.210785	0.214363	0.251834	0.217075	0.217827	0.243635	0.252723	0.254478	0.252472	0.258518	0.000000	0.245233	0.254979	0.254526	0.250038	0.252161	0.249538	0.246135	0.213371	0.215562	0.251977	0.217713	0.253864	0.214951	0.250775	0.253492	0.213696	0.213987	0.258044	0.243160	0.258638	0.253173	0.255872	0.254184	0.254993	0.253732	0.242054	0.258428	0.238273	0.252963	0.241067	0.249212	0.260566	0.254874	0.255653	0.258749	0.261893	0.262140	0.234709	0.260431	0.255323	0.260677	0.249796	0.255797	0.248795	0.233861	0.251742	0.254683	0.228727	0.230545	0.232965	0.256507	0.253960	0.258761	0.252921	0.259847	0.257001	0.253831	0.246835	0.244603	0.244069	0.258247	0.260426	0.256866	0.256091	0.259702	0.254939	0.229446	0.256906	0.245103	0.254197	0.245284	0.258243	0.253967	0.253829	0.253512	0.256757	0.255387	0.261178	0.259372	0.255538	0.254581	0.254584	0.246777	0.241122	0.258038	0.257078	0.259411	0.260226	0.241281	0.252265	0.247739	0.254542	0.257220	0.256897	0.253460	0.253280	
0.245809	0.210701	0.249887	0.211902	0.218656	0.246588	0.249689	0.250516	0.247235	0.245084	0.234494	0.259287	0.252940	0.246761	0.208889	0.248141	0.240602	0.245313	0.211332	0.241340	0.249805	0.208782	0.225315	0.221401	0.225145	0.215243	0.245233	0.000000	0.222772	0.221826	0.203066	0.200217	0.202634	0.206880	0.244021	0.250596	0.225451	0.242922	0.225415	0.248457	0.210008	0.225612	0.248397	0.252480	0.227151	0.239738	0.228058	0.227976	0.228185	0.223880	0.209852	0.220793	0.223295	0.214181	0.237289	0.217674	0.241426	0.243266	0.231794	0.228789	0.225317	0.229892	0.228882	0.228340	0.251527	0.228589	0.224155	0.226417	0.224171	0.230601	0.213189	0.215060	0.220871	0.231226	0.248861	0.250523	0.253556	0.226511	0.229543	0.226660	0.226409	0.229091	0.226497	0.230550	0.232423	0.221946	0.238294	0.227628	0.228766	0.226214	0.224723	0.213018	0.210935	0.211448	0.212405	0.240314	0.210285	0.240811	0.227928	0.228093	0.226441	0.226758	0.228676	0.226570	0.230813	0.229987	0.229621	0.228080	0.225989	0.215450	0.217643	0.226039	0.213833	0.212671	0.210554	0.220882	0.228647	0.225242	0.223580	0.227399	0.225152	0.224350	0.229022	
0.253287	0.221738	0.254673	0.225780	0.213622	0.254206	0.257705	0.258927	0.255613	0.251589	0.250456	0.265993	0.260857	0.257896	0.221726	0.253887	0.248432	0.254966	0.222628	0.249009	0.258415	0.222134	0.215889	0.214913	0.218642	0.221138	0.254979	0.222772	0.000000	0.220150	0.226156	0.221636	0.223532	0.224155	0.256924	0.258540	0.219706	0.251661	0.218716	0.255471	0.224094	0.219732	0.256308	0.259012	0.224609	0.242218	0.223427	0.222605	0.219214	0.219923	0.220878	0.218203	0.238994	0.221260	0.236792	0.213477	0.245295	0.249312	0.223529	0.220006	0.222458	0.220821	0.224019	0.220723	0.254949	0.225805	0.218278	0.222066	0.220915	0.219072	0.217402	0.218470	0.213761	0.223298	0.251867	0.253524	0.256881	0.219572	0.219354	0.221428	0.220122	0.225079	0.220615	0.221771	0.232056	0.212542	0.244501	0.221176	0.223701	0.221987	0.219240	0.218978	0.216482	0.218108	0.218997	0.244716	0.218079	0.243746	0.221027	0.218297	0.219704	0.219814	0.218496	0.221660	0.221512	0.222862	0.217273	0.222552	0.218177	0.220295	0.221454	0.219514	0.224106	0.226903	0.221843	0.217684	0.215901	0.216577	0.219958	0.220407	0.220414	0.217563	0.219785	
0.256610	0.223688	0.255869	0.226489	0.212089	0.256433	0.256319	0.260556	0.253676	0.255490	0.246159	0.270563	0.261555	0.258939	0.224947	0.256323	0.247413	0.255802	0.222964	0.252307	0.256624	0.226444	0.220674	0.219243	0.219304	0.216213	0.254526	0.221826	0.220150	0.000000	0.222100	0.222457	0.219933	0.223983	0.257395	0.257816	0.219267	0.252631	0.220812	0.255735	0.226091	0.221553	0.257943	0.258738	0.220768	0.243827	0.220394	0.220278	0.220619	0.220658	0.216151	0.216930	0.241331	0.221483	0.242268	0.213323	0.247622	0.248984	0.222909	0.224808	0.218727	0.225263	0.220729	0.223524	0.258962	0.224592	0.225031	0.223657	0.215948	0.220238	0.215595	0.223678	0.215090	0.225679	0.256070	0.257689	0.256991	0.221386	0.221821	0.222822	0.221891	0.222347	0.221031	0.219376	0.232346	0.214154	0.247698	0.219950	0.223303	0.222542	0.219162	0.216732	0.211497	0.226357	0.220055	0.246189	0.220349	0.245044	0.224260	0.220536	0.223721	0.220399	0.221958	0.219905	0.226990	0.221822	0.217411	0.225881	0.216854	0.224758	0.224633	0.219665	0.218028	0.221842	0.220834	0.216969	0.221656	0.217798	0.214615	0.221836	0.219685	0.217780	0.219794	
0.254512	0.213478	0.254618	0.215994	0.222569	0.254905	0.251713	0.257864	0.253688	0.250000	0.243334	0.262920	0.256789	0.250979	0.212802	0.250995	0.242153	0.253079	0.213092	0.251801	0.252781	0.209991	0.227398	0.224886	0.228218	0.225375	0.250038	0.203066	0.226156	0.222100	0.000000	0.126435	0.130256	0.210947	0.251705	0.251192	0.229417	0.252040	0.228123	0.251994	0.216229	0.230911	0.256291	0.257080	0.230760	0.246599	0.232750	0.229786	0.227896	0.228457	0.219279	0.226727	0.234377	0.220572	0.241054	0.221253	0.246747	0.248298	0.236856	0.230739	0.235115	0.229024	0.234521	0.234291	0.256452	0.233119	0.230195	0.231591	0.229688	0.232038	0.224548	0.218295	0.223200	0.235607	0.252661	0.255587	0.260425	0.232352	0.227024	0.228930	0.230669	0.228305	0.229824	0.234460	0.241120	0.226119	0.246149	0.232926	0.232168	0.231500	0.230618	0.223727	0.216090	0.226073	0.224074	0.248295	0.219385	0.249195	0.231628	0.230268	0.227506	0.229915	0.230314	0.231812	0.233986	0.236176	0.230116	0.232016	0.225957	0.223657	0.228087	0.231875	0.230253	0.225407	0.223650	0.225422	0.231918	0.227164	0.227552	0.231110	0.229990	0.224821	0.231425	
0.252282	0.214822	0.253068	0.215327	0.224789	0.254522	0.251208	0.257222	0.253723	0.252117	0.244439	0.263740	0.256791	0.253095	0.212953	0.250747	0.243241	0.251366	0.214727	0.251424	0.255444	0.211756	0.225669	0.222082	0.224411	0.221286	0.252161	0.200217	0.221636	0.222457	0.126435	0.000000	0.130311	0.211394	0.251657	0.250327	0.230477	0.254079	0.225851	0.253009	0.216648	0.232704	0.254888	0.255902	0.232089	0.246325	0.231003	0.231100	0.230368	0.227887	0.216584	0.224411	0.231753	0.217803	0.244440	0.224554	0.247158	0.250351	0.237426	0.227198	0.234112	0.233014	0.230757	0.234769	0.255932	0.233894	0.230396	0.228125	0.229334	0.230814	0.221975	0.220164	0.224906	0.235606	0.250207	0.253292	0.257000	0.232346	0.228093	0.231731	0.227296	0.227751	0.231057	0.233680	0.238524	0.223461	0.247334	0.231645	0.231782	0.234376	0.228873	0.218614	0.213384	0.229689	0.220701	0.247660	0.217889	0.248168	0.231066	0.230217	0.229345	0.228781	0.228407	0.232471	0.234495	0.232878	0.231089	0.231416	0.227239	0.225543	0.225902	0.232248	0.222919	0.219978	0.218248	0.221254	0.229312	0.224743	0.229631	0.231942	0.230226	0.227138	0.228826	
0.249642	0.213234	0.250384	0.212374	0.221791	0.250808	0.249803	0.257227	0.250096	0.246846	0.244260	0.261950	0.257211	0.252713	0.210101	0.250000	0.241068	0.250224	0.211857	0.247573	0.252492	0.208444	0.224373	0.224449	0.223527	0.226780	0.249538	0.202634	0.223532	0.219933	0.130256	0.130311	0.000000	0.207445	0.251946	0.251473	0.226724	0.249423	0.224088	0.248796	0.210809	0.228660	0.250788	0.255684	0.231801	0.242476	0.230622	0.228736	0.227258	0.226219	0.219530	0.223066	0.235844	0.224145	0.242116	0.222688	0.245920	0.247549	0.234637	0.229189	0.232953	0.230370	0.231648	0.231919	0.254305	0.229882	0.225745	0.226721	0.225823	0.227249	0.221595	0.216128	0.221062	0.232137	0.246832	0.252481	0.256106	0.228302	0.228410	0.229913	0.225453	0.228783	0.229242	0.227778	0.235789	0.222287	0.245409	0.231869	0.232450	0.230757	0.226244	0.224790	0.219798	0.228607	0.223212	0.246983	0.223424	0.245550	0.231420	0.228739	0.229265	0.225971	0.223894	0.226793	0.230942	0.231472	0.229446	0.231491	0.225316	0.221603	0.224665	0.229784	0.226365	0.225567	0.222890	0.220974	0.227383	0.222863	0.228696	0.230677	0.227316	0.226620	0.227243	
0.245957	0.207560	0.247450	0.210964	0.217750	0.248200	0.246939	0.251022	0.246104	0.245869	0.242207	0.255705	0.252950	0.248147	0.207607	0.246260	0.241541	0.243929	0.205920	0.240867	0.248010	0.208382	0.222879	0.221801	0.221723	0.227451	0.246135	0.206880	0.224155	0.223983	0.210947	0.211394	0.207445	0.000000	0.248099	0.249227	0.225996	0.242301	0.220212	0.246791	0.207314	0.221838	0.250391	0.250151	0.227077	0.239720	0.225127	0.225744	0.219853	0.222714	0.221534	0.224312	0.237174	0.222725	0.232815	0.221096	0.237855	0.243251	0.228865	0.224611	0.227751	0.225837	0.226350	0.228787	0.246119	0.226003	0.223038	0.222329	0.221104	0.224227	0.220691	0.221206	0.216565	0.225679	0.241798	0.244721	0.248875	0.225483	0.218579	0.223280	0.228123	0.220446	0.224497	0.226825	0.230546	0.217991	0.239471	0.225958	0.226446	0.225494	0.223012	0.220381	0.220579	0.215486	0.224210	0.237025	0.222793	0.240597	0.225759	0.222651	0.222579	0.221964	0.221255	0.228038	0.225944	0.225559	0.228288	0.226175	0.222103	0.220163	0.225578	0.225802	0.227928	0.227238	0.225801	0.210329	0.222756	0.220895	0.222591	0.223327	0.222684	0.222939	0.222876	
0.215954	0.253488	0.218532	0.253402	0.253637	0.219373	0.211649	0.224211	0.217695	0.215510	0.226896	0.221212	0.218558	0.212565	0.250279	0.217363	0.205518	0.215890	0.250362	0.217899	0.218663	0.244138	0.257162	0.253172	0.259151	0.258440	0.213371	0.244021	0.256924	0.257395	0.251705	0.251657	0.251946	0.248099	0.000000	0.129109	0.260112	0.216662	0.257356	0.217637	0.252162	0.256971	0.215107	0.218808	0.262985	0.245630	0.260615	0.261456	0.259550	0.259434	0.256057	0.258528	0.241404	0.256970	0.240773	0.256872	0.246431	0.248504	0.264717	0.259373	0.260926	0.261411	0.263669	0.266403	0.235925	0.264070	0.261141	0.262618	0.255992	0.258850	0.248268	0.238851	0.251709	0.256426	0.230927	0.233693	0.236949	0.259021	0.260001	0.262299	0.260032	0.262481	0.263624	0.259330	0.252772	0.250894	0.246447	0.263531	0.265099	0.264312	0.260465	0.256910	0.252983	0.233845	0.257241	0.246539	0.256137	0.246804	0.262620	0.260056	0.259482	0.251849	0.259156	0.261304	0.264187	0.264230	0.259085	0.260631	0.256463	0.251563	0.241711	0.258988	0.259280	0.257823	0.259160	0.247034	0.258911	0.255623	0.260984	0.259177	0.259861	0.259913	0.253674	
0.219794	0.250989	0.220201	0.254307	0.251517	0.221347	0.214409	0.223726	0.222575	0.214645	0.227630	0.222320	0.219679	0.212556	0.250891	0.218240	0.207485	0.216707	0.253959	0.220500	0.218825	0.244215	0.258814	0.254938	0.260620	0.257723	0.215562	0.250596	0.258540	0.257816	0.251192	0.250327	0.251473	0.249227	0.129109	0.000000	0.261776	0.221258	0.258586	0.215818	0.254446	0.261572	0.215836	0.220666	0.263281	0.244604	0.263108	0.258925	0.262767	0.261431	0.260028	0.258392	0.241631	0.257809	0.239568	0.256333	0.245144	0.248594	0.266007	0.259961	0.258822	0.261244	0.261718	0.267277	0.237911	0.263299	0.262921	0.261127	0.253801	0.262748	0.250255	0.237732	0.254861	0.260550	0.233716	0.234036	0.241230	0.260603	0.257978	0.262024	0.259736	0.262297	0.261476	0.263168	0.252339	0.253576	0.247982	0.261983	0.262414	0.266143	0.260525	0.257596	0.253038	0.233912	0.259349	0.247220	0.256208	0.245171	0.260702	0.259099	0.257966	0.257503	0.261376	0.263158	0.264840	0.265347	0.261558	0.260577	0.259105	0.257013	0.244170	0.259324	0.259936	0.257619	0.259395	0.249520	0.258075	0.254420	0.260821	0.258845	0.259070	0.257363	0.251195	
