1.155034	-0.036186	0.150214	-0.042069	-0.056816	0.135718	0.141849	0.150450	0.133194	0.137911	0.106519	0.157578	0.145541	0.155625	-0.022496	0.150503	0.121636	0.143198	-0.024179	0.123581	0.139495	-0.027365	-0.045128	-0.051315	-0.047797	-0.068714	0.122967	-0.039591	-0.059991	-0.067886	-0.052206	-0.044569	-0.043959	-0.040185	0.141535	0.118597	-0.057550	0.145703	-0.055801	0.123179	-0.039262	-0.053913	0.144224	0.144318	-0.068800	0.009860	-0.061058	-0.056817	-0.053171	-0.064375	-0.062546	-0.046553	0.015883	-0.062175	0.007964	-0.049751	-0.002746	0.016357	-0.058889	-0.058480	-0.059683	-0.058439	-0.063661	-0.063927	0.044818	-0.065042	-0.049929	-0.066044	-0.054481	-0.048181	-0.050740	-0.019988	-0.049813	-0.059815	0.067452	0.048445	0.054531	-0.048640	-0.043366	-0.060329	-0.058620	-0.065227	-0.063171	-0.054050	-0.023212	-0.053063	0.012144	-0.062101	-0.055065	-0.053920	-0.054160	-0.063652	-0.046065	-0.000107	-0.067926	0.010855	-0.061773	0.001008	-0.061462	-0.060884	-0.065243	-0.057600	-0.056169	-0.063505	-0.067335	-0.051654	-0.040645	-0.059274	-0.062967	-0.045532	-0.034274	-0.067998	-0.061236	-0.061201	-0.065623	-0.057807	-0.062725	-0.053693	-0.069062	-0.060317	-0.065667	-0.054907	-0.062569	
-0.036186	0.957016	-0.044125	0.058483	-0.000155	-0.032263	-0.024935	-0.037392	-0.037755	-0.032110	-0.022310	-0.044843	-0.050737	-0.048049	0.056669	-0.029742	-0.031056	-0.032931	0.055328	-0.023149	-0.039172	0.063419	0.012767	-0.007040	0.002091	-0.016153	-0.036508	0.048543	0.004888	0.002004	0.043120	0.037011	0.040414	0.051936	-0.052964	-0.039422	-0.001463	-0.027874	-0.001554	-0.039135	0.062672	0.007627	-0.030095	-0.040676	-0.013590	-0.027124	0.006211	-0.010141	-0.000879	-0.008029	-0.007632	-0.009947	-0.029770	-0.013745	-0.028006	0.001315	-0.026605	-0.048395	-0.016180	-0.004326	0.004344	-0.004998	-0.003432	-0.003566	-0.028493	0.003169	-0.001408	0.000524	-0.001866	0.001248	-0.008955	-0.018435	-0.012033	-0.007342	-0.031540	-0.026340	-0.032471	-0.011062	0.002029	-0.007875	-0.003872	0.000453	0.000114	-0.004232	-0.021929	0.001052	-0.025889	-0.008816	0.005451	0.004682	-0.008162	-0.019720	-0.003144	-0.018740	-0.019262	-0.023309	-0.008878	-0.045711	-0.001617	-0.003372	-0.012158	0.004775	-0.003841	-0.003540	-0.001200	-0.007140	-0.002847	-0.008000	-0.003019	-0.007321	-0.013592	-0.012934	-0.014478	-0.016880	-0.015439	0.005888	-0.005489	-0.004325	0.000216	-0.004113	-0.015592	0.000297	0.000919	
0.150214	-0.044125	1.134869	-0.033001	-0.051249	0.140963	0.162321	0.160117	0.139593	0.150706	0.108551	0.159022	0.149006	0.143769	-0.033837	0.172486	0.131881	0.158544	-0.024409	0.135763	0.153787	-0.029794	-0.060954	-0.061913	-0.050947	-0.058000	0.156408	-0.042990	-0.058714	-0.061801	-0.049526	-0.048267	-0.042497	-0.042979	0.133401	0.120703	-0.061340	0.143300	-0.050413	0.152145	-0.036339	-0.054971	0.155445	0.156618	-0.055546	0.014734	-0.070412	-0.054374	-0.070660	-0.066198	-0.063173	-0.050013	0.002416	-0.063941	0.012724	-0.062446	0.001723	0.015512	-0.059622	-0.055369	-0.069428	-0.061240	-0.056744	-0.067411	0.059334	-0.055850	-0.060132	-0.058556	-0.054145	-0.056899	-0.046576	-0.019679	-0.060420	-0.057373	0.065671	0.054686	0.059584	-0.059720	-0.057040	-0.059039	-0.045829	-0.059418	-0.062192	-0.055442	-0.031794	-0.061881	0.005443	-0.072204	-0.064057	-0.070778	-0.064352	-0.064080	-0.065077	0.002149	-0.067050	0.007196	-0.061371	0.008810	-0.062771	-0.061184	-0.057331	-0.060002	-0.072086	-0.070814	-0.068742	-0.066664	-0.067260	-0.067503	-0.059665	-0.045272	-0.027874	-0.069857	-0.057605	-0.052219	-0.057903	-0.054863	-0.060974	-0.065537	-0.061750	-0.064743	-0.064593	-0.059187	-0.058002	
-0.042069	0.058483	-0.033001	0.972434	0.000600	-0.036526	-0.027504	-0.040782	-0.026231	-0.033792	-0.012997	-0.046024	-0.051115	-0.047975	0.048872	-0.027435	-0.035666	-0.030407	0.066353	-0.032133	-0.039760	0.063162	0.013611	-0.001776	0.003883	-0.019277	-0.039776	0.046532	-0.004743	-0.001637	0.041111	0.045435	0.050044	0.054271	-0.044790	-0.041493	0.007739	-0.030372	0.007675	-0.029278	0.068850	0.002572	-0.029056	-0.038162	0.000611	-0.032766	-0.001096	-0.001492	-0.002472	-0.017899	-0.007240	-0.006932	-0.039825	-0.012994	-0.034530	-0.003588	-0.029569	-0.044190	-0.011262	0.003081	-0.013311	-0.008738	0.000686	-0.009770	-0.035191	-0.001925	-0.000560	-0.006252	-0.017893	-0.003139	-0.005825	-0.006811	-0.010662	-0.019813	-0.037174	-0.037983	-0.034923	-0.013883	-0.003560	-0.002316	0.007142	0.003552	-0.003951	0.003948	-0.017239	-0.000771	-0.034113	-0.005510	0.008829	-0.007660	-0.006364	-0.005112	0.000050	-0.018641	-0.002894	-0.027543	-0.007915	-0.032896	-0.000379	0.002174	-0.010179	-0.010969	-0.013804	-0.007145	-0.004810	-0.008230	-0.009224	-0.000668	-0.014543	-0.007771	-0.018695	0.002256	-0.013467	-0.014345	-0.015475	-0.004620	0.002353	-0.012086	-0.001874	-0.006513	0.002344	-0.008102	-0.014140	
-0.056816	-0.000155	-0.051249	0.000600	0.901867	-0.062979	-0.062697	-0.068273	-0.050802	-0.044194	-0.042429	-0.073972	-0.055650	-0.054996	0.005174	-0.055149	-0.039287	-0.059919	-0.003034	-0.060173	-0.064589	0.001828	0.016814	0.009738	0.004499	0.026267	-0.051616	0.002216	0.024266	0.029304	-0.000007	-0.010183	-0.006639	0.002371	-0.056093	-0.049260	0.018007	-0.058009	0.020156	-0.052143	0.001836	0.017665	-0.067518	-0.061459	0.019815	-0.033703	0.002365	0.006653	0.008844	-0.003014	0.021696	0.013286	-0.021890	0.029007	-0.040410	0.020159	-0.033545	-0.032265	0.007304	0.006976	0.009950	0.008981	0.002354	0.016639	-0.046368	0.015199	0.005950	0.005487	0.012161	-0.001426	0.012982	-0.007060	0.022924	0.006725	-0.055174	-0.057422	-0.058532	0.006598	0.011702	0.013273	0.013326	0.005912	0.014569	0.013276	-0.018507	0.016698	-0.041788	0.003845	0.003694	0.013824	0.001761	0.031285	0.030158	0.002168	0.021701	-0.035241	0.026775	-0.044488	0.012366	0.023389	-0.005260	-0.012248	0.016487	0.005921	0.005880	0.003825	0.011493	0.001954	0.025286	-0.007945	0.000962	0.014872	0.013911	0.017627	0.011896	-0.003188	0.018850	0.000156	0.018200	0.011186	0.004833	0.009738	0.013114	
0.135718	-0.032263	0.140963	-0.036526	-0.062979	1.150436	0.146681	0.146216	0.134605	0.132386	0.090116	0.130984	0.122174	0.126582	-0.028024	0.142481	0.137053	0.137523	-0.030639	0.127645	0.142474	-0.028424	-0.047829	-0.053434	-0.054363	-0.058880	0.137904	-0.033251	-0.055916	-0.059906	-0.048478	-0.047915	-0.041668	-0.047230	0.126635	0.126211	-0.049567	0.118248	-0.041435	0.147398	-0.036158	-0.042675	0.154974	0.143588	-0.060525	-0.001910	-0.051357	-0.059053	-0.052373	-0.057986	-0.064307	-0.055585	0.017492	-0.062149	0.000939	-0.061032	0.000027	0.010100	-0.054859	-0.051417	-0.057147	-0.057566	-0.062904	-0.056175	0.060378	-0.069647	-0.068123	-0.052714	-0.052144	-0.051482	-0.052799	-0.031373	-0.048804	-0.052164	0.063673	0.068209	0.062030	-0.058900	-0.053753	-0.061575	-0.056644	-0.059872	-0.058233	-0.044554	-0.020107	-0.050132	0.002251	-0.060310	-0.066074	-0.061092	-0.066191	-0.053690	-0.051595	0.046843	-0.061338	0.002882	-0.063380	0.001799	-0.071179	-0.047382	-0.056317	-0.051382	-0.062902	-0.056032	-0.063745	-0.055375	-0.050123	-0.057825	-0.053976	-0.048625	-0.035054	-0.065765	-0.062121	-0.066485	-0.064219	-0.054618	-0.056152	-0.056592	-0.065697	-0.054208	-0.054851	-0.060465	-0.056028	
0.141849	-0.024935	0.162321	-0.027504	-0.062697	0.146681	1.160607	0.153345	0.128989	0.133463	0.100416	0.167586	0.160283	0.150591	-0.034723	0.155436	0.151891	0.162676	-0.026359	0.151527	0.138741	-0.029270	-0.075599	-0.051678	-0.050699	-0.069114	0.156721	-0.037860	-0.067274	-0.059099	-0.033609	-0.037718	-0.040335	-0.029413	0.167323	0.154320	-0.058843	0.119917	-0.040200	0.150484	-0.034279	-0.050983	0.146203	0.134857	-0.071873	0.006693	-0.055483	-0.073449	-0.061584	-0.071957	-0.063787	-0.057714	0.004488	-0.066316	-0.001879	-0.060662	-0.012414	0.009496	-0.062937	-0.063316	-0.064004	-0.069232	-0.070318	-0.066259	0.044852	-0.059944	-0.061983	-0.067679	-0.051660	-0.059770	-0.064105	-0.027495	-0.053543	-0.068029	0.076574	0.065014	0.063851	-0.060729	-0.060526	-0.069102	-0.059367	-0.058266	-0.061578	-0.044253	-0.027311	-0.057011	0.006941	-0.059047	-0.057234	-0.055045	-0.059654	-0.078318	-0.069260	-0.019098	-0.051014	0.011548	-0.066446	0.001647	-0.078649	-0.065775	-0.058438	-0.051722	-0.059710	-0.066776	-0.069420	-0.061991	-0.063057	-0.061721	-0.048989	-0.062059	-0.028043	-0.058132	-0.071483	-0.072860	-0.078885	-0.066660	-0.065042	-0.054703	-0.059398	-0.051564	-0.066431	-0.049975	-0.052695	
0.150450	-0.037392	0.160117	-0.040782	-0.068273	0.146216	0.153345	1.225196	0.159279	0.154400	0.096073	0.154070	0.149610	0.154784	-0.035460	0.158235	0.137107	0.158853	-0.033011	0.138346	0.158152	-0.024262	-0.055457	-0.051577	-0.055496	-0.069034	0.140298	-0.032984	-0.055315	-0.060197	-0.049743	-0.045471	-0.054857	-0.037493	0.129088	0.129907	-0.052951	0.144533	-0.064408	0.157166	-0.044636	-0.051603	0.159844	0.154947	-0.065656	0.013953	-0.061395	-0.062390	-0.068906	-0.052571	-0.068223	-0.057480	-0.011241	-0.082074	0.004042	-0.054685	0.014775	0.016688	-0.064866	-0.067384	-0.061542	-0.068513	-0.065860	-0.063151	0.054262	-0.070440	-0.058667	-0.061823	-0.054766	-0.067453	-0.052464	-0.026169	-0.056527	-0.065458	0.051666	0.050573	0.060368	-0.058616	-0.050690	-0.061618	-0.054257	-0.067000	-0.058513	-0.064640	-0.025416	-0.054878	0.004644	-0.049386	-0.075841	-0.068458	-0.063799	-0.059885	-0.063711	0.010059	-0.057132	0.000821	-0.058962	-0.010859	-0.057893	-0.054893	-0.071040	-0.057278	-0.061399	-0.066116	-0.064454	-0.057202	-0.060465	-0.065383	-0.066933	-0.064073	-0.023513	-0.065763	-0.071328	-0.071651	-0.064311	-0.044671	-0.051640	-0.051830	-0.064778	-0.063997	-0.056459	-0.065172	-0.065625	
0.133194	-0.037755	0.139593	-0.026231	-0.050802	0.134605	0.128989	0.159279	1.167344	0.128048	0.111707	0.154247	0.149284	0.152573	-0.033316	0.134091	0.140003	0.129725	-0.031993	0.114111	0.138823	-0.034896	-0.060789	-0.066123	-0.056005	-0.057251	0.126406	-0.029440	-0.056951	-0.049477	-0.045426	-0.046849	-0.035401	-0.032904	0.138191	0.130936	-0.051481	0.139293	-0.056487	0.142611	-0.029580	-0.055088	0.136460	0.146035	-0.057737	-0.003872	-0.056907	-0.059020	-0.062375	-0.066696	-0.055620	-0.055800	0.010898	-0.062888	-0.014463	-0.046515	-0.007238	-0.001076	-0.068012	-0.058032	-0.061417	-0.060289	-0.062709	-0.057550	0.068894	-0.061093	-0.053661	-0.070448	-0.055656	-0.051472	-0.036723	-0.016179	-0.056104	-0.060412	0.057354	0.068964	0.065443	-0.061424	-0.057471	-0.057843	-0.059544	-0.057364	-0.058838	-0.068530	-0.032849	-0.050638	0.005309	-0.065321	-0.063184	-0.061379	-0.057469	-0.060891	-0.052103	0.011479	-0.056891	0.010129	-0.053744	0.007065	-0.061978	-0.054053	-0.062604	-0.053853	-0.065989	-0.068599	-0.061795	-0.055207	-0.052642	-0.058431	-0.053405	-0.032858	-0.026869	-0.055265	-0.057547	-0.067183	-0.060357	-0.056336	-0.058713	-0.060004	-0.060020	-0.057072	-0.058827	-0.058310	-0.054846	
0.137911	-0.032110	0.150706	-0.033792	-0.044194	0.132386	0.133463	0.154400	0.128048	1.122339	0.080837	0.144184	0.140447	0.129804	-0.031486	0.129855	0.122114	0.146222	-0.038511	0.128213	0.140751	-0.030998	-0.061054	-0.048691	-0.061163	-0.056021	0.145318	-0.033809	-0.047833	-0.061742	-0.039380	-0.050861	-0.034909	-0.038257	0.134910	0.140523	-0.055081	0.126642	-0.051353	0.156401	-0.036247	-0.052278	0.145870	0.138764	-0.070874	0.017311	-0.060751	-0.051151	-0.062482	-0.060246	-0.059523	-0.053700	0.011880	-0.062844	0.015746	-0.045805	0.006563	0.003753	-0.060101	-0.057230	-0.063239	-0.072211	-0.063736	-0.069519	0.059227	-0.060967	-0.057848	-0.059187	-0.054664	-0.054181	-0.051946	0.001477	-0.048489	-0.058180	0.059129	0.061794	0.051547	-0.050735	-0.057701	-0.061719	-0.065619	-0.063161	-0.059312	-0.051215	-0.026002	-0.052915	0.010792	-0.063603	-0.067723	-0.057380	-0.051726	-0.057596	-0.059255	-0.038332	-0.056683	0.010986	-0.050228	0.003336	-0.056646	-0.061847	-0.058884	-0.048362	-0.064231	-0.054540	-0.051492	-0.068192	-0.051461	-0.056657	-0.043706	-0.033809	-0.019922	-0.063604	-0.060107	-0.066537	-0.061584	-0.053752	-0.057840	-0.064479	-0.059361	-0.069641	-0.055341	-0.054874	-0.053615	
0.106519	-0.022310	0.108551	-0.012997	-0.042429	0.090116	0.100416	0.096073	0.111707	0.080837	1.133489	0.085452	0.104370	0.105602	-0.013772	0.085760	0.108203	0.084091	0.017412	0.092309	0.105348	0.002259	-0.059879	-0.042063	-0.054833	-0.008616	0.106619	-0.006181	-0.048832	-0.039921	-0.016794	-0.021016	-0.017187	-0.024000	0.098135	0.091022	-0.052229	0.089554	-0.054815	0.102257	-0.020212	-0.059275	0.092104	0.119365	-0.054714	-0.001034	-0.057654	-0.056226	-0.054988	-0.058449	-0.032966	-0.048860	0.018001	-0.028460	-0.010221	-0.036976	-0.002982	0.011297	-0.048430	-0.055659	-0.053419	-0.064452	-0.062002	-0.056252	0.027003	-0.047792	-0.032286	-0.055821	-0.040043	-0.053993	-0.021496	-0.019709	-0.049391	-0.051638	0.019289	0.028336	0.015600	-0.057178	-0.049939	-0.051950	-0.055826	-0.028970	-0.053278	-0.052466	-0.027243	-0.051824	0.011906	-0.060093	-0.045541	-0.051669	-0.053148	-0.026852	-0.035489	-0.006759	-0.013968	-0.009482	-0.027970	0.001858	-0.050885	-0.049601	-0.051048	-0.052611	-0.056091	-0.047742	-0.047925	-0.056315	-0.051715	-0.056415	-0.049942	-0.001036	0.000067	-0.063846	-0.020905	-0.008877	-0.025536	-0.051736	-0.051443	-0.053151	-0.045660	-0.050611	-0.052746	-0.049532	-0.053637	
0.157578	-0.044843	0.159022	-0.046024	-0.073972	0.130984	0.167586	0.154070	0.154247	0.144184	0.085452	1.257965	0.515335	0.513565	-0.039371	0.147404	0.127272	0.143621	-0.040565	0.163055	0.155534	-0.023230	-0.061852	-0.062290	-0.052283	-0.067488	0.132976	-0.054466	-0.072521	-0.082293	-0.057013	-0.058230	-0.063020	-0.046016	0.149977	0.155266	-0.068647	0.137946	-0.067819	0.145314	-0.040817	-0.050802	0.149686	0.157669	-0.079541	-0.011256	-0.075813	-0.065515	-0.073187	-0.068743	-0.073906	-0.069724	-0.008814	-0.073434	-0.014693	-0.068800	-0.022992	-0.013664	-0.067589	-0.070243	-0.071399	-0.057649	-0.063607	-0.072646	0.050013	-0.068647	-0.073458	-0.073554	-0.076827	-0.061731	-0.059836	-0.026214	-0.062704	-0.056303	0.056385	0.058989	0.058131	-0.060142	-0.065420	-0.069631	-0.072261	-0.076854	-0.071981	-0.076258	-0.037593	-0.071722	-0.017254	-0.071369	-0.077564	-0.072959	-0.071514	-0.082558	-0.080385	-0.018202	-0.074115	-0.018909	-0.076924	-0.004016	-0.074156	-0.074897	-0.071665	-0.068875	-0.072522	-0.077408	-0.070712	-0.082630	-0.067985	-0.070200	-0.073707	-0.053429	-0.011841	-0.068656	-0.067608	-0.061379	-0.074823	-0.053544	-0.065218	-0.065666	-0.069231	-0.067853	-0.061093	-0.054958	-0.070851	
0.145541	-0.050737	0.149006	-0.051115	-0.055650	0.122174	0.160283	0.149610	0.149284	0.140447	0.104370	0.515335	1.216884	0.519484	-0.037690	0.130118	0.120365	0.139238	-0.047987	0.135639	0.149278	-0.029259	-0.074376	-0.055644	-0.064994	-0.071857	0.142166	-0.045681	-0.065671	-0.065307	-0.049602	-0.046543	-0.056423	-0.041336	0.148738	0.149284	-0.062566	0.130208	-0.072545	0.138095	-0.043213	-0.062736	0.138235	0.148452	-0.072508	-0.010987	-0.071164	-0.059744	-0.073354	-0.066248	-0.064435	-0.064480	-0.006478	-0.066647	-0.011889	-0.054293	-0.014247	-0.010350	-0.074991	-0.069207	-0.074468	-0.064012	-0.069409	-0.075329	0.050847	-0.072754	-0.069062	-0.068482	-0.063608	-0.071077	-0.063642	-0.024442	-0.059832	-0.066135	0.041495	0.051338	0.044862	-0.062780	-0.065980	-0.078244	-0.072008	-0.069229	-0.070295	-0.064579	-0.044581	-0.059378	-0.004939	-0.067342	-0.071578	-0.067035	-0.077277	-0.067543	-0.063461	-0.003786	-0.068415	-0.007373	-0.060377	0.003100	-0.066342	-0.065284	-0.065714	-0.063472	-0.071267	-0.066774	-0.065399	-0.079696	-0.069350	-0.073918	-0.062533	-0.044046	-0.008544	-0.068269	-0.062200	-0.068807	-0.066640	-0.061783	-0.068145	-0.068892	-0.076754	-0.069147	-0.070229	-0.075537	-0.060920	
0.155625	-0.048049	0.143769	-0.047975	-0.054996	0.126582	0.150591	0.154784	0.152573	0.129804	0.105602	0.513565	0.519484	1.154291	-0.046366	0.133614	0.125342	0.133321	-0.044446	0.119826	0.143515	-0.037216	-0.068129	-0.058080	-0.061885	-0.061043	0.146980	-0.033293	-0.068394	-0.068866	-0.043772	-0.042522	-0.051771	-0.043787	0.148782	0.157557	-0.064508	0.132727	-0.058980	0.134150	-0.042628	-0.063605	0.150675	0.130833	-0.075956	-0.007357	-0.074458	-0.071499	-0.072226	-0.071259	-0.057382	-0.062320	0.006006	-0.065672	-0.014838	-0.052667	-0.019850	-0.010189	-0.074320	-0.068004	-0.065626	-0.057555	-0.064423	-0.070680	0.049824	-0.068418	-0.061209	-0.074690	-0.058787	-0.070178	-0.056376	-0.029236	-0.060195	-0.065852	0.045430	0.049872	0.050099	-0.063257	-0.064896	-0.071851	-0.068177	-0.071619	-0.079402	-0.069233	-0.040657	-0.063723	-0.007828	-0.070265	-0.066286	-0.067140	-0.070605	-0.067589	-0.064668	-0.005194	-0.064633	-0.011882	-0.060960	-0.011635	-0.071192	-0.066534	-0.067957	-0.061366	-0.072957	-0.074531	-0.064824	-0.069910	-0.066994	-0.070878	-0.062514	-0.052529	-0.011517	-0.068759	-0.065553	-0.060526	-0.067176	-0.060891	-0.061197	-0.072726	-0.073622	-0.076699	-0.064321	-0.064937	-0.065160	
-0.022496	0.056669	-0.033837	0.048872	0.005174	-0.028024	-0.034723	-0.035460	-0.033316	-0.031486	-0.013772	-0.039371	-0.037690	-0.046366	0.938445	-0.026403	-0.034423	-0.035271	0.072537	-0.026636	-0.033295	0.052472	0.007042	-0.009196	0.006399	-0.021231	-0.033745	0.047900	0.007481	-0.012937	0.035266	0.039745	0.038480	0.054216	-0.045891	-0.040023	-0.006243	-0.037542	0.007176	-0.045780	0.048366	0.001262	-0.041691	-0.030795	-0.006679	-0.029498	-0.004120	0.009747	-0.007718	0.001564	-0.013327	0.000101	-0.038444	-0.022602	-0.015596	-0.008956	-0.022489	-0.039482	-0.009935	-0.013120	-0.004393	0.002664	-0.010223	-0.010719	-0.039363	-0.005265	0.013162	-0.005181	-0.003032	0.000955	-0.015483	-0.009253	-0.005884	-0.016226	-0.031685	-0.030371	-0.036617	-0.016226	-0.009883	-0.012233	0.002590	-0.000078	-0.008756	0.001131	-0.013271	-0.002425	-0.025268	0.001758	-0.002408	-0.004871	0.006257	-0.018431	0.008091	-0.021236	-0.011819	-0.024926	-0.000735	-0.027004	-0.002714	-0.005235	-0.008338	0.000030	0.003487	-0.008830	-0.000443	-0.005157	-0.006715	-0.007015	-0.005061	-0.008768	-0.014275	-0.008376	-0.031669	-0.015846	-0.012989	0.003393	-0.005515	-0.008661	-0.005415	0.005803	-0.004309	0.003595	-0.001870	
0.150503	-0.029742	0.172486	-0.027435	-0.055149	0.142481	0.155436	0.158235	0.134091	0.129855	0.085760	0.147404	0.130118	0.133614	-0.026403	1.151369	0.140148	0.119584	-0.029540	0.138588	0.148539	-0.019654	-0.044427	-0.041792	-0.052990	-0.056044	0.132953	-0.040755	-0.059295	-0.062096	-0.043425	-0.039935	-0.040795	-0.033677	0.142463	0.139260	-0.062137	0.132271	-0.054219	0.145247	-0.029248	-0.054038	0.137223	0.145122	-0.060505	0.007602	-0.048956	-0.057881	-0.058043	-0.059150	-0.070490	-0.051237	0.007426	-0.061229	0.007965	-0.056273	0.009253	0.006250	-0.058726	-0.059727	-0.060699	-0.049794	-0.073723	-0.069912	0.045670	-0.062244	-0.056241	-0.065541	-0.060714	-0.059475	-0.057440	-0.020773	-0.058931	-0.060901	0.051889	0.056104	0.051015	-0.054784	-0.063134	-0.057596	-0.055827	-0.063703	-0.057637	-0.051053	-0.026448	-0.050677	0.005878	-0.056610	-0.064661	-0.060360	-0.067172	-0.079365	-0.066195	0.011481	-0.071084	0.005646	-0.058254	0.009634	-0.059489	-0.058999	-0.052260	-0.042399	-0.056432	-0.063077	-0.058056	-0.062842	-0.060665	-0.054828	-0.064081	-0.053674	-0.030365	-0.071406	-0.065459	-0.071651	-0.068511	-0.051418	-0.056073	-0.057828	-0.061792	-0.059661	-0.051137	-0.054923	-0.046204	
0.121636	-0.031056	0.131881	-0.035666	-0.039287	0.137053	0.151891	0.137107	0.140003	0.122114	0.108203	0.127272	0.120365	0.125342	-0.034423	0.140148	1.082443	0.156299	-0.034881	0.134781	0.126973	-0.019977	-0.059365	-0.043546	-0.055274	-0.051418	0.128000	-0.037599	-0.054216	-0.047591	-0.029113	-0.030016	-0.030715	-0.036227	0.177203	0.166197	-0.050451	0.117601	-0.051030	0.132999	-0.045326	-0.059910	0.132702	0.123981	-0.072798	0.002770	-0.056698	-0.062340	-0.061695	-0.054887	-0.048706	-0.054684	0.030649	-0.050838	-0.006493	-0.052477	0.000012	0.011175	-0.057764	-0.062480	-0.060352	-0.064932	-0.065278	-0.060895	0.052882	-0.066474	-0.050480	-0.062030	-0.056350	-0.059229	-0.048960	-0.028778	-0.047191	-0.057403	0.052729	0.065992	0.062378	-0.062930	-0.051351	-0.056571	-0.057920	-0.066043	-0.055698	-0.052051	-0.027938	-0.048979	0.009544	-0.058790	-0.057682	-0.057645	-0.045644	-0.052723	-0.042730	0.004272	-0.058142	-0.006175	-0.047587	0.005626	-0.058100	-0.069554	-0.064985	-0.053999	-0.056208	-0.057042	-0.066271	-0.054217	-0.053042	-0.059620	-0.051807	-0.042570	-0.028318	-0.077393	-0.054962	-0.052982	-0.060832	-0.058551	-0.061397	-0.046928	-0.062495	-0.060392	-0.059452	-0.052548	-0.063616	
0.143198	-0.032931	0.158544	-0.030407	-0.059919	0.137523	0.162676	0.158853	0.129725	0.146222	0.084091	0.143621	0.139238	0.133321	-0.035271	0.119584	0.156299	1.136922	-0.034717	0.132417	0.149249	-0.024381	-0.050894	-0.059395	-0.047328	-0.062114	0.141140	-0.038234	-0.058879	-0.063121	-0.048959	-0.044342	-0.047997	-0.035073	0.139496	0.132545	-0.053782	0.137529	-0.052207	0.128935	-0.041960	-0.043276	0.145093	0.150998	-0.063320	0.004583	-0.060841	-0.055141	-0.051921	-0.051765	-0.071353	-0.059782	0.003456	-0.067021	-0.012963	-0.059386	-0.008706	0.007086	-0.062103	-0.055991	-0.060725	-0.061417	-0.065898	-0.062886	0.062779	-0.052720	-0.051174	-0.069658	-0.050827	-0.056505	-0.051155	-0.012945	-0.059375	-0.057534	0.067824	0.076438	0.066132	-0.059906	-0.048727	-0.068179	-0.060365	-0.054210	-0.062000	-0.059217	-0.027097	-0.050177	-0.000201	-0.044994	-0.060971	-0.057484	-0.065741	-0.067011	-0.070821	-0.001012	-0.061406	-0.000852	-0.058208	-0.002027	-0.060119	-0.057265	-0.051637	-0.055581	-0.048972	-0.058405	-0.056453	-0.071623	-0.050309	-0.056494	-0.060194	-0.052559	-0.026862	-0.057346	-0.065341	-0.056857	-0.057700	-0.057724	-0.060521	-0.054134	-0.060299	-0.060411	-0.061259	-0.058734	-0.049226	
-0.024179	0.055328	-0.024409	0.066353	-0.003034	-0.030639	-0.026359	-0.033011	-0.031993	-0.038511	0.017412	-0.040565	-0.047987	-0.044446	0.072537	-0.029540	-0.034881	-0.034717	0.951534	-0.015181	-0.030746	0.047200	0.014429	-0.000122	-0.001367	-0.011097	-0.045953	0.049718	0.003917	-0.002410	0.042450	0.039400	0.047360	0.057100	-0.040097	-0.044235	0.013367	-0.034590	-0.009499	-0.032446	0.062798	0.006520	-0.028762	-0.035778	-0.009793	-0.029187	-0.008346	-0.003108	-0.008233	-0.007614	-0.002351	-0.002767	-0.031110	-0.023194	-0.034703	-0.012358	-0.031284	-0.038788	-0.014561	-0.006414	-0.005820	-0.004864	-0.011317	-0.016829	-0.041739	-0.002740	-0.001228	-0.000214	-0.008858	-0.007634	-0.003557	-0.017150	0.008377	-0.005264	-0.047373	-0.042829	-0.047954	-0.001280	0.008496	0.006811	0.001220	-0.010204	-0.007401	0.001419	-0.016637	-0.008350	-0.028605	-0.006467	-0.003917	-0.001621	-0.007170	-0.009201	-0.011976	-0.012042	-0.011824	-0.029454	-0.013013	-0.030863	-0.016912	-0.013117	-0.007316	-0.009950	-0.000520	-0.001597	-0.001971	-0.005543	0.004327	-0.003953	-0.005614	-0.014862	-0.007600	-0.008021	-0.024025	-0.021103	-0.014444	-0.005301	-0.001836	-0.004348	-0.007368	-0.005104	-0.010666	-0.007064	0.006528	
0.123581	-0.023149	0.135763	-0.032133	-0.060173	0.127645	0.151527	0.138346	0.114111	0.128213	0.092309	0.163055	0.135639	0.119826	-0.026636	0.138588	0.134781	0.132417	-0.015181	1.128165	0.132363	-0.007462	-0.039291	-0.058889	-0.053597	-0.053766	0.117222	-0.021999	-0.047844	-0.053563	-0.045626	-0.046774	-0.030196	-0.026063	0.122209	0.115802	-0.047337	0.122085	-0.040206	0.121672	-0.040828	-0.049781	0.135144	0.125009	-0.054898	0.004470	-0.057537	-0.051428	-0.050459	-0.062180	-0.069182	-0.049230	-0.008347	-0.065906	0.000159	-0.057569	0.000700	0.005020	-0.054564	-0.053699	-0.058821	-0.059997	-0.063482	-0.052653	0.044591	-0.058046	-0.061536	-0.057223	-0.043082	-0.055136	-0.045418	-0.035053	-0.046274	-0.049273	0.057142	0.050882	0.057218	-0.056980	-0.055316	-0.055552	-0.053218	-0.053049	-0.062442	-0.052908	-0.032366	-0.054479	0.013483	-0.058427	-0.058363	-0.050794	-0.056671	-0.063829	-0.061872	0.006985	-0.064655	0.010078	-0.058710	0.002752	-0.065569	-0.061148	-0.057359	-0.050437	-0.044940	-0.056006	-0.060805	-0.060029	-0.051375	-0.062230	-0.053710	-0.045644	-0.027530	-0.054959	-0.060365	-0.060695	-0.062736	-0.048044	-0.058816	-0.058960	-0.058380	-0.058446	-0.047918	-0.047583	-0.053761	
0.139495	-0.039172	0.153787	-0.039760	-0.064589	0.142474	0.138741	0.158152	0.138823	0.140751	0.105348	0.155534	0.149278	0.143515	-0.033295	0.148539	0.126973	0.149249	-0.030746	0.132363	1.161397	-0.019626	-0.057500	-0.052166	-0.057684	-0.045533	0.135940	-0.038780	-0.064988	-0.054992	-0.042933	-0.050861	-0.042162	-0.034592	0.141660	0.138650	-0.064106	0.144289	-0.050949	0.140938	-0.025245	-0.065604	0.149439	0.140664	-0.060804	0.009638	-0.063482	-0.056686	-0.058375	-0.055392	-0.057643	-0.050284	-0.006497	-0.066851	0.008472	-0.062928	0.003975	0.008848	-0.068512	-0.065165	-0.061616	-0.065361	-0.064968	-0.062449	0.052479	-0.063729	-0.062370	-0.062970	-0.048536	-0.061227	-0.052399	-0.015320	-0.058476	-0.046273	0.063838	0.068107	0.067094	-0.059339	-0.052336	-0.058427	-0.066826	-0.058521	-0.061950	-0.057543	-0.033794	-0.051035	0.014433	-0.061629	-0.055644	-0.065724	-0.062196	-0.079833	-0.057944	-0.001649	-0.068669	0.003860	-0.066164	0.019657	-0.058426	-0.063347	-0.051112	-0.053441	-0.074854	-0.061135	-0.060020	-0.068463	-0.058623	-0.058310	-0.061883	-0.051670	-0.033820	-0.064899	-0.057382	-0.067810	-0.071004	-0.048028	-0.047656	-0.050636	-0.059955	-0.056267	-0.060482	-0.060751	-0.049132	
-0.027365	0.063419	-0.029794	0.063162	0.001828	-0.028424	-0.029270	-0.024262	-0.034896	-0.030998	0.002259	-0.023230	-0.029259	-0.037216	0.052472	-0.019654	-0.019977	-0.024381	0.047200	-0.007462	-0.019626	0.918636	-0.001939	-0.006501	0.002470	-0.025317	-0.031551	0.043531	-0.011624	-0.019968	0.038484	0.027240	0.035765	0.039718	-0.031630	-0.025910	-0.014824	-0.036708	-0.004343	-0.030202	0.044228	0.000622	-0.020174	-0.038091	-0.007121	-0.033596	-0.005948	-0.002546	-0.003383	-0.002555	-0.014262	-0.010584	-0.035643	-0.010887	-0.026248	-0.005803	-0.018230	-0.042206	-0.024665	-0.011107	-0.012839	-0.012301	0.000374	-0.013777	-0.039785	0.007097	0.004776	-0.003513	-0.002969	-0.016705	-0.005810	-0.005148	-0.016237	0.006005	-0.039418	-0.037880	-0.025871	-0.002771	-0.008595	-0.000496	0.001784	0.004581	-0.008915	-0.002785	-0.010924	-0.007206	-0.026841	-0.009809	-0.000837	0.002510	-0.004350	-0.017654	-0.009713	-0.002532	-0.013044	-0.028483	-0.019903	-0.030831	-0.000757	-0.008575	-0.008674	-0.003079	0.005873	0.006533	0.006125	-0.011228	-0.004691	-0.009123	-0.007680	-0.009324	0.005346	0.000414	-0.029983	-0.013097	-0.018355	0.018160	-0.003385	-0.005896	-0.011229	-0.006219	-0.000676	-0.002783	-0.008262	
-0.045128	0.012767	-0.060954	0.013611	0.016814	-0.047829	-0.075599	-0.055457	-0.060789	-0.061054	-0.059879	-0.061852	-0.074376	-0.068129	0.007042	-0.044427	-0.059365	-0.050894	0.014429	-0.039291	-0.057500	-0.001939	0.936759	0.011046	0.033994	0.002915	-0.055372	-0.012085	0.017664	0.009831	-0.007228	-0.004726	-0.002993	-0.002538	-0.054212	-0.058463	0.024648	-0.059035	0.033561	-0.049508	0.009881	0.019398	-0.052632	-0.059437	0.013320	-0.041280	0.015539	0.009505	0.015972	0.009828	0.007255	0.003335	-0.038180	0.012271	-0.037936	0.018560	-0.041435	-0.041230	0.020028	0.012713	0.019159	0.013409	0.011296	0.007969	-0.064182	0.015474	0.010690	0.008369	0.010221	0.011340	0.002321	-0.034692	0.007240	0.020528	-0.056539	-0.061681	-0.053429	0.008984	0.016126	0.013594	0.014765	0.023545	0.015979	0.023416	-0.012680	0.019063	-0.040758	0.010313	0.010886	0.005146	0.014340	0.000102	0.004633	-0.029637	0.006650	-0.044978	0.015642	-0.044001	0.012147	0.007380	0.016541	0.018976	0.013189	0.003741	0.013289	0.011703	0.017972	0.003396	0.010749	0.007204	-0.012600	0.009216	0.005021	-0.007413	-0.006137	0.013331	0.004956	0.006118	0.013060	0.022851	0.019696	0.019266	0.011905	
-0.051315	-0.007040	-0.061913	-0.001776	0.009738	-0.053434	-0.051678	-0.051577	-0.066123	-0.048691	-0.042063	-0.062290	-0.055644	-0.058080	-0.009196	-0.041792	-0.043546	-0.059395	-0.000122	-0.058889	-0.052166	-0.006501	0.011046	0.947385	0.009548	0.003370	-0.050776	0.002824	0.029887	0.015800	-0.000077	0.007755	-0.003281	-0.002483	-0.047657	-0.050887	0.018148	-0.062899	0.031338	-0.068816	0.001397	0.017488	-0.046338	-0.063139	0.018186	-0.040974	0.010591	0.007054	0.016786	0.002938	0.019350	0.020869	-0.028372	0.028626	-0.042118	0.017714	-0.048980	-0.041229	0.013267	0.007652	-0.002377	0.012095	0.008027	0.010085	-0.057712	0.006386	0.012538	0.012849	0.011838	0.017496	0.013663	0.000919	0.033157	0.009539	-0.060329	-0.054426	-0.057855	0.001805	0.000969	0.020547	-0.004574	-0.001128	0.012199	0.009098	-0.025581	0.017199	-0.045373	0.009983	0.004333	0.005801	0.008428	0.030878	0.018104	-0.018973	0.019992	-0.042434	0.029811	-0.045803	0.016228	0.006337	0.010462	0.002666	0.014557	0.015588	0.000753	0.004773	0.008157	0.006266	0.022965	0.018285	0.004575	-0.000366	0.013254	0.011596	0.010740	0.005437	0.006172	0.012845	0.012778	0.007925	0.017923	-0.000117	0.002468	
-0.047797	0.002091	-0.050947	0.003883	0.004499	-0.054363	-0.050699	-0.055496	-0.056005	-0.061163	-0.054833	-0.052283	-0.064994	-0.061885	0.006399	-0.052990	-0.055274	-0.047328	-0.001367	-0.053597	-0.057684	0.002470	0.033994	0.009548	0.937970	-0.009146	-0.045240	-0.011017	0.021555	0.018673	-0.011228	-0.001644	-0.001633	-0.003454	-0.057459	-0.066733	0.017852	-0.047296	0.013336	-0.043774	0.010990	0.023259	-0.054797	-0.047343	0.010090	-0.042421	0.000123	0.006983	0.003370	0.008914	0.017575	0.020901	-0.044546	-0.002240	-0.040069	0.018629	-0.038900	-0.042176	0.017202	-0.000249	0.005867	0.007950	0.015971	0.012101	-0.059212	0.014950	0.010683	0.006304	0.009715	0.014513	0.001734	-0.006455	0.020583	0.013157	-0.051051	-0.055829	-0.060055	0.015244	0.010564	0.013613	0.008701	0.006935	0.011062	0.020215	-0.012684	0.016097	-0.044575	0.011651	0.012126	0.026186	0.012511	0.010253	0.006000	-0.008521	0.008599	-0.031463	0.004517	-0.037265	0.005836	0.017069	0.006438	0.021546	0.002027	0.016771	0.011593	0.012606	0.008465	0.012088	0.022348	-0.001236	-0.002186	0.020374	0.004726	0.004704	0.001008	0.008772	0.005681	0.012284	0.006704	0.007607	0.013484	0.012634	0.008173	
-0.068714	-0.016153	-0.058000	-0.019277	0.026267	-0.058880	-0.069114	-0.069034	-0.057251	-0.056021	-0.008616	-0.067488	-0.071857	-0.061043	-0.021231	-0.056044	-0.051418	-0.062114	-0.011097	-0.053766	-0.045533	-0.025317	0.002915	0.003370	-0.009146	0.976445	-0.058917	0.021951	0.011242	0.033564	0.006977	0.008078	-0.008171	-0.006889	-0.060662	-0.049568	0.009184	-0.061010	-0.009649	-0.063357	-0.014835	0.005838	-0.052589	-0.060669	0.001866	-0.039232	-0.000563	0.012217	-0.003874	0.012620	0.044279	0.022908	-0.002168	0.082351	-0.049896	0.021844	-0.047293	-0.053144	0.005766	0.005954	0.008924	0.000763	-0.000953	0.010013	-0.050830	-0.007909	0.000192	0.001225	0.008551	0.007166	0.043531	0.023431	0.011840	-0.003735	-0.066482	-0.059860	-0.066575	0.010975	0.009353	0.004941	0.003791	-0.007656	0.006908	-0.000214	-0.017926	-0.015819	-0.046752	0.001568	-0.007738	0.015539	0.000538	0.086370	0.055185	0.001135	0.075966	-0.044564	0.059051	-0.044239	-0.001730	0.001794	0.006172	-0.015396	0.001853	-0.005804	0.001104	0.003133	0.006323	0.006548	0.019693	0.052868	0.036328	0.008882	0.080395	0.059176	0.062716	0.000211	-0.001303	-0.005270	-0.004617	-0.009223	-0.002630	0.003397	0.004857	
0.122967	-0.036508	0.156408	-0.039776	-0.051616	0.137904	0.156721	0.140298	0.126406	0.145318	0.106619	0.132976	0.142166	0.146980	-0.033745	0.132953	0.128000	0.141140	-0.045953	0.117222	0.135940	-0.031551	-0.055372	-0.050776	-0.045240	-0.058917	1.156957	-0.027123	-0.054311	-0.052419	-0.035739	-0.040000	-0.036613	-0.030622	0.157858	0.148203	-0.047703	0.125574	-0.054077	0.142640	-0.035692	-0.046686	0.154214	0.160071	-0.059193	0.002083	-0.065175	-0.050847	-0.059712	-0.055534	-0.057318	-0.050256	0.014836	-0.059944	-0.002842	-0.055557	0.004081	-0.001701	-0.066611	-0.055161	-0.058259	-0.061871	-0.069843	-0.068864	0.052233	-0.067510	-0.058394	-0.073263	-0.051865	-0.061292	-0.049452	-0.016709	-0.056103	-0.067429	0.063620	0.055575	0.058447	-0.065544	-0.055371	-0.061867	-0.057114	-0.067864	-0.063262	-0.055741	-0.023205	-0.051975	-0.001972	-0.068836	-0.063528	-0.054814	-0.064364	-0.055866	-0.052450	-0.000312	-0.054924	0.003090	-0.055329	-0.002381	-0.058349	-0.060576	-0.058901	-0.070968	-0.064078	-0.054917	-0.066689	-0.063878	-0.064306	-0.051051	-0.052147	-0.031730	-0.006991	-0.066637	-0.053737	-0.062325	-0.066869	-0.047262	-0.058537	-0.053447	-0.063620	-0.068123	-0.062135	-0.057870	-0.054333	
-0.039591	0.048543	-0.042990	0.046532	0.002216	-0.033251	-0.037860	-0.032984	-0.029440	-0.033809	-0.006181	-0.054466	-0.045681	-0.033293	0.047900	-0.040755	-0.037599	-0.038234	0.049718	-0.021999	-0.038780	0.043531	-0.012085	0.002824	-0.011017	0.021951	-0.027123	0.936041	0.003091	0.003360	0.077598	0.080150	0.072882	0.057341	-0.019702	-0.034844	-0.001884	-0.027038	-0.005363	-0.034497	0.054335	-0.007315	-0.035284	-0.039491	-0.006670	-0.038875	-0.015216	-0.009512	-0.018307	-0.004965	0.038907	0.004292	0.008770	0.027619	-0.043546	0.008339	-0.038784	-0.028919	-0.023461	-0.011434	-0.008864	-0.010172	-0.015005	-0.008666	-0.049839	-0.009906	-0.008616	-0.005052	-0.012424	-0.026646	0.014729	0.005467	-0.000360	-0.028285	-0.052479	-0.051133	-0.051414	-0.013913	-0.021225	-0.008884	-0.010115	-0.013556	-0.014775	-0.023358	-0.027455	-0.018810	-0.028495	-0.019126	-0.007552	-0.002990	-0.009159	0.030616	0.030883	0.013322	0.028679	-0.034552	0.036026	-0.035131	-0.007418	-0.021053	-0.015192	-0.020083	-0.021715	-0.010775	-0.016238	-0.014626	-0.028630	-0.012941	-0.006751	0.017274	0.006739	-0.011671	0.026692	0.033741	0.035542	-0.017518	-0.017781	-0.022890	-0.006491	-0.017604	-0.010694	-0.016297	-0.025394	
-0.059991	0.004888	-0.058714	-0.004743	0.024266	-0.055916	-0.067274	-0.055315	-0.056951	-0.047833	-0.048832	-0.072521	-0.065671	-0.068394	0.007481	-0.059295	-0.054216	-0.058879	0.003917	-0.047844	-0.064988	-0.011624	0.017664	0.029887	0.021555	0.011242	-0.054311	0.003091	0.955107	0.015996	-0.002593	0.011083	0.002059	-0.004029	-0.057095	-0.054541	0.016388	-0.051777	0.017464	-0.052478	0.003722	0.013314	-0.056170	-0.056776	0.005905	-0.042093	0.001526	0.004370	0.011517	0.011630	0.021804	0.013709	-0.026230	0.007669	-0.034414	0.021522	-0.044729	-0.047390	0.005084	0.012260	0.004001	0.018987	0.002309	0.022974	-0.048146	-0.000666	0.012034	-0.000246	0.000869	0.014688	0.018754	0.006970	0.017360	0.001080	-0.053245	-0.051740	-0.054285	0.008913	0.012927	0.005209	0.013268	-0.003794	0.009006	0.010462	-0.019703	0.017878	-0.041874	0.008793	0.009291	0.010876	0.012766	0.020522	0.024048	0.002250	0.017292	-0.035530	0.019759	-0.038339	0.011696	0.014313	0.006446	0.003129	0.008437	0.003424	0.012631	0.011020	0.010871	0.003273	0.023617	0.005872	0.011432	0.008174	0.008998	-0.002169	0.013811	0.002521	0.018058	0.016119	0.007451	0.010669	0.012643	0.014784	0.004783	
-0.067886	0.002004	-0.061801	-0.001637	0.029304	-0.059906	-0.059099	-0.060197	-0.049477	-0.061742	-0.039921	-0.082293	-0.065307	-0.068866	-0.012937	-0.062096	-0.047591	-0.063121	-0.002410	-0.053563	-0.054992	-0.019968	0.009831	0.015800	0.018673	0.033564	-0.052419	0.003360	0.015996	0.950623	0.022804	0.009810	0.017597	-0.000951	-0.055329	-0.051502	0.023786	-0.053525	0.020402	-0.056405	-0.003815	0.011504	-0.060179	-0.053358	0.015984	-0.047235	0.012566	0.012216	0.005886	0.009600	0.032508	0.025555	-0.030843	0.022035	-0.047418	0.026933	-0.052203	-0.045916	0.014371	0.003153	0.017769	0.001719	0.017841	0.007965	-0.065915	0.008101	-0.007193	0.007034	0.013439	0.013965	0.026001	0.006354	0.021421	0.000750	-0.063277	-0.069547	-0.055334	0.004554	0.006636	0.007459	0.007000	0.008894	0.013191	0.020729	-0.020720	0.018481	-0.049971	0.012912	0.014329	0.016346	0.011733	0.033251	0.041517	-0.021488	0.020118	-0.045054	0.017591	-0.041543	0.003036	0.006893	0.001876	0.005679	0.004595	0.015797	-0.002207	0.012273	0.015258	-0.001782	0.027058	0.002524	-0.001068	0.009025	0.025286	0.018239	0.019399	-0.000974	0.002171	0.014877	0.018968	0.004971	0.006105	0.006295	0.003525	
-0.052206	0.043120	-0.049526	0.041111	-0.000007	-0.048478	-0.033609	-0.049743	-0.045426	-0.039380	-0.016794	-0.057013	-0.049602	-0.043772	0.035266	-0.043425	-0.029113	-0.048959	0.042450	-0.045626	-0.042933	0.038484	-0.007228	-0.000077	-0.011228	0.006977	-0.035739	0.077598	-0.002593	0.022804	0.985584	0.398284	0.368155	0.054234	-0.032679	-0.031052	-0.006738	-0.053120	-0.005998	-0.042270	0.040385	-0.013473	-0.049157	-0.047021	-0.010167	-0.048437	-0.021363	-0.016923	-0.012076	-0.015280	0.022242	-0.003246	-0.007055	0.026175	-0.043646	0.000416	-0.047474	-0.036466	-0.027527	-0.015421	-0.024461	-0.002437	-0.021581	-0.019705	-0.050445	-0.014956	-0.012288	-0.023620	-0.022212	-0.017976	0.004212	0.005216	0.001044	-0.025048	-0.053193	-0.052232	-0.061689	-0.022716	-0.002334	-0.010713	-0.015567	-0.000818	-0.008506	-0.020977	-0.044215	-0.015415	-0.040551	-0.023883	-0.013909	-0.013672	-0.018137	0.011081	0.028800	-0.021658	0.005335	-0.047387	0.018431	-0.047544	-0.013145	-0.008180	-0.010425	-0.016898	-0.023136	-0.022531	-0.019028	-0.023762	-0.017245	-0.017214	0.004893	0.000887	-0.005391	-0.015676	-0.012381	0.007839	0.005360	-0.017013	-0.022892	-0.012187	-0.006944	-0.022025	-0.019249	-0.004538	-0.021233	
-0.044569	0.037011	-0.048267	0.045435	-0.010183	-0.047915	-0.037718	-0.045471	-0.046849	-0.050861	-0.021016	-0.058230	-0.046543	-0.042522	0.039745	-0.039935	-0.030016	-0.044342	0.039400	-0.046774	-0.050861	0.027240	-0.004726	0.007755	-0.001644	0.008078	-0.040000	0.080150	0.011083	0.009810	0.398284	0.973617	0.366900	0.052206	-0.029617	-0.029382	-0.013809	-0.057666	-0.004222	-0.048303	0.039487	-0.019480	-0.048222	-0.042932	-0.017846	-0.053238	-0.020100	-0.020592	-0.021890	-0.014977	0.028982	0.006481	-0.004777	0.027707	-0.055896	-0.004256	-0.052873	-0.042862	-0.030039	-0.007362	-0.023128	-0.015505	-0.011849	-0.023633	-0.046587	-0.023804	-0.018453	-0.016134	-0.023911	-0.018298	0.007525	0.011684	-0.004901	-0.031220	-0.037904	-0.041260	-0.048616	-0.022367	-0.008454	-0.016361	-0.009663	-0.005951	-0.022362	-0.025810	-0.033393	-0.009475	-0.046370	-0.019361	-0.015178	-0.019371	-0.011188	0.026843	0.030549	-0.020420	0.011820	-0.045543	0.021823	-0.048293	-0.012203	-0.017847	-0.020706	-0.019885	-0.013298	-0.021689	-0.026050	-0.017295	-0.017927	-0.012919	-0.005838	0.001298	-0.010027	-0.025297	0.006956	0.019909	0.020558	-0.008537	-0.013166	-0.004206	-0.015443	-0.023956	-0.019526	-0.015432	-0.020303	
-0.043959	0.040414	-0.042497	0.050044	-0.006639	-0.041668	-0.040335	-0.054857	-0.035401	-0.034909	-0.017187	-0.063020	-0.056423	-0.051771	0.038480	-0.040795	-0.030715	-0.047997	0.047360	-0.030196	-0.042162	0.035765	-0.002993	-0.003281	-0.001633	-0.008171	-0.036613	0.072882	0.002059	0.017597	0.368155	0.366900	0.959753	0.055377	-0.040639	-0.034650	-0.007158	-0.047458	0.002715	-0.034117	0.049789	-0.013218	-0.041236	-0.051413	-0.022498	-0.040052	-0.019776	-0.018283	-0.014149	-0.011878	0.010816	0.005296	-0.016042	0.009408	-0.048391	-0.005123	-0.048314	-0.039775	-0.025907	-0.015539	-0.023124	-0.010097	-0.017943	-0.022908	-0.048134	-0.014748	-0.007574	-0.013621	-0.013056	-0.014417	0.009671	0.023290	0.001789	-0.017872	-0.038859	-0.048362	-0.052607	-0.013334	-0.009717	-0.013276	-0.006618	-0.010275	-0.015215	-0.009192	-0.029532	-0.013678	-0.040859	-0.022159	-0.019463	-0.014907	-0.008674	0.001753	0.013589	-0.026534	0.011225	-0.048702	0.007139	-0.044452	-0.016547	-0.016855	-0.021920	-0.017403	-0.011200	-0.011919	-0.020090	-0.013836	-0.020228	-0.021611	-0.002210	0.005558	-0.005223	-0.017403	-0.001344	0.000196	0.007253	-0.010476	-0.011301	-0.007874	-0.017039	-0.025373	-0.014819	-0.012014	-0.016823	
