0.00000000099999999993 0.99999999700000008485 0.00000000099999999993 0.00000000099999999993 
0.99999999699999997382 0.00000000099999999987 0.00000000099999999987 0.00000000099999999987 
0.00000000099999999992 0.99999999699999997382 0.00000000099999999992 0.00000000099999999992 
0.99999999699999997382 0.00000000099999999987 0.00000000099999999987 0.00000000099999999987 
0.06030230057180664682 0.00000000099999999998 0.93969769742819331260 0.00000000099999999998 
0.00000000099999999998 0.96716005429891749312 0.00000000099999999998 0.03283994370108263283 
0.00000000099999999995 0.99999999699999997382 0.00000000099999999995 0.00000000099999999995 
0.00000000099999999992 0.99999999700000008485 0.00000000099999999992 0.00000000099999999992 
0.00000000099999999998 0.99999999700000008485 0.00000000099999999998 0.00000000099999999998 
0.00000000099999999994 0.99999999700000008485 0.00000000099999999994 0.00000000099999999994 
0.20758749877009743945 0.78787409121486096097 0.00000000100000000000 0.00453840901504164000 
0.00000000099999999993 0.99999999699999997382 0.00000000099999999993 0.00000000099999999993 
0.99999999699999997382 0.00000000099999999989 0.00000000099999999989 0.00000000099999999989 
0.00000000099999999994 0.99999999699999997382 0.00000000099999999994 0.00000000099999999994 
0.00000000099999999997 0.99999999700000008485 0.00000000099999999997 0.00000000099999999997 
0.00000000099999999993 0.99999999699999997382 0.00000000099999999993 0.00000000099999999993 
0.99999999699999997382 0.00000000099999999988 0.00000000099999999988 0.00000000099999999988 
0.08590153866673327920 0.91409845933326672185 0.00000000099999999998 0.00000000099999999998 
0.00000000099999999993 0.99999999700000008485 0.00000000099999999993 0.00000000099999999993 
0.99999999699999997382 0.00000000099999999995 0.00000000099999999995 0.00000000099999999995 
0.01258006991025372584 0.00000000099999999994 0.98741992808974610174 0.00000000099999999994 
0.06030729092447936063 0.00000000099999999996 0.93969270707552066124 0.00000000099999999996 
0.04392624110522981573 0.00000000099999999997 0.95607375689477025471 0.00000000099999999997 
0.00001802122890571326 0.00000000099999999997 0.99998197677109412762 0.00000000099999999997 
0.00000000099999999992 0.99999999700000008485 0.00000000099999999992 0.00000000099999999992 
0.99999999700000008485 0.00000000099999999989 0.00000000099999999989 0.00000000099999999989 
0.07621520143237232869 0.00000000099999999997 0.92378479656762757521 0.00000000099999999997 
0.01361685476083040157 0.00000000099999999996 0.98638314323916942428 0.00000000099999999996 
0.99999999700000008485 0.00000000099999999986 0.00000000099999999986 0.00000000099999999986 
0.99999999700000008485 0.00000000099999999988 0.00000000099999999988 0.00000000099999999988 
0.00000000099999999993 0.99999999699999997382 0.00000000099999999993 0.00000000099999999993 
0.04117760202935306230 0.00000000099999999996 0.95882239597064677916 0.00000000099999999996 
0.00000000099999999997 0.98828790297996227388 0.00000000099999999997 0.01171209502003769422 
0.03360172697669422393 0.00000000099999999995 0.96639827102330577713 0.00000000099999999995 
0.00000000099999999995 0.99999999700000008485 0.00000000099999999995 0.00000000099999999995 
0.99999999700000008485 0.00000000099999999986 0.00000000099999999986 0.00000000099999999986 
0.08750842541783793171 0.00000000099999999997 0.91249157258216206934 0.00000000099999999997 
0.00000000099999999992 0.99999999699999997382 0.00000000099999999992 0.00000000099999999992 
0.00000000099999999990 0.99999999699999997382 0.00000000099999999990 0.00000000099999999990 
0.00136894632467062568 0.00000000099999999996 0.99863105167532939532 0.00000000099999999996 
0.00000000099999999982 0.00000000099999999982 0.00000000099999999982 0.99999999699999997382 
0.00000000099999999994 0.00000000099999999994 0.99999999699999986280 0.00000000099999999994 
0.00011870356337423025 0.00000000099999999996 0.99988129443662565610 0.00000000099999999996 
0.00218141532132491624 0.00000000099999999995 0.99781858267867518109 0.00000000099999999995 
0.00004509052710010103 0.00000000099999999998 0.99995490747289994538 0.00000000099999999998 
0.05681582273199737437 0.00000000099999999994 0.94318417526800257811 0.00000000099999999994 
0.04975749864587903498 0.00000000099999999994 0.95024249935412097301 0.00000000099999999994 
0.00000000099999999982 0.00000000099999999982 0.00000000099999999982 0.99999999699999997382 
0.00005071191645903638 0.00000000099999999995 0.99994928608354083366 0.00000000099999999995 
0.05779046487681599453 0.00000000099999999995 0.94220953312318411754 0.00000000099999999995 
0.00000000099999999990 0.00000000099999999990 0.00000000099999999990 0.99999999700000008485 
0.00000000099999999975 0.00000000099999999975 0.00000000099999999975 0.99999999700000008485 
0.00000000099999999993 0.00000000099999999993 0.99999999699999997382 0.00000000099999999993 
0.00890551952980317245 0.00000000099999999998 0.99109447847019682687 0.00000000099999999998 
0.00000000099999999995 0.00000000099999999995 0.99999999699999997382 0.00000000099999999995 
0.00000209349873600987 0.00000000099999999997 0.99999790450126402330 0.00000000099999999997 
0.00000000099999999996 0.00000000099999999996 0.99999999699999986280 0.00000000099999999996 
0.00000000099999999995 0.00000000099999999995 0.99999999699999986280 0.00000000099999999995 
0.05399321420827964818 0.58007337983147821969 0.06283079730088651782 0.30310260865935562125 
0.00154674343782590850 0.00000000099999999998 0.99547777604139942031 0.00297547952077453944 
0.03579845978568357845 0.00000000099999999996 0.96420153821431631158 0.00000000099999999996 
0.02315734985057219322 0.00000000099999999995 0.97684264814942789457 0.00000000099999999995 
0.00000069590634179592 0.00000000099999999999 0.98390719844778862235 0.01609210464586961764 
0.00000000099999999994 0.00000000099999999994 0.99999999699999997382 0.00000000099999999994 
0.02815701683763548527 0.01842485748254836520 0.95341812467981601475 0.00000000099999999999 
0.04879910697558725169 0.13806345732370167712 0.80096443308570430819 0.01217300261500676474 
0.00107438125455698173 0.00000000099999999996 0.99892561674544289030 0.00000000099999999996 
0.00000000099999999997 0.00000000099999999997 0.99999999699999986280 0.00000000099999999997 
0.00043664253312798918 0.00000000099999999997 0.99956335546687202775 0.00000000099999999997 
0.00000000099999999997 0.00000000099999999997 0.99999999699999997382 0.00000000099999999997 
0.00000135170959693435 0.00000000099999999995 0.99999864629040302599 0.00000000099999999995 
0.00359365772887529356 0.00000000099999999996 0.99640634027112462423 0.00000000099999999996 
0.05232397044569040562 0.00000000099999999996 0.94767602755430957462 0.00000000099999999996 
0.03484678759379180452 0.00000000099999999995 0.96515321040620827286 0.00000000099999999995 
0.02753774599080536720 0.00000000099999999996 0.97246225200919456100 0.00000000099999999996 
0.00083487038793911121 0.00000000099999999999 0.53297858117986651738 0.46618654743219423153 
0.00084980770681988523 0.00000000099999999997 0.99915019029318008492 0.00000000099999999997 
0.00000000099999999983 0.00000000099999999983 0.00000000099999999983 0.99999999699999997382 
0.00000000832323348662 0.00000000099999999996 0.99999998967676650974 0.00000000099999999996 
0.00000000099999999992 0.00000000099999999992 0.99999999699999997382 0.00000000099999999992 
0.01793194033786239816 0.00000000099999999996 0.98206805766213767228 0.00000000099999999996 
0.00004592282785294112 0.00000000099999999997 0.99995407517214707216 0.00000000099999999997 
0.06128022023679259578 0.00000000099999999994 0.93871977776320736364 0.00000000099999999994 
0.10630071233341113757 0.00000000099999999995 0.89369928566658884961 0.00000000099999999995 
0.14091010866509184885 0.20634676246732450156 0.61732202266338465080 0.03542110620419922085 
0.02973942668727586405 0.00000000099999999997 0.97026057131272414047 0.00000000099999999997 
0.00000000099999999979 0.00000000099999999979 0.00000000099999999979 0.99999999699999997382 
0.06466795135304669040 0.00870304987540549205 0.92662899777154772440 0.00000000099999999998 
0.00000000099999999978 0.00000000099999999978 0.00000000099999999978 0.99999999700000008485 
0.00000007680262349020 0.00000000099999999994 0.99999992119737657337 0.00000000099999999994 
0.03385984139278050420 0.00000000099999999995 0.96614015660721941359 0.00000000099999999995 
0.01196639685815376226 0.00000000099999999998 0.94443644698473705468 0.04359715515710924083 
0.00015688668391017008 0.00000000099999999998 0.99984311131608982759 0.00000000099999999998 
0.00000017405474571081 0.00000000099999999995 0.99999982394525432916 0.00000000099999999995 
0.00000806863974714030 0.00000000099999999996 0.99999192936025294021 0.00000000099999999996 
0.00264695406083654151 0.00000000099999999997 0.99735293906750310811 0.00000010587166045587 
0.00000000099999999993 0.00000000099999999993 0.99999999699999986280 0.00000000099999999993 
0.00000000099999999996 0.00000000099999999996 0.99999999699999986280 0.00000000099999999996 
0.00000000099999999994 0.00000000099999999994 0.99999999699999986280 0.00000000099999999994 
0.00179560974145269512 0.00000000099999999996 0.99820438825854729270 0.00000000099999999996 
0.11608432654452251198 0.02832907637737380746 0.85110751035224452288 0.00447908672585914814 
0.10437681037128274109 0.11316585888623496847 0.78245732974248238811 0.00000000099999999999 
0.00000000099999999997 0.00000000099999999997 0.99999999699999986280 0.00000000099999999997 
0.06442234360371792978 0.00000000099999999998 0.93557765439628204351 0.00000000099999999998 
0.08211355168531203619 0.00000000099999999998 0.91788644631468807589 0.00000000099999999998 
0.01824272651306034498 0.00000000099999999997 0.98175727148693947566 0.00000000099999999997 
0.00000000099999999997 0.00000000099999999997 0.99999999699999986280 0.00000000099999999997 
0.00000000099999999995 0.00000000099999999995 0.99999999699999986280 0.00000000099999999995 
0.00000000528705527683 0.00000000099999999996 0.99999999271294470748 0.00000000099999999996 
0.00000000099999999995 0.00000000099999999995 0.99999999699999997382 0.00000000099999999995 
0.00006847863165166950 0.00000000099999999996 0.99993151936834823168 0.00000000099999999996 
0.02927906058193701505 0.00000000099999999999 0.95348814336307208261 0.01723279505499096184 
