0.000010 0.999950 0.000010 0.000010 0.000010 0.000010
0.000010 0.000010 0.000010 0.000010 0.999950 0.000010
0.000010 0.999950 0.000010 0.000010 0.000010 0.000010
0.000010 0.000010 0.000010 0.000010 0.999950 0.000010
0.000540 0.000010 0.010917 0.000010 0.082587 0.905935
0.000010 0.956276 0.000010 0.043684 0.000010 0.000010
0.000010 0.870514 0.129446 0.000010 0.000010 0.000010
0.000010 0.999950 0.000010 0.000010 0.000010 0.000010
0.000010 0.999950 0.000010 0.000010 0.000010 0.000010
0.000010 0.999950 0.000010 0.000010 0.000010 0.000010
0.000010 0.435545 0.556221 0.000010 0.008204 0.000010
0.000010 0.994496 0.005464 0.000010 0.000010 0.000010
0.000010 0.000010 0.000016 0.000010 0.999944 0.000010
0.000010 0.999950 0.000010 0.000010 0.000010 0.000010
0.000010 0.538474 0.461486 0.000010 0.000010 0.000010
0.000010 0.968302 0.031658 0.000010 0.000010 0.000010
0.000010 0.000010 0.000010 0.000010 0.999950 0.000010
0.000010 0.783420 0.175992 0.000010 0.040558 0.000010
0.000010 0.999950 0.000010 0.000010 0.000010 0.000010
0.000010 0.000010 0.372040 0.000010 0.627920 0.000010
0.000010 0.000010 0.138320 0.000010 0.021426 0.840224
0.000010 0.000010 0.100376 0.000010 0.073659 0.825936
0.000010 0.000010 0.176639 0.000010 0.057719 0.765611
0.000010 0.000010 0.462540 0.000010 0.000010 0.537420
0.000010 0.999950 0.000010 0.000010 0.000010 0.000010
0.000010 0.000010 0.110814 0.000010 0.889146 0.000010
0.001782 0.000010 0.000010 0.000010 0.099470 0.898717
0.000011 0.000010 0.080268 0.000010 0.039998 0.879703
0.000010 0.000010 0.000010 0.000010 0.999950 0.000010
0.000010 0.000010 0.000010 0.000010 0.999950 0.000010
0.000010 0.999950 0.000010 0.000010 0.000010 0.000010
0.000010 0.000010 0.068616 0.000010 0.049591 0.881763
0.000010 0.999950 0.000010 0.000010 0.000010 0.000010
0.000010 0.000010 0.065778 0.000010 0.050042 0.884150
0.000010 0.999950 0.000010 0.000010 0.000010 0.000010
0.000010 0.000010 0.000010 0.000010 0.999950 0.000010
0.000010 0.000010 0.074165 0.000010 0.097225 0.828580
0.000010 0.999950 0.000010 0.000010 0.000010 0.000010
0.000010 0.999950 0.000010 0.000010 0.000010 0.000010
0.000010 0.000010 0.124070 0.000010 0.000010 0.875890
0.000010 0.000010 0.044547 0.955413 0.000010 0.000010
0.000010 0.000010 0.021005 0.000010 0.000010 0.978955
0.000010 0.000010 0.116521 0.000010 0.000010 0.883439
0.000010 0.000010 0.297514 0.000010 0.000010 0.702446
0.007622 0.000010 0.314346 0.000010 0.000010 0.678002
0.000010 0.000010 0.213697 0.000010 0.065022 0.721251
0.000010 0.000010 0.068364 0.000010 0.054325 0.877281
0.000010 0.000010 0.000010 0.999950 0.000010 0.000010
0.000010 0.000010 0.543414 0.000010 0.000010 0.456546
0.000010 0.000010 0.018335 0.000010 0.077732 0.903903
0.000013 0.000010 0.367668 0.632288 0.000010 0.000010
0.000010 0.000010 0.000010 0.999950 0.000010 0.000010
0.000010 0.000010 0.028163 0.000010 0.000010 0.971797
0.011830 0.000010 0.242173 0.000010 0.000010 0.745967
0.000010 0.000010 0.088761 0.000010 0.000010 0.911199
0.000010 0.000010 0.000010 0.000010 0.000010 0.999950
0.000010 0.000010 0.040697 0.000010 0.000010 0.959263
0.000010 0.000010 0.000010 0.000010 0.000010 0.999950
0.999948 0.000010 0.000012 0.000010 0.000010 0.000010
0.000010 0.000010 0.000010 0.000010 0.004686 0.995274
0.000010 0.000010 0.355669 0.000010 0.000010 0.644291
0.000010 0.000010 0.136101 0.000010 0.014704 0.849164
0.000010 0.000010 0.559104 0.000010 0.000010 0.440856
0.000010 0.000010 0.286239 0.000010 0.000010 0.713721
0.000010 0.000010 0.999950 0.000010 0.000010 0.000010
0.000010 0.000010 0.999950 0.000010 0.000010 0.000010
0.000010 0.000010 0.134795 0.000010 0.000010 0.865165
0.000010 0.000010 0.830026 0.000010 0.000010 0.169934
0.000010 0.000010 0.428162 0.000010 0.000010 0.571798
0.000010 0.000010 0.100479 0.000010 0.000010 0.899481
0.000010 0.000010 0.114893 0.000010 0.000010 0.885067
0.000010 0.000010 0.315652 0.000010 0.000010 0.684308
0.000010 0.000010 0.016503 0.000010 0.056350 0.927117
0.000010 0.000010 0.030318 0.000010 0.052023 0.917629
0.000010 0.000010 0.616220 0.000010 0.000010 0.383740
0.000010 0.000010 0.381022 0.368882 0.000010 0.250066
0.000010 0.000010 0.785000 0.000010 0.000010 0.214960
0.000010 0.000010 0.071610 0.928350 0.000010 0.000010
0.000010 0.000010 0.294651 0.000010 0.000010 0.705309
0.000010 0.000010 0.011229 0.000010 0.000010 0.988731
0.000010 0.000010 0.022423 0.000010 0.022105 0.955441
0.000010 0.000010 0.606785 0.000010 0.000010 0.393175
0.000010 0.000010 0.196655 0.000010 0.064895 0.738420
0.000010 0.000010 0.241565 0.000010 0.108170 0.650236
0.000010 0.000010 0.999950 0.000010 0.000010 0.000010
0.000010 0.000010 0.633515 0.000010 0.000010 0.366445
0.000010 0.000010 0.000010 0.999950 0.000010 0.000010
0.000010 0.007634 0.338045 0.000010 0.051762 0.602538
0.000010 0.000010 0.000010 0.999950 0.000010 0.000010
0.000010 0.000010 0.037886 0.000010 0.000010 0.962074
0.000010 0.000010 0.272678 0.000010 0.028874 0.698418
0.000010 0.000010 0.720408 0.008065 0.000010 0.271496
0.000010 0.000010 0.999950 0.000010 0.000010 0.000010
0.000010 0.000010 0.417319 0.000010 0.000010 0.582641
0.000010 0.000010 0.414822 0.000010 0.000010 0.585138
0.000010 0.000010 0.000010 0.000010 0.003373 0.996587
0.000010 0.000010 0.000010 0.000010 0.000010 0.999950
0.000010 0.000010 0.431201 0.000010 0.000010 0.568759
0.000010 0.000010 0.056483 0.000010 0.000010 0.943477
0.000010 0.000010 0.010566 0.000010 0.012135 0.977269
0.000010 0.000010 0.999950 0.000010 0.000010 0.000010
0.000010 0.000010 0.999950 0.000010 0.000010 0.000010
0.000010 0.000010 0.062903 0.000010 0.000010 0.937057
0.000010 0.000010 0.544350 0.000010 0.037883 0.417738
0.000010 0.000010 0.999950 0.000010 0.000010 0.000010
0.000010 0.000010 0.365536 0.000010 0.000010 0.634424
0.000010 0.000010 0.999950 0.000010 0.000010 0.000010
0.000010 0.000010 0.478928 0.000010 0.000010 0.521032
0.000010 0.000010 0.414619 0.000010 0.000010 0.585341
0.000010 0.000010 0.236175 0.000010 0.000010 0.763785
0.000010 0.000010 0.320496 0.000010 0.000010 0.679464
0.000010 0.000010 0.355988 0.013673 0.006159 0.624160
