1.230177	-0.039985	0.246908	-0.065347	-0.083911	0.236903	0.231939	0.216552	0.239766	0.229327	0.169864	0.229264	0.227725	0.234782	-0.052341	0.224171	0.189233	0.219208	-0.050598	0.193956	0.217673	-0.028435	-0.070971	-0.071312	-0.074368	-0.093698	0.203618	-0.055288	-0.084839	-0.075749	-0.069872	-0.073215	-0.067544	-0.056692	0.228562	0.244285	-0.087286	0.218196	-0.079913	0.206872	-0.066374	-0.075821	0.242224	0.234980	-0.092104	0.017690	-0.091267	-0.090155	-0.079120	-0.082149	-0.097265	-0.074297	0.032095	-0.107225	-0.001134	-0.078433	0.014069	0.005473	-0.103463	-0.082312	-0.097999	-0.087284	-0.102473	-0.097849	0.086527	-0.087125	-0.087098	-0.088648	-0.072329	-0.086427	-0.078444	-0.039768	-0.072202	-0.088314	0.089792	0.099659	0.084084	-0.089362	-0.076606	-0.084333	-0.091305	-0.106495	-0.086295	-0.070611	-0.050968	-0.086137	0.015662	-0.086692	-0.088053	-0.085413	-0.097499	-0.082713	-0.075829	0.021470	-0.081871	0.012726	-0.082327	0.002041	-0.086446	-0.088473	-0.082727	-0.091756	-0.082727	-0.103389	-0.092502	-0.090213	-0.078662	-0.090351	-0.067483	-0.072725	-0.028508	-0.090294	-0.093422	-0.090281	-0.095860	-0.099356	-0.094779	-0.083982	-0.094384	-0.089386	-0.080345	-0.087383	-0.079622	
-0.039985	0.915061	-0.055873	0.087093	0.006066	-0.053869	-0.050175	-0.067513	-0.068161	-0.044125	-0.032599	-0.064207	-0.067776	-0.061898	0.094061	-0.053831	-0.040317	-0.049836	0.088890	-0.037731	-0.060826	0.089656	0.009724	-0.009611	0.001404	-0.007539	-0.064344	0.085530	0.007340	-0.008088	0.079181	0.071622	0.082538	0.077905	-0.061907	-0.065911	0.008528	-0.028002	-0.003913	-0.049519	0.107298	0.002394	-0.065476	-0.053066	-0.001118	-0.057195	-0.000496	-0.003001	-0.012457	0.022978	0.004438	-0.003357	-0.045119	-0.003977	-0.045414	0.007364	-0.043878	-0.047127	-0.017561	0.015152	0.003591	0.007884	-0.001910	0.001340	-0.044900	0.001916	0.007888	-0.007484	-0.003286	-0.003905	-0.013348	-0.031825	-0.000702	0.006355	-0.041849	-0.047995	-0.060035	-0.007527	0.000915	-0.005852	-0.011409	-0.001986	-0.004749	0.012496	-0.023535	-0.006949	-0.044651	-0.008257	0.008089	0.003567	0.005532	-0.004504	-0.010076	0.000297	-0.012047	-0.050416	0.008210	-0.062123	0.002935	-0.012667	-0.007507	0.013153	0.007594	-0.007291	0.009105	0.003522	0.001518	0.006110	0.004818	-0.021637	-0.013068	-0.011676	-0.012991	-0.003222	-0.011556	0.022746	0.003206	0.006756	0.005072	-0.004253	-0.003139	0.000009	-0.000006	
0.246908	-0.055873	1.243348	-0.056976	-0.087367	0.226844	0.242123	0.252852	0.219382	0.240062	0.167435	0.235534	0.231718	0.235412	-0.063031	0.238691	0.210647	0.257339	-0.046004	0.237454	0.231571	-0.041986	-0.085645	-0.085593	-0.077851	-0.084340	0.231366	-0.055831	-0.081379	-0.085137	-0.058673	-0.074559	-0.065017	-0.053747	0.211221	0.228907	-0.083124	0.210246	-0.084319	0.234440	-0.055023	-0.089714	0.269824	0.242701	-0.094850	0.020778	-0.096729	-0.090402	-0.100926	-0.093065	-0.083162	-0.092728	0.023217	-0.110177	0.031374	-0.085333	0.033649	0.043363	-0.093307	-0.083564	-0.098595	-0.091260	-0.105880	-0.097504	0.103684	-0.087103	-0.084360	-0.097079	-0.087284	-0.091197	-0.082730	-0.030301	-0.087407	-0.098232	0.102344	0.111899	0.105648	-0.095563	-0.076474	-0.093986	-0.089740	-0.088333	-0.091273	-0.085986	-0.044546	-0.105192	0.019939	-0.102306	-0.098443	-0.101628	-0.098551	-0.088967	-0.084523	0.012665	-0.089504	0.042702	-0.086762	0.022000	-0.094759	-0.094567	-0.106422	-0.132849	-0.093458	-0.091267	-0.098690	-0.098367	-0.096483	-0.115553	-0.083053	-0.081897	-0.045536	-0.093323	-0.093054	-0.093611	-0.082022	-0.092557	-0.081475	-0.096696	-0.104966	-0.094054	-0.091402	-0.107116	-0.080002	
-0.065347	0.087093	-0.056976	0.939180	0.003010	-0.058507	-0.055992	-0.074629	-0.040848	-0.044309	-0.016471	-0.067490	-0.060618	-0.071993	0.085273	-0.053067	-0.054143	-0.046440	0.082837	-0.056145	-0.045359	0.057779	0.005074	0.016581	0.004081	-0.009926	-0.051370	0.076456	-0.021225	-0.009399	0.091766	0.084420	0.090056	0.084976	-0.056408	-0.050445	0.008575	-0.039487	0.011151	-0.046200	0.098721	0.011898	-0.048096	-0.052716	0.013531	-0.057335	-0.013268	0.002828	0.004717	-0.003672	0.012304	0.016929	-0.053014	-0.007012	-0.047918	-0.001955	-0.037624	-0.063965	-0.023956	-0.010667	-0.010824	0.004497	-0.002319	-0.018037	-0.063412	-0.000029	0.006527	-0.007617	-0.009670	0.000627	-0.003061	-0.021460	0.007753	-0.013061	-0.057124	-0.058465	-0.065084	-0.004560	-0.000239	0.003527	-0.017250	-0.006334	-0.006588	-0.000733	-0.021299	0.005958	-0.047620	0.004066	0.008464	-0.007874	0.001265	0.009153	0.010264	-0.022593	-0.007305	-0.047721	-0.009532	-0.061857	0.013707	0.030843	-0.010500	-0.005007	0.009556	0.010185	0.006730	0.013798	-0.014225	0.005402	0.002269	-0.007550	-0.004003	0.001677	-0.008963	-0.029054	-0.017439	-0.001154	0.009488	0.000012	0.020605	-0.005794	-0.005841	0.005973	0.006043	
-0.083911	0.006066	-0.087367	0.003010	0.848892	-0.092052	-0.101665	-0.096684	-0.088701	-0.078193	-0.070845	-0.101986	-0.088674	-0.098265	0.021352	-0.073864	-0.066747	-0.084581	-0.001450	-0.084308	-0.094850	0.010310	0.020074	0.031168	0.032732	0.037477	-0.078730	0.011818	0.025659	0.034307	0.004182	0.009945	0.003938	0.029617	-0.093295	-0.101306	0.031887	-0.082866	0.018637	-0.089039	0.016710	0.027730	-0.092207	-0.089478	0.035061	-0.064135	0.026920	0.029827	0.032682	0.026855	0.040571	0.022106	-0.056055	0.048474	-0.080414	0.028321	-0.070847	-0.069100	0.020022	0.042288	0.003676	0.042697	0.024041	0.028164	-0.066069	0.036649	0.010972	0.027618	0.031887	0.020502	0.012614	-0.009851	0.022109	0.010001	-0.095008	-0.087710	-0.093968	0.009157	0.027871	0.033102	0.034745	0.022139	0.028234	0.026365	-0.011157	0.016188	-0.059910	0.021516	0.005483	0.024685	0.016454	0.016652	0.041448	0.006727	0.038958	-0.069459	0.032091	-0.063376	0.014800	0.030490	0.008975	0.029071	0.024192	0.022590	0.020858	0.029268	0.026950	0.028825	0.039613	0.010149	0.008263	0.020184	0.029144	0.018182	0.038880	0.023619	0.023019	0.029881	0.040598	0.018016	0.011633	0.027562	0.041536	
0.236903	-0.053869	0.226844	-0.058507	-0.092052	1.270745	0.244608	0.225179	0.207426	0.215879	0.145277	0.207547	0.218243	0.188926	-0.058109	0.237875	0.225149	0.234464	-0.058612	0.208906	0.226858	-0.056209	-0.076378	-0.079483	-0.074299	-0.090626	0.219078	-0.051190	-0.085040	-0.076518	-0.074043	-0.081172	-0.087702	-0.065440	0.217823	0.216438	-0.073633	0.189042	-0.076229	0.234786	-0.054430	-0.082704	0.240284	0.227099	-0.092197	0.026882	-0.085847	-0.102680	-0.078747	-0.093166	-0.097406	-0.086771	0.023434	-0.099651	0.006622	-0.092011	0.021946	0.034263	-0.080531	-0.085614	-0.094464	-0.092563	-0.100956	-0.090353	0.111760	-0.098172	-0.101384	-0.079044	-0.081681	-0.085164	-0.080366	-0.020678	-0.079948	-0.074186	0.113907	0.118066	0.123408	-0.092720	-0.087968	-0.091583	-0.089324	-0.088837	-0.081475	-0.085615	-0.021038	-0.096168	0.026171	-0.089270	-0.085721	-0.086249	-0.103870	-0.081590	-0.075404	0.074726	-0.095369	0.034942	-0.076536	0.033279	-0.095700	-0.085879	-0.074001	-0.087193	-0.101686	-0.087906	-0.097670	-0.091133	-0.089915	-0.080852	-0.079939	-0.081638	-0.063446	-0.086799	-0.096348	-0.091977	-0.089794	-0.104621	-0.084250	-0.093520	-0.095275	-0.100089	-0.075038	-0.090335	-0.074753	
0.231939	-0.050175	0.242123	-0.055992	-0.101665	0.244608	1.265833	0.244724	0.242208	0.211050	0.152458	0.271171	0.263465	0.257193	-0.058966	0.233453	0.214888	0.251882	-0.045180	0.231663	0.229042	-0.044651	-0.095473	-0.079665	-0.077092	-0.099936	0.258044	-0.051644	-0.087897	-0.083955	-0.066340	-0.064991	-0.065071	-0.062100	0.252432	0.251464	-0.091990	0.200435	-0.086887	0.233916	-0.065246	-0.081550	0.243935	0.240833	-0.091307	0.010865	-0.089801	-0.088883	-0.101240	-0.091567	-0.094633	-0.083546	0.009765	-0.123673	0.013424	-0.084683	-0.001017	0.012925	-0.096317	-0.096314	-0.089581	-0.088307	-0.097154	-0.101185	0.101104	-0.098365	-0.076098	-0.094292	-0.077638	-0.086790	-0.096353	-0.054200	-0.094660	-0.108701	0.116553	0.112434	0.116814	-0.093884	-0.077248	-0.099902	-0.099444	-0.091032	-0.083349	-0.084586	-0.039046	-0.082182	0.025990	-0.104811	-0.100265	-0.096431	-0.104803	-0.098673	-0.094101	0.009949	-0.078494	0.025547	-0.107139	0.028729	-0.094704	-0.097145	-0.107504	-0.079528	-0.085898	-0.109736	-0.097373	-0.077806	-0.096142	-0.099924	-0.102489	-0.083206	-0.046172	-0.089524	-0.114849	-0.106912	-0.111617	-0.105687	-0.093190	-0.080979	-0.094183	-0.082839	-0.097242	-0.084090	-0.085090	
0.216552	-0.067513	0.252852	-0.074629	-0.096684	0.225179	0.244724	1.285259	0.226320	0.239578	0.148113	0.245878	0.244551	0.235477	-0.068242	0.261122	0.213942	0.269587	-0.044830	0.217712	0.243090	-0.024003	-0.070588	-0.083898	-0.081425	-0.090411	0.242696	-0.074925	-0.077090	-0.086143	-0.062109	-0.069526	-0.069399	-0.057388	0.232150	0.238239	-0.096257	0.209384	-0.086576	0.247076	-0.070672	-0.078624	0.255787	0.256386	-0.090386	0.018749	-0.087083	-0.100951	-0.092351	-0.080617	-0.090731	-0.088253	0.009663	-0.110396	0.028800	-0.082053	0.016757	0.023808	-0.078133	-0.081979	-0.100175	-0.097203	-0.104899	-0.101704	0.096064	-0.091314	-0.095268	-0.096241	-0.091405	-0.089612	-0.081310	-0.040839	-0.079704	-0.110957	0.066271	0.086102	0.093544	-0.108701	-0.085715	-0.095616	-0.087896	-0.090794	-0.079806	-0.094737	-0.051402	-0.080744	0.030685	-0.082567	-0.103978	-0.092357	-0.098346	-0.089516	-0.088852	0.028532	-0.102580	0.013187	-0.083198	0.006572	-0.100311	-0.091753	-0.094927	-0.084013	-0.085325	-0.093436	-0.097528	-0.088654	-0.091919	-0.095565	-0.076343	-0.080343	-0.044649	-0.099742	-0.094387	-0.107353	-0.098677	-0.089706	-0.088618	-0.079979	-0.099560	-0.092342	-0.080559	-0.094975	-0.086499	
0.239766	-0.068161	0.219382	-0.040848	-0.088701	0.207426	0.242208	0.226320	1.275430	0.232924	0.176698	0.255176	0.256212	0.240720	-0.070044	0.220070	0.245770	0.261368	-0.055348	0.199535	0.243240	-0.048556	-0.093691	-0.090155	-0.098169	-0.091924	0.247114	-0.049834	-0.089123	-0.084863	-0.065410	-0.065670	-0.082628	-0.055107	0.212941	0.238934	-0.089091	0.214747	-0.087324	0.235908	-0.042189	-0.082440	0.251171	0.242582	-0.111909	0.007836	-0.088072	-0.101485	-0.093343	-0.095419	-0.082078	-0.094901	0.049326	-0.094821	-0.000702	-0.086900	0.013510	0.021489	-0.096037	-0.095542	-0.103570	-0.092214	-0.100461	-0.103086	0.101648	-0.076567	-0.099089	-0.106403	-0.087157	-0.084670	-0.067818	-0.024678	-0.094598	-0.090435	0.119151	0.111756	0.118223	-0.088534	-0.087225	-0.077785	-0.091747	-0.087874	-0.086014	-0.095008	-0.072369	-0.089992	0.020878	-0.083954	-0.087647	-0.102472	-0.110432	-0.082158	-0.080233	0.061114	-0.078445	0.021109	-0.077963	0.011284	-0.093615	-0.100510	-0.110273	-0.094224	-0.098549	-0.094146	-0.086908	-0.082355	-0.089023	-0.088942	-0.077129	-0.072931	-0.023687	-0.087825	-0.091074	-0.093611	-0.102160	-0.088648	-0.078355	-0.106491	-0.104052	-0.090646	-0.104617	-0.094379	-0.096398	
0.229327	-0.044125	0.240062	-0.044309	-0.078193	0.215879	0.211050	0.239578	0.232924	1.224164	0.150942	0.212521	0.210746	0.207984	-0.049127	0.215640	0.198923	0.244030	-0.053672	0.199595	0.217601	-0.067119	-0.080375	-0.079185	-0.089780	-0.086129	0.235134	-0.044463	-0.081267	-0.086809	-0.062780	-0.073428	-0.060341	-0.042166	0.194696	0.219987	-0.093710	0.199160	-0.091939	0.232354	-0.054059	-0.077527	0.248169	0.244967	-0.098811	0.041603	-0.093008	-0.085883	-0.094351	-0.084022	-0.092771	-0.091499	0.026475	-0.090538	0.030762	-0.069840	0.026639	0.026821	-0.073195	-0.077948	-0.110223	-0.105651	-0.087529	-0.111562	0.120265	-0.086322	-0.086444	-0.087071	-0.085291	-0.091798	-0.087364	-0.026063	-0.066497	-0.104271	0.088530	0.115281	0.103603	-0.092307	-0.085603	-0.077503	-0.096270	-0.096881	-0.085461	-0.090836	-0.027050	-0.082565	0.035114	-0.093612	-0.095225	-0.089253	-0.096679	-0.090574	-0.082572	-0.026144	-0.089462	0.022335	-0.070745	0.019051	-0.085363	-0.079755	-0.102096	-0.091121	-0.093464	-0.088359	-0.080310	-0.086485	-0.080523	-0.097660	-0.073643	-0.048287	-0.043113	-0.085478	-0.107675	-0.100565	-0.106195	-0.089768	-0.081500	-0.098736	-0.091550	-0.102940	-0.077618	-0.087689	-0.083199	
0.169864	-0.032599	0.167435	-0.016471	-0.070845	0.145277	0.152458	0.148113	0.176698	0.150942	1.164934	0.172670	0.176496	0.197518	-0.022627	0.154474	0.165409	0.155921	0.018447	0.153045	0.165696	-0.021410	-0.080263	-0.062481	-0.094851	-0.037521	0.175625	-0.031065	-0.068031	-0.062383	-0.018841	-0.038230	-0.033484	-0.041276	0.157415	0.179401	-0.071216	0.174588	-0.076846	0.184580	-0.015422	-0.060822	0.159223	0.177546	-0.087010	0.006075	-0.066017	-0.077009	-0.083962	-0.080542	-0.065273	-0.068086	0.028925	-0.063807	-0.006467	-0.063158	-0.003050	0.025638	-0.077911	-0.085393	-0.087950	-0.078731	-0.083380	-0.087873	0.085660	-0.062725	-0.070394	-0.084852	-0.065087	-0.086693	-0.019170	-0.046789	-0.053263	-0.083608	0.077458	0.068507	0.058701	-0.077744	-0.080698	-0.072850	-0.075520	-0.067542	-0.087381	-0.078523	-0.027202	-0.081736	0.035854	-0.072611	-0.074061	-0.079708	-0.073062	-0.053220	-0.061157	-0.009477	-0.048809	0.005928	-0.064620	0.019883	-0.054147	-0.074593	-0.094013	-0.068919	-0.076665	-0.067020	-0.069989	-0.081367	-0.090794	-0.076757	-0.066776	-0.033476	-0.034985	-0.082271	-0.048816	-0.048315	-0.049699	-0.075390	-0.053579	-0.081857	-0.089201	-0.085242	-0.077593	-0.091871	-0.075489	
0.229264	-0.064207	0.235534	-0.067490	-0.101986	0.207547	0.271171	0.245878	0.255176	0.212521	0.172670	1.300543	0.787829	0.801868	-0.069098	0.234949	0.222232	0.233372	-0.047052	0.232945	0.235993	-0.052269	-0.097934	-0.094446	-0.093686	-0.094300	0.217302	-0.066179	-0.100707	-0.104142	-0.081907	-0.089718	-0.078508	-0.054339	0.254433	0.235770	-0.100597	0.212579	-0.104083	0.228744	-0.062850	-0.089235	0.242092	0.250301	-0.107146	-0.007007	-0.113835	-0.113450	-0.109660	-0.108193	-0.104110	-0.094397	0.007407	-0.106630	-0.013417	-0.101738	-0.010702	-0.005033	-0.100743	-0.093342	-0.111586	-0.095215	-0.089241	-0.118228	0.088234	-0.100238	-0.102940	-0.107319	-0.111446	-0.104902	-0.108538	-0.046373	-0.101797	-0.106351	0.098955	0.104163	0.105175	-0.110336	-0.099682	-0.097726	-0.111656	-0.093167	-0.104971	-0.119490	-0.068759	-0.106668	0.003288	-0.102006	-0.112115	-0.115671	-0.123671	-0.110871	-0.114536	-0.000697	-0.117266	0.013869	-0.106582	-0.007885	-0.099967	-0.095637	-0.112102	-0.113000	-0.108975	-0.118127	-0.114666	-0.110298	-0.109306	-0.110308	-0.097910	-0.093605	-0.034964	-0.103589	-0.102174	-0.108491	-0.108234	-0.101104	-0.102362	-0.115047	-0.104793	-0.103251	-0.091465	-0.099772	-0.102103	
0.227725	-0.067776	0.231718	-0.060618	-0.088674	0.218243	0.263465	0.244551	0.256212	0.210746	0.176496	0.787829	1.288701	0.805068	-0.079245	0.225120	0.208618	0.208635	-0.060486	0.201233	0.248685	-0.066666	-0.096930	-0.101409	-0.088542	-0.084823	0.223702	-0.057131	-0.100230	-0.098801	-0.075149	-0.085767	-0.078669	-0.070671	0.247336	0.234075	-0.097675	0.230937	-0.109848	0.230686	-0.058786	-0.103008	0.211385	0.230647	-0.091745	-0.010969	-0.104004	-0.104450	-0.101505	-0.093988	-0.094027	-0.088935	0.004557	-0.101946	-0.001604	-0.080668	-0.006142	-0.003280	-0.093017	-0.096831	-0.115063	-0.094533	-0.095942	-0.116697	0.071605	-0.103230	-0.104016	-0.103943	-0.113390	-0.103033	-0.093586	-0.045155	-0.094021	-0.104003	0.071239	0.080170	0.084919	-0.112062	-0.087834	-0.106277	-0.112423	-0.106625	-0.102723	-0.117863	-0.065757	-0.112213	-0.001295	-0.099864	-0.099363	-0.104068	-0.109702	-0.103127	-0.104239	-0.013066	-0.108144	0.010134	-0.098055	-0.005630	-0.104768	-0.104098	-0.107743	-0.107197	-0.114154	-0.103033	-0.107592	-0.106688	-0.095198	-0.106719	-0.097360	-0.106634	-0.024511	-0.094753	-0.101625	-0.109065	-0.108040	-0.101105	-0.099865	-0.119549	-0.104317	-0.093449	-0.091617	-0.098212	-0.106491	
0.234782	-0.061898	0.235412	-0.071993	-0.098265	0.188926	0.257193	0.235477	0.240720	0.207984	0.197518	0.801868	0.805068	1.295471	-0.084231	0.230325	0.222494	0.220904	-0.058937	0.229529	0.221259	-0.044208	-0.104460	-0.093144	-0.091182	-0.101409	0.224690	-0.054888	-0.094717	-0.100574	-0.071542	-0.080290	-0.080526	-0.063547	0.249386	0.257353	-0.105598	0.207325	-0.104483	0.230106	-0.063189	-0.095263	0.221749	0.223642	-0.115115	-0.019237	-0.110734	-0.104920	-0.100987	-0.105671	-0.097616	-0.093349	-0.001969	-0.105345	-0.017827	-0.092542	-0.019178	0.004278	-0.103331	-0.082245	-0.117948	-0.100345	-0.098314	-0.119247	0.095803	-0.097027	-0.096693	-0.103367	-0.097584	-0.105367	-0.086058	-0.041076	-0.102800	-0.114455	0.092923	0.090797	0.092773	-0.104761	-0.096368	-0.107164	-0.107167	-0.105197	-0.111417	-0.112205	-0.076130	-0.104343	-0.011255	-0.101349	-0.107796	-0.105791	-0.114664	-0.102507	-0.105443	0.007571	-0.104222	-0.006360	-0.094084	-0.009887	-0.106077	-0.094448	-0.114935	-0.100970	-0.098327	-0.109449	-0.107220	-0.109570	-0.114189	-0.113099	-0.088329	-0.072933	-0.023368	-0.099561	-0.094828	-0.097307	-0.101536	-0.093156	-0.098261	-0.113071	-0.100234	-0.102357	-0.098809	-0.100550	-0.093843	
-0.052341	0.094061	-0.063031	0.085273	0.021352	-0.058109	-0.058966	-0.068242	-0.070044	-0.049127	-0.022627	-0.069098	-0.079245	-0.084231	0.912553	-0.049861	-0.057558	-0.064118	0.090071	-0.042702	-0.062983	0.072829	0.008747	0.002091	0.008958	-0.015629	-0.061202	0.099267	0.006491	0.004551	0.067425	0.071375	0.067409	0.066572	-0.067473	-0.069878	0.004882	-0.061856	0.030333	-0.056851	0.096956	0.013628	-0.066905	-0.062961	0.009396	-0.051421	0.001736	0.013324	-0.016876	0.015412	-0.002440	0.015008	-0.052046	-0.009206	-0.046887	-0.008741	-0.049312	-0.071011	-0.002940	0.004193	-0.004645	-0.011145	-0.001072	-0.000461	-0.051753	-0.008990	0.004141	0.018866	0.008805	0.012268	-0.017112	-0.024102	0.018126	-0.018616	-0.064300	-0.055526	-0.063514	-0.005375	-0.000906	-0.004936	0.018170	0.004608	0.008820	0.022485	-0.032806	0.013430	-0.055852	-0.004531	0.007157	0.002199	0.008310	0.001974	0.015447	-0.014570	-0.020102	-0.057064	0.000302	-0.057419	0.012013	0.005419	-0.006413	-0.003988	0.001561	0.003547	0.008082	0.010001	0.018779	0.003926	0.010624	-0.002229	0.001273	0.003738	-0.003977	-0.006511	-0.004355	0.012666	-0.004491	0.008232	-0.002416	0.014696	0.007312	-0.001264	0.003238	
0.224171	-0.053831	0.238691	-0.053067	-0.073864	0.237875	0.233453	0.261122	0.220070	0.215640	0.154474	0.234949	0.225120	0.230325	-0.049861	1.243963	0.210255	0.192172	-0.046697	0.241952	0.239468	-0.038110	-0.073617	-0.078545	-0.066245	-0.076685	0.199406	-0.060422	-0.081007	-0.088194	-0.068096	-0.073533	-0.070957	-0.035413	0.218969	0.227460	-0.090815	0.206048	-0.080049	0.239959	-0.043986	-0.071581	0.239860	0.216017	-0.095485	0.017913	-0.080679	-0.084346	-0.083813	-0.093056	-0.088422	-0.083152	0.013230	-0.084074	0.019067	-0.086944	0.007957	0.006642	-0.099481	-0.068349	-0.082269	-0.090966	-0.089091	-0.113450	0.101039	-0.092217	-0.077875	-0.091636	-0.093647	-0.080489	-0.078437	-0.050348	-0.085459	-0.090885	0.097906	0.076273	0.090448	-0.069498	-0.098943	-0.083034	-0.086473	-0.089162	-0.081491	-0.090707	-0.049042	-0.072452	0.030621	-0.094858	-0.098155	-0.092474	-0.097278	-0.096284	-0.087878	0.013843	-0.089814	0.021596	-0.089138	-0.000220	-0.085639	-0.089767	-0.100568	-0.079344	-0.095516	-0.095756	-0.089332	-0.082447	-0.088781	-0.077061	-0.080878	-0.067945	-0.026710	-0.107095	-0.104028	-0.101732	-0.101556	-0.110750	-0.084708	-0.095194	-0.100531	-0.094793	-0.083929	-0.078278	-0.078315	
0.189233	-0.040317	0.210647	-0.054143	-0.066747	0.225149	0.214888	0.213942	0.245770	0.198923	0.165409	0.222232	0.208618	0.222494	-0.057558	0.210255	1.179174	0.280132	-0.051787	0.202830	0.226203	-0.051860	-0.079538	-0.073332	-0.086360	-0.086014	0.221138	-0.047011	-0.075049	-0.067505	-0.057406	-0.052884	-0.064784	-0.043855	0.225351	0.221327	-0.084297	0.207284	-0.075552	0.201850	-0.064267	-0.083461	0.212651	0.222719	-0.098089	0.003355	-0.087361	-0.079329	-0.091152	-0.098471	-0.077770	-0.077707	0.041740	-0.096018	0.010004	-0.088190	0.004030	0.012587	-0.076649	-0.081374	-0.091123	-0.100907	-0.090669	-0.088250	0.088956	-0.088262	-0.071566	-0.092147	-0.083226	-0.094980	-0.070821	-0.027912	-0.089027	-0.077244	0.088446	0.100918	0.106282	-0.087626	-0.089074	-0.080918	-0.098296	-0.087267	-0.078432	-0.079941	-0.046211	-0.077231	0.018215	-0.081811	-0.104370	-0.093407	-0.087145	-0.070249	-0.080091	0.014750	-0.082166	-0.001202	-0.066600	0.008575	-0.087084	-0.096011	-0.104559	-0.074375	-0.091364	-0.078743	-0.082481	-0.079300	-0.074481	-0.089785	-0.080074	-0.074157	-0.027134	-0.108900	-0.093794	-0.088323	-0.081609	-0.087205	-0.092401	-0.092913	-0.083895	-0.098119	-0.066726	-0.077135	-0.082643	
0.219208	-0.049836	0.257339	-0.046440	-0.084581	0.234464	0.251882	0.269587	0.261368	0.244030	0.155921	0.233372	0.208635	0.220904	-0.064118	0.192172	0.280132	1.209185	-0.044807	0.214843	0.231207	-0.033688	-0.085142	-0.092997	-0.097066	-0.078947	0.248415	-0.047467	-0.079467	-0.086423	-0.055943	-0.070321	-0.066908	-0.049828	0.241596	0.248637	-0.080683	0.214805	-0.084041	0.222927	-0.058093	-0.076326	0.250933	0.243418	-0.098471	0.013627	-0.080406	-0.099412	-0.089433	-0.093818	-0.080195	-0.080439	-0.007070	-0.096595	-0.012774	-0.083960	-0.005895	0.001970	-0.098623	-0.084912	-0.095007	-0.097161	-0.095544	-0.100382	0.094150	-0.105794	-0.078997	-0.094920	-0.086842	-0.089937	-0.076823	-0.029974	-0.089822	-0.096171	0.104665	0.109674	0.099665	-0.100811	-0.084511	-0.098984	-0.096665	-0.094375	-0.086327	-0.097672	-0.034126	-0.066760	0.004981	-0.080077	-0.087238	-0.087281	-0.090677	-0.083733	-0.093327	-0.007650	-0.096274	0.009372	-0.077102	0.002187	-0.095634	-0.097792	-0.093977	-0.083485	-0.074986	-0.080786	-0.091305	-0.089758	-0.104118	-0.104036	-0.086316	-0.069732	-0.035365	-0.090916	-0.094778	-0.089892	-0.096466	-0.107337	-0.094204	-0.073248	-0.094505	-0.099430	-0.100016	-0.082233	-0.075200	
-0.050598	0.088890	-0.046004	0.082837	-0.001450	-0.058612	-0.045180	-0.044830	-0.055348	-0.053672	0.018447	-0.047052	-0.060486	-0.058937	0.090071	-0.046697	-0.051787	-0.044807	0.923997	-0.018331	-0.041376	0.090172	0.003976	0.003987	0.017241	-0.012006	-0.065071	0.079702	-0.006274	-0.002868	0.072065	0.059142	0.063355	0.079995	-0.059083	-0.061470	0.011652	-0.044112	0.006621	-0.055480	0.089474	0.001050	-0.059142	-0.058248	0.017564	-0.046098	-0.002411	-0.007864	-0.011898	0.002581	-0.001056	-0.005771	-0.044564	0.006419	-0.043751	-0.013361	-0.053530	-0.039637	-0.012415	-0.001666	-0.005717	0.006877	0.007119	-0.001999	-0.065742	-0.011187	0.008090	0.004125	-0.006769	-0.016139	0.023468	-0.011537	0.009534	-0.017632	-0.066676	-0.069732	-0.077781	-0.001589	-0.001562	0.025101	0.009284	-0.002792	0.005449	0.001168	-0.016965	0.000274	-0.040590	0.014490	0.003154	0.006224	-0.006130	-0.006200	-0.002304	-0.024621	0.002770	-0.049474	-0.004293	-0.059468	-0.004151	-0.002690	-0.006627	0.002186	0.007143	-0.009664	-0.000884	-0.000475	0.010594	0.002228	-0.010461	-0.018016	-0.004994	0.006508	-0.025957	-0.012831	-0.025787	-0.005004	-0.010546	-0.009987	0.005542	0.006822	0.000580	-0.003353	0.008755	
0.193956	-0.037731	0.237454	-0.056145	-0.084308	0.208906	0.231663	0.217712	0.199535	0.199595	0.153045	0.232945	0.201233	0.229529	-0.042702	0.241952	0.202830	0.214843	-0.018331	1.214863	0.210514	-0.003078	-0.075068	-0.098419	-0.077224	-0.088701	0.203956	-0.042937	-0.076233	-0.081203	-0.057413	-0.069859	-0.067951	-0.041723	0.230396	0.225190	-0.082821	0.201239	-0.077304	0.205010	-0.034107	-0.054175	0.224720	0.195712	-0.091628	0.002351	-0.092760	-0.088156	-0.076806	-0.088251	-0.083380	-0.092856	0.015299	-0.097721	0.026857	-0.078883	0.021112	0.002306	-0.089787	-0.082033	-0.088800	-0.083122	-0.089200	-0.083130	0.071075	-0.083650	-0.082944	-0.097340	-0.083464	-0.080970	-0.088964	-0.028269	-0.086596	-0.087630	0.088676	0.087465	0.094254	-0.100145	-0.082983	-0.081463	-0.079083	-0.078645	-0.081453	-0.093747	-0.040687	-0.070178	0.020620	-0.075344	-0.085298	-0.097305	-0.102602	-0.082674	-0.094974	0.018109	-0.088832	0.019349	-0.090615	0.003134	-0.092145	-0.073508	-0.088644	-0.072177	-0.087902	-0.075217	-0.092432	-0.085289	-0.088967	-0.083743	-0.068796	-0.071057	-0.039641	-0.085933	-0.102310	-0.089845	-0.097112	-0.078628	-0.086976	-0.082954	-0.083966	-0.090614	-0.075548	-0.079683	-0.090310	
0.217673	-0.060826	0.231571	-0.045359	-0.094850	0.226858	0.229042	0.243090	0.243240	0.217601	0.165696	0.235993	0.248685	0.221259	-0.062983	0.239468	0.226203	0.231207	-0.041376	0.210514	1.258896	-0.022813	-0.087824	-0.085692	-0.091793	-0.072033	0.259215	-0.055121	-0.082922	-0.082310	-0.063050	-0.065868	-0.061493	-0.053058	0.225702	0.240613	-0.086695	0.240417	-0.077365	0.224556	-0.060552	-0.090053	0.242118	0.227071	-0.107973	0.021889	-0.085804	-0.096509	-0.085158	-0.089066	-0.063479	-0.080021	0.019180	-0.076962	0.017404	-0.095693	0.034916	0.025707	-0.097521	-0.088967	-0.088499	-0.107033	-0.095298	-0.104954	0.102164	-0.096040	-0.091563	-0.107194	-0.083514	-0.096034	-0.062559	-0.057005	-0.090842	-0.110554	0.088690	0.084881	0.094764	-0.090199	-0.090550	-0.088326	-0.107086	-0.092448	-0.103495	-0.095613	-0.038097	-0.081313	0.037147	-0.102694	-0.093744	-0.089343	-0.097870	-0.088320	-0.082732	0.004263	-0.075749	0.018120	-0.093730	0.039969	-0.097482	-0.097976	-0.097028	-0.083187	-0.094798	-0.099761	-0.085414	-0.102335	-0.100791	-0.080509	-0.078616	-0.087338	-0.048553	-0.094678	-0.091920	-0.084983	-0.095643	-0.081974	-0.083960	-0.105437	-0.103895	-0.088651	-0.101205	-0.086119	-0.085127	
-0.028435	0.089656	-0.041986	0.057779	0.010310	-0.056209	-0.044651	-0.024003	-0.048556	-0.067119	-0.021410	-0.052269	-0.066666	-0.044208	0.072829	-0.038110	-0.051860	-0.033688	0.090172	-0.003078	-0.022813	0.925044	0.005949	-0.006809	0.006520	-0.008708	-0.053770	0.087220	-0.003358	-0.009161	0.070910	0.064400	0.066713	0.075636	-0.038351	-0.038316	-0.004518	-0.039850	0.005598	-0.058263	0.070197	0.017240	-0.049642	-0.048520	-0.021312	-0.042723	-0.008819	-0.006273	0.008674	0.001201	-0.021994	-0.005320	-0.042914	-0.012543	-0.032997	-0.008315	-0.037831	-0.047381	-0.022786	-0.007268	-0.001236	-0.019748	-0.004271	-0.015653	-0.071337	0.015839	0.014310	0.004278	0.001965	-0.022156	0.001729	-0.022652	0.010274	0.000914	-0.073529	-0.071715	-0.073226	0.008257	-0.008313	0.002632	-0.004141	0.004938	-0.010837	-0.013532	-0.022918	-0.002523	-0.026178	-0.010877	-0.003608	-0.000296	0.013461	-0.002924	-0.002994	0.003355	-0.016032	-0.042697	-0.011206	-0.050007	0.008357	0.020301	-0.008549	0.003271	0.006333	0.018666	0.003420	-0.000722	-0.010256	-0.002671	0.014191	0.021329	-0.010326	-0.001411	-0.013980	-0.016958	-0.022289	0.025211	-0.004479	0.018604	-0.031919	-0.007372	-0.013951	-0.004500	-0.008350	
-0.070971	0.009724	-0.085645	0.005074	0.020074	-0.076378	-0.095473	-0.070588	-0.093691	-0.080375	-0.080263	-0.097934	-0.096930	-0.104460	0.008747	-0.073617	-0.079538	-0.085142	0.003976	-0.075068	-0.087824	0.005949	0.863231	0.034024	0.025214	0.043276	-0.092443	-0.010076	0.034538	0.021371	0.004712	0.005266	0.006490	-0.007876	-0.077375	-0.077718	0.015759	-0.079361	0.037906	-0.082933	0.019617	0.025743	-0.079273	-0.079702	0.038790	-0.065370	0.027069	0.032356	0.026020	0.021785	0.022931	0.027419	-0.083549	0.027391	-0.051399	0.008637	-0.056568	-0.068749	0.032181	0.027525	0.035100	0.029417	0.033606	0.045961	-0.099550	0.040291	0.025955	0.029140	0.029751	0.017922	0.020273	-0.017442	0.027030	0.053918	-0.093017	-0.092181	-0.089996	0.014807	0.025132	0.019695	0.030171	0.029590	0.023903	0.046746	0.000422	0.018728	-0.056529	0.035040	0.018649	0.026667	0.028135	0.013292	0.014779	-0.003301	0.028414	-0.060460	0.014655	-0.068958	0.029004	0.027483	0.030888	0.017339	0.028744	0.023749	0.033556	0.030662	0.024735	0.030398	0.025532	0.005081	-0.033544	0.027987	0.010222	-0.001525	-0.000884	0.040065	0.029239	0.033608	0.015498	0.024270	0.022408	0.024085	0.025714	
-0.071312	-0.009611	-0.085593	0.016581	0.031168	-0.079483	-0.079665	-0.083898	-0.090155	-0.079185	-0.062481	-0.094446	-0.101409	-0.093144	0.002091	-0.078545	-0.073332	-0.092997	0.003987	-0.098419	-0.085692	-0.006809	0.034024	0.843680	0.026677	0.011714	-0.081023	-0.011256	0.045418	0.027809	-0.004847	0.004144	0.005122	0.001528	-0.085019	-0.090486	0.027865	-0.084543	0.033208	-0.073070	0.002825	0.044536	-0.078117	-0.087348	0.054487	-0.067005	0.018108	0.020915	0.023885	0.015793	0.018151	0.020284	-0.061516	0.051508	-0.076934	0.028234	-0.078860	-0.064518	0.024927	0.023832	0.043086	0.032920	0.037475	0.035242	-0.081464	0.019067	0.019091	0.013786	0.026232	0.046649	0.023853	0.006264	0.046773	0.029045	-0.104584	-0.098148	-0.090448	0.016678	0.026979	0.035997	0.021256	0.025223	0.029534	0.015502	-0.026875	0.030876	-0.066320	0.027899	0.027871	0.011773	0.022040	0.036030	0.025360	-0.005833	0.036415	-0.072099	0.034038	-0.063379	0.040353	0.040029	0.018737	0.010490	0.032235	0.023755	0.017632	0.030846	0.005043	0.039318	0.017527	0.039416	-0.005933	0.014869	0.021657	0.026375	0.025130	0.026581	0.020622	0.021628	0.018705	0.034148	0.041634	0.025642	0.014005	
-0.074368	0.001404	-0.077851	0.004081	0.032732	-0.074299	-0.077092	-0.081425	-0.098169	-0.089780	-0.094851	-0.093686	-0.088542	-0.091182	0.008958	-0.066245	-0.086360	-0.097066	0.017241	-0.077224	-0.091793	0.006520	0.025214	0.026677	0.880556	0.028553	-0.080179	-0.001243	0.037031	0.023423	-0.002390	-0.009971	0.000882	0.005260	-0.087237	-0.089018	0.022101	-0.073624	0.027485	-0.077661	0.002770	0.026456	-0.083436	-0.080593	0.028012	-0.068290	0.024591	0.026912	0.022987	0.028562	0.025109	0.041015	-0.065911	0.021123	-0.066583	0.018390	-0.064024	-0.063880	0.020892	0.015943	0.024731	0.020054	0.019711	0.031729	-0.081358	0.018269	0.034537	0.018508	0.014045	0.024545	0.019435	-0.016932	0.035335	0.000703	-0.098338	-0.096448	-0.093391	0.023469	0.014118	0.031274	0.018046	0.019113	0.024104	0.025610	-0.015522	0.048010	-0.071233	0.026096	0.033072	0.027399	0.055879	0.024412	0.014351	-0.004006	0.019667	-0.061346	0.004640	-0.057431	0.018160	0.023119	0.021113	0.055832	0.029469	0.018267	0.013056	0.032408	0.026338	0.023064	0.053603	0.016867	-0.002540	0.022267	0.024613	0.035023	0.030200	0.041214	0.021031	0.053104	0.023292	0.023700	0.041026	0.030956	0.032282	
-0.093698	-0.007539	-0.084340	-0.009926	0.037477	-0.090626	-0.099936	-0.090411	-0.091924	-0.086129	-0.037521	-0.094300	-0.084823	-0.101409	-0.015629	-0.076685	-0.086014	-0.078947	-0.012006	-0.088701	-0.072033	-0.008708	0.043276	0.011714	0.028553	0.878847	-0.071478	0.017147	0.012007	0.055832	-0.005063	-0.005957	-0.012360	-0.009347	-0.084922	-0.078367	0.028269	-0.075496	0.016898	-0.074068	0.002688	0.023218	-0.085937	-0.086128	0.009615	-0.063859	0.021743	0.016537	0.014678	0.042221	0.053137	0.028085	-0.039875	0.090921	-0.075394	0.035265	-0.076665	-0.070147	0.011664	0.020729	0.031329	0.010536	0.013029	0.024228	-0.070539	0.002830	0.013908	0.006609	0.034589	0.014961	0.050133	0.009733	0.024340	0.033920	-0.079244	-0.090589	-0.092854	0.024996	0.015928	0.006796	0.021056	0.009402	0.026644	0.019019	-0.043118	0.006684	-0.056941	0.021166	0.011568	0.043552	0.024044	0.075593	0.071653	0.017990	0.069542	-0.069834	0.055161	-0.058142	0.019473	0.015629	0.008734	0.002449	0.013698	-0.004051	0.012081	0.022361	0.010254	0.033114	0.031982	0.053441	0.033710	0.025490	0.058678	0.050629	0.065575	0.014793	0.009102	0.019369	0.012020	0.014997	0.005960	0.018722	0.010640	
0.203618	-0.064344	0.231366	-0.051370	-0.078730	0.219078	0.258044	0.242696	0.247114	0.235134	0.175625	0.217302	0.223702	0.224690	-0.061202	0.199406	0.221138	0.248415	-0.065071	0.203956	0.259215	-0.053770	-0.092443	-0.081023	-0.080179	-0.071478	1.254240	-0.052077	-0.090910	-0.074552	-0.061669	-0.077509	-0.080101	-0.048122	0.228201	0.249239	-0.086826	0.196716	-0.073685	0.257383	-0.057813	-0.067808	0.221033	0.246193	-0.091425	0.030684	-0.090520	-0.085462	-0.079544	-0.091806	-0.079961	-0.079292	0.022089	-0.092233	0.010172	-0.095318	0.016826	0.005267	-0.093926	-0.087892	-0.104226	-0.097847	-0.094054	-0.087528	0.095300	-0.093351	-0.091212	-0.086469	-0.084959	-0.086178	-0.082208	-0.046703	-0.097130	-0.093781	0.101258	0.102893	0.115718	-0.089392	-0.078748	-0.080189	-0.091547	-0.091486	-0.086399	-0.083837	-0.037061	-0.086436	0.011567	-0.091230	-0.105860	-0.087378	-0.098098	-0.088956	-0.085004	0.003682	-0.105003	0.010376	-0.068307	0.014227	-0.079236	-0.084007	-0.107321	-0.097120	-0.086242	-0.083565	-0.101685	-0.096764	-0.091173	-0.080055	-0.074563	-0.065317	-0.032425	-0.100366	-0.095149	-0.104777	-0.100047	-0.104151	-0.097716	-0.086656	-0.110463	-0.092891	-0.088536	-0.090671	-0.084498	
-0.055288	0.085530	-0.055831	0.076456	0.011818	-0.051190	-0.051644	-0.074925	-0.049834	-0.044463	-0.031065	-0.066179	-0.057131	-0.054888	0.099267	-0.060422	-0.047011	-0.047467	0.079702	-0.042937	-0.055121	0.087220	-0.010076	-0.011256	-0.001243	0.017147	-0.052077	0.923371	-0.006151	-0.008250	0.085213	0.114315	0.091162	0.098354	-0.058183	-0.058272	-0.007886	-0.060062	0.001107	-0.069537	0.090449	0.006563	-0.063398	-0.062495	0.002413	-0.060526	-0.020846	-0.003849	-0.019973	0.002496	0.019037	0.001096	-0.007178	0.021592	-0.054426	0.025307	-0.054303	-0.042809	-0.012862	-0.003998	-0.007861	-0.008040	-0.011483	0.002183	-0.073453	-0.004629	0.007181	0.007518	-0.002040	-0.008991	0.007385	-0.011231	0.007813	-0.027940	-0.084933	-0.078027	-0.071459	-0.010709	-0.014305	0.004506	0.008374	-0.004461	-0.006073	-0.030651	-0.020750	-0.002686	-0.050944	-0.013437	-0.001051	-0.014472	-0.019438	0.030505	0.031570	-0.015938	0.031133	-0.048370	0.028715	-0.045445	0.009392	-0.005119	-0.004013	-0.026953	0.008008	-0.020410	0.003809	-0.015089	-0.031271	0.011263	-0.006357	0.028627	0.017964	-0.003512	0.020632	0.024114	0.030626	-0.009415	-0.023997	-0.009850	0.007523	-0.003520	-0.007546	-0.000679	-0.003298	
-0.084839	0.007340	-0.081379	-0.021225	0.025659	-0.085040	-0.087897	-0.077090	-0.089123	-0.081267	-0.068031	-0.100707	-0.100230	-0.094717	0.006491	-0.081007	-0.075049	-0.079467	-0.006274	-0.076233	-0.082922	-0.003358	0.034538	0.045418	0.037031	0.012007	-0.090910	-0.006151	0.839424	0.029208	-0.008296	-0.000297	-0.003287	0.000612	-0.081129	-0.090553	0.025062	-0.074887	0.021308	-0.077443	-0.003604	0.032740	-0.068032	-0.084584	0.029986	-0.054188	0.020164	0.013838	0.035849	0.021745	0.040787	0.023905	-0.047811	0.032011	-0.077205	0.036176	-0.073493	-0.052921	0.031364	0.025058	0.020357	0.014357	0.019025	0.033385	-0.085589	0.033641	0.033011	0.014247	0.023907	0.021318	0.030157	0.000255	0.026786	0.032041	-0.093748	-0.095032	-0.094580	0.018855	0.030603	0.026285	0.011663	0.021188	0.023625	0.034533	-0.014247	0.030496	-0.058776	0.007632	0.019161	0.019522	0.019146	0.042432	0.038820	-0.016787	0.032884	-0.064772	0.024459	-0.052475	0.031168	0.015403	0.028774	0.024687	0.020325	0.041181	0.028027	0.035198	0.029563	0.026065	0.029042	0.015801	0.012685	0.039202	0.029866	0.027726	0.029727	0.013369	0.032716	0.026485	0.033736	0.015879	0.027064	0.029745	0.026269	
-0.075749	-0.008088	-0.085137	-0.009399	0.034307	-0.076518	-0.083955	-0.086143	-0.084863	-0.086809	-0.062383	-0.104142	-0.098801	-0.100574	0.004551	-0.088194	-0.067505	-0.086423	-0.002868	-0.081203	-0.082310	-0.009161	0.021371	0.027809	0.023423	0.055832	-0.074552	-0.008250	0.029208	0.858257	-0.012387	-0.001666	0.000325	-0.005434	-0.089625	-0.090229	0.038369	-0.082316	0.022659	-0.084176	0.010010	0.028069	-0.086601	-0.079833	0.023613	-0.069373	0.021236	0.031980	0.019900	0.028786	0.045075	0.029170	-0.058060	0.042989	-0.068457	0.020344	-0.060273	-0.058652	0.012310	0.011257	0.036526	0.013872	0.030660	0.034062	-0.091270	0.020046	0.025593	0.017237	0.027739	0.017704	0.044782	-0.003071	0.025124	0.031340	-0.094431	-0.084480	-0.084363	0.017867	0.034055	0.023567	0.026005	0.021752	0.020904	0.034789	-0.015083	0.044319	-0.069097	0.026347	0.039429	0.022326	0.030222	0.037742	0.039715	-0.008323	0.051203	-0.065319	0.020849	-0.062966	0.018849	0.013210	0.014422	0.030878	0.015436	0.018260	0.016491	0.020516	0.032264	0.018861	0.035349	0.046172	0.013652	0.030715	0.031443	0.025780	0.033599	0.017691	0.016882	0.043412	0.039930	0.025563	0.035226	0.026984	0.020964	
-0.069872	0.079181	-0.058673	0.091766	0.004182	-0.074043	-0.066340	-0.062109	-0.065410	-0.062780	-0.018841	-0.081907	-0.075149	-0.071542	0.067425	-0.068096	-0.057406	-0.055943	0.072065	-0.057413	-0.063050	0.070910	0.004712	-0.004847	-0.002390	-0.005063	-0.061669	0.085213	-0.008296	-0.012387	0.922715	0.526647	0.511615	0.078450	-0.066907	-0.067463	-0.005111	-0.055804	0.003533	-0.066479	0.076494	-0.006223	-0.056563	-0.072092	-0.012753	-0.067459	-0.019026	-0.001514	-0.001014	0.002361	0.018703	-0.013516	-0.040575	-0.002382	-0.067459	-0.008032	-0.073494	-0.061873	-0.036875	-0.023687	-0.030430	-0.008644	-0.021493	-0.014159	-0.068525	-0.024842	0.000684	-0.008353	-0.015359	-0.012516	0.007583	-0.009828	-0.002129	-0.018963	-0.084875	-0.079981	-0.071952	-0.016007	0.005031	-0.024221	0.002128	-0.006531	-0.002153	-0.014049	-0.026131	-0.010654	-0.060696	-0.019937	-0.004647	-0.007965	-0.010129	0.025474	0.028534	-0.030971	-0.001465	-0.063425	0.017451	-0.072288	0.005087	0.001947	-0.003052	0.009265	0.003078	-0.009854	-0.023386	-0.017584	-0.019984	-0.007769	-0.004410	0.015619	0.002671	-0.009673	-0.013870	-0.002726	-0.000422	-0.010933	-0.004760	-0.012632	0.002027	-0.024709	-0.012082	0.005546	-0.015248	
-0.073215	0.071622	-0.074559	0.084420	0.009945	-0.081172	-0.064991	-0.069526	-0.065670	-0.073428	-0.038230	-0.089718	-0.085767	-0.080290	0.071375	-0.073533	-0.052884	-0.070321	0.059142	-0.069859	-0.065868	0.064400	0.005266	0.004144	-0.009971	-0.005957	-0.077509	0.114315	-0.000297	-0.001666	0.526647	0.926110	0.504878	0.076058	-0.063107	-0.056700	-0.002032	-0.068091	0.001796	-0.071087	0.074332	-0.002544	-0.052009	-0.067499	-0.010392	-0.066048	-0.025717	-0.009364	-0.007007	0.002975	0.017061	-0.004994	-0.043265	0.013940	-0.058325	0.004432	-0.076449	-0.050120	-0.028643	-0.007976	-0.028993	-0.011994	-0.018183	-0.018880	-0.081111	-0.021056	0.003051	-0.009864	-0.019445	-0.009742	0.000129	0.001555	-0.004636	-0.017059	-0.077005	-0.084226	-0.074607	-0.028639	0.012709	-0.012269	-0.004847	-0.012005	-0.010493	-0.017775	-0.036347	-0.017507	-0.058334	-0.018011	0.002731	-0.004676	0.000575	0.032056	0.025582	-0.020690	0.012071	-0.058723	0.015878	-0.059884	-0.003350	-0.013642	0.004507	0.009205	-0.002487	-0.006359	-0.006421	-0.010289	-0.010902	-0.011418	-0.003306	0.010369	0.003376	-0.012304	-0.002168	0.010929	0.001390	-0.009612	-0.013540	-0.021771	-0.007974	-0.015507	-0.008221	0.004468	-0.018369	
-0.067544	0.082538	-0.065017	0.090056	0.003938	-0.087702	-0.065071	-0.069399	-0.082628	-0.060341	-0.033484	-0.078508	-0.078669	-0.080526	0.067409	-0.070957	-0.064784	-0.066908	0.063355	-0.067951	-0.061493	0.066713	0.006490	0.005122	0.000882	-0.012360	-0.080101	0.091162	-0.003287	0.000325	0.511615	0.504878	0.908752	0.087715	-0.066251	-0.069010	0.007102	-0.058673	0.002402	-0.061880	0.064069	-0.007020	-0.056981	-0.075203	-0.003695	-0.066334	-0.020369	0.002892	-0.010911	-0.007592	0.010355	-0.004370	-0.049674	0.007324	-0.059739	0.001191	-0.071188	-0.055038	-0.024126	0.000073	-0.030777	-0.001401	-0.026181	0.000390	-0.079281	-0.027199	0.011956	-0.005745	-0.008138	-0.017456	-0.008580	-0.004495	0.006834	-0.016123	-0.082661	-0.085329	-0.080802	-0.018054	-0.003711	-0.011998	-0.002675	0.000235	-0.019358	-0.019928	-0.034122	-0.018504	-0.058690	-0.011672	-0.003167	-0.013753	0.007276	0.027955	0.018666	-0.004786	0.009309	-0.053654	0.002039	-0.064491	-0.004957	-0.006997	-0.003195	-0.002144	0.008022	-0.002207	0.001399	-0.007745	-0.028082	-0.006069	-0.003165	0.007394	-0.013484	0.004734	-0.007572	0.007243	0.003417	-0.003654	-0.005333	0.001922	0.002286	-0.020142	-0.007110	-0.001022	-0.016600	
