0.00000000099999999990 0.00000000099999999990 0.00000000099999999990 0.00000000099999999990 0.99999999599999989108 
0.99999999600000011313 0.00000000099999999985 0.00000000099999999985 0.00000000099999999985 0.00000000099999999985 
0.00000000099999999988 0.00000000099999999988 0.00000000099999999988 0.00000000099999999988 0.99999999599999989108 
0.99999999600000011313 0.00000000099999999984 0.00000000099999999984 0.00000000099999999984 0.00000000099999999984 
0.04140097957135145668 0.69880962653793055050 0.00000000099999999997 0.25978939189071809102 0.00000000099999999997 
0.00000000099999999997 0.00000000099999999997 0.03362131192643018351 0.00000000099999999997 0.96637868507356983194 
0.00000000099999999992 0.00000000099999999992 0.00000000099999999992 0.00000000099999999992 0.99999999600000000211 
0.00000000099999999990 0.00000000099999999990 0.00000000099999999990 0.00000000099999999990 0.99999999599999989108 
0.00000000099999999998 0.00000000099999999998 0.00000000099999999998 0.00000000099999999998 0.99999999599999989108 
0.00000000099999999992 0.00000000099999999992 0.00000000099999999992 0.00000000099999999992 0.99999999599999989108 
0.14298401285637396541 0.00000000099999999999 0.00014652761969693895 0.07453434101681748192 0.78233511750711159927 
0.00000000099999999991 0.00000000099999999991 0.00000000099999999991 0.00000000099999999991 0.99999999600000000211 
0.99999999600000011313 0.00000000099999999986 0.00000000099999999986 0.00000000099999999986 0.00000000099999999986 
0.00000000099999999992 0.00000000099999999992 0.00000000099999999992 0.00000000099999999992 0.99999999599999989108 
0.00000000099999999997 0.00000000099999999997 0.00000000099999999997 0.00000000099999999997 0.99999999600000000211 
0.00000000099999999990 0.00000000099999999990 0.00000000099999999990 0.00000000099999999990 0.99999999600000000211 
0.99999999600000000211 0.00000000099999999985 0.00000000099999999985 0.00000000099999999985 0.00000000099999999985 
0.08304519436202295601 0.00000000099999999996 0.00000000099999999996 0.00000000099999999996 0.91695480263797701781 
0.00000000099999999990 0.00000000099999999990 0.00000000099999999990 0.00000000099999999990 0.99999999599999989108 
0.99999999600000011313 0.00000000099999999994 0.00000000099999999994 0.00000000099999999994 0.00000000099999999994 
0.01895558711085771481 0.89746278181233674065 0.00000000099999999994 0.08358162907680560805 0.00000000099999999994 
0.04570149313532470559 0.72991738958744833976 0.00000000099999999995 0.22438111527722687244 0.00000000099999999995 
0.04334270086810916578 0.85349432132595559608 0.00000000099999999997 0.10316297580593519756 0.00000000099999999997 
0.00000000099999999985 0.00000000099999999985 0.00000000099999999985 0.99999999599999989108 0.00000000099999999985 
0.00000000099999999989 0.00000000099999999989 0.00000000099999999989 0.00000000099999999989 0.99999999600000000211 
0.99999999600000000211 0.00000000099999999988 0.00000000099999999988 0.00000000099999999988 0.00000000099999999988 
0.05453650467418932196 0.69838514371156978910 0.00000000099999999996 0.24707834961424082754 0.00000000099999999996 
0.00000000099999999994 0.65296505074181632189 0.00000000099999999994 0.34703494625818365193 0.00000000099999999994 
0.99999999600000011313 0.00000000099999999985 0.00000000099999999985 0.00000000099999999985 0.00000000099999999985 
0.99999999600000011313 0.00000000099999999986 0.00000000099999999986 0.00000000099999999986 0.00000000099999999986 
0.00000000099999999990 0.00000000099999999990 0.00000000099999999990 0.00000000099999999990 0.99999999600000000211 
0.03169853117320315522 0.78721130575905018389 0.00000000099999999996 0.18109016106774672439 0.00000000099999999996 
0.00000000099999999996 0.00000000099999999996 0.01092102914049822640 0.00000000099999999996 0.98907896785950188967 
0.02131318114099817543 0.78486909829709783359 0.00000000099999999995 0.19381771856190396774 0.00000000099999999995 
0.00000000099999999993 0.00000000099999999993 0.00000000099999999993 0.00000000099999999993 0.99999999599999989108 
0.99999999600000011313 0.00000000099999999984 0.00000000099999999984 0.00000000099999999984 0.00000000099999999984 
0.07997048839905158968 0.80664604153027164024 0.00000000099999999997 0.11338346807067677113 0.00000000099999999997 
0.00000000099999999988 0.00000000099999999988 0.00000000099999999988 0.00000000099999999988 0.99999999600000000211 
0.00000000099999999986 0.00000000099999999986 0.00000000099999999986 0.00000000099999999986 0.99999999599999989108 
0.00000009752875123758 0.99999989947124878764 0.00000000099999999995 0.00000000099999999995 0.00000000099999999995 
0.00000000099999999975 0.00000000099999999975 0.99999999600000000211 0.00000000099999999975 0.00000000099999999975 
0.00000000099999999993 0.99999999600000000211 0.00000000099999999993 0.00000000099999999993 0.00000000099999999993 
0.00015453338989134357 0.98583978679417560986 0.00000000099999999996 0.01400567781593309476 0.00000000099999999996 
0.00000146997006097885 0.99034830874711687887 0.00000000099999999994 0.00965021928282205725 0.00000000099999999994 
0.00000367990368570368 0.93570359305051387100 0.00000000099999999998 0.06429272504580051117 0.00000000099999999998 
0.00000000099999999989 0.00000000099999999989 0.00000000099999999989 0.99999999599999989108 0.00000000099999999989 
0.04281927741864474668 0.79185459854301309957 0.00000000099999999993 0.16532612203834226583 0.00000000099999999993 
0.00000000099999999977 0.00000000099999999977 0.99999999600000000211 0.00000000099999999977 0.00000000099999999977 
0.00000000099999999985 0.00000000099999999985 0.00000000099999999985 0.99999999599999989108 0.00000000099999999985 
0.02861586233623580888 0.66360180214436137458 0.00000000099999999994 0.30778233351940287310 0.00000000099999999994 
0.00000000099999999987 0.00000000099999999987 0.99999999599999989108 0.00000000099999999987 0.00000000099999999987 
0.00000000099999999967 0.00000000099999999967 0.99999999600000000211 0.00000000099999999967 0.00000000099999999967 
0.00000000099999999993 0.99999999600000011313 0.00000000099999999993 0.00000000099999999993 0.00000000099999999993 
0.00004090784749633095 0.96357026403242007628 0.00000000099999999998 0.03638882612008370598 0.00000000099999999998 
0.00000000099999999995 0.99789109859806812697 0.00000000099999999995 0.00210889840193182734 0.00000000099999999995 
0.00000000099999999997 0.96275615035158967903 0.00000000099999999997 0.03724384664841043358 0.00000000099999999997 
0.00000000099999999995 0.99999999517666460225 0.00000000099999999995 0.00000000182333544845 0.00000000099999999995 
0.00000000099999999994 0.99999999600000011313 0.00000000099999999994 0.00000000099999999994 0.00000000099999999994 
0.05066678138538625864 0.07096109723946038284 0.29947302721320101515 0.00000000100000000000 0.57889909316195231614 
0.00165263091706162172 0.99834736433216708651 0.00000000099999999998 0.00000000275077128681 0.00000000099999999998 
0.03647686115160799630 0.96345261421874206498 0.00000000099999999996 0.00007052262965000366 0.00000000099999999996 
0.02457557123937597135 0.97542442576062393655 0.00000000099999999995 0.00000000099999999995 0.00000000099999999995 
0.00000000099999999999 0.98783233257760616475 0.01174138322761156608 0.00042628219478212597 0.00000000099999999999 
0.00000000099999999994 0.99999999600000000211 0.00000000099999999994 0.00000000099999999994 0.00000000099999999994 
0.00000000099999999994 0.00000000099999999994 0.00000000099999999994 0.99999999599999989108 0.00000000099999999994 
0.04217562226204289028 0.19881002455394089501 0.01557199861269579523 0.61947176911699519675 0.12397058545432525223 
0.00000000099999999996 0.81936089327619088252 0.00000000099999999996 0.18063910372380914682 0.00000000099999999996 
0.00000000099999999997 0.99999999600000000211 0.00000000099999999997 0.00000000099999999997 0.00000000099999999997 
0.00000218567832034691 0.99751530122388809563 0.00000000099999999997 0.00248251109779148776 0.00000000099999999997 
0.00000000099999999996 0.93933257662311420155 0.00000000099999999996 0.06066742037688589023 0.00000000099999999996 
0.00000000099999999994 0.99931058032810859970 0.00000000099999999994 0.00068941667189131666 0.00000000099999999994 
0.00000004737864609852 0.99943603021463711666 0.00000000099999999996 0.00056392040671666619 0.00000000099999999996 
0.04777280945234152476 0.95222718754765844906 0.00000000099999999995 0.00000000099999999995 0.00000000099999999995 
0.02916410156902081094 0.89617869013732232020 0.00000000099999999995 0.07465720629365701910 0.00000000099999999995 
0.02869680230233667348 0.97130319469766335239 0.00000000099999999996 0.00000000099999999996 0.00000000099999999996 
0.00000139857797621578 0.53543609663352642603 0.46451863112772201481 0.00004387266077529064 0.00000000099999999998 
0.00033682167466954750 0.99966317532533055523 0.00000000099999999997 0.00000000099999999997 0.00000000099999999997 
0.00000000099999999977 0.00000000099999999977 0.99999999600000000211 0.00000000099999999977 0.00000000099999999977 
0.00000000099999999995 0.99972231754616625032 0.00000000099999999995 0.00027767945383368501 0.00000000099999999995 
0.00000000099999999992 0.99999999600000000211 0.00000000099999999992 0.00000000099999999992 0.00000000099999999992 
0.00536542654561077918 0.99463457045438918858 0.00000000099999999995 0.00000000099999999995 0.00000000099999999995 
0.00000000099999999996 0.99999999600000000211 0.00000000099999999996 0.00000000099999999996 0.00000000099999999996 
0.00000000099999999986 0.00000000099999999986 0.00000000099999999986 0.99999999599999989108 0.00000000099999999986 
0.00000000099999999988 0.00000000099999999988 0.00000000099999999988 0.99999999600000000211 0.00000000099999999988 
0.01107983289281669337 0.00000000100000000000 0.01947253594671843543 0.77995771897971999387 0.18948991118074492990 
0.00000000099999999988 0.00000000099999999988 0.00000000099999999988 0.99999999599999989108 0.00000000099999999988 
0.00000000099999999971 0.00000000099999999971 0.99999999599999989108 0.00000000099999999971 0.00000000099999999971 
0.00000000099999999986 0.00000000099999999986 0.00000000099999999986 0.99999999599999989108 0.00000000099999999986 
0.00000000099999999971 0.00000000099999999971 0.99999999600000000211 0.00000000099999999971 0.00000000099999999971 
0.00000000099999999993 0.96617135444261603716 0.00000000099999999993 0.03382864255738408238 0.00000000099999999993 
0.03259870782607245110 0.92286396945699911143 0.00000000099999999995 0.04453732071692844546 0.00000000099999999995 
0.01301088025473427084 0.94580613735894503158 0.04118298038632080965 0.00000000099999999998 0.00000000099999999998 
0.00000000376281426898 0.99999999323718569144 0.00000000099999999997 0.00000000099999999997 0.00000000099999999997 
0.00000000099999999995 0.96746020345239869265 0.00000000099999999995 0.03253979354760139914 0.00000000099999999995 
0.00000001066860838909 0.99852284273939673209 0.00000000099999999996 0.00147714459199470814 0.00000000099999999996 
0.01170270704853260124 0.95381232609977473214 0.00000000099999999996 0.03448496485169251502 0.00000000099999999996 
0.00000000099999999992 0.99999999600000000211 0.00000000099999999992 0.00000000099999999992 0.00000000099999999992 
0.00000000099999999995 0.99999999600000011313 0.00000000099999999995 0.00000000099999999995 0.00000000099999999995 
0.00000000099999999993 0.99620364820464335498 0.00000000099999999993 0.00379634879535661711 0.00000000099999999993 
0.00000000099999999995 0.69029075217278978993 0.00000000099999999995 0.30970924482721029491 0.00000000099999999995 
0.00000000099999999996 0.00000000099999999996 0.00000000099999999996 0.99999999600000000211 0.00000000099999999996 
0.00000000099999999997 0.00000000099999999997 0.00000000099999999997 0.98130506569626707591 0.01869493130373287015 
0.00000000099999999996 0.99999999528950556105 0.00000000099999999996 0.00000000171049437046 0.00000000099999999996 
0.00000000099999999986 0.00000000099999999986 0.00000000099999999986 0.99999999599999989108 0.00000000099999999986 
0.09480758937911999695 0.90336170795429016067 0.00000000099999999997 0.00183070066658990154 0.00000000099999999997 
0.00618567036489929296 0.97399980638712135850 0.00000000099999999996 0.01981452124797924985 0.00000000099999999996 
0.00000000099999999996 0.99999999600000000211 0.00000000099999999996 0.00000000099999999996 0.00000000099999999996 
0.00000000099999999995 0.97368583066303271423 0.00000000099999999995 0.02631416633696743654 0.00000000099999999995 
0.00000000099999999995 0.97228217355249257903 0.00000000099999999995 0.02771782344750741214 0.00000000099999999995 
0.00000000099999999995 0.97907698272145249341 0.00000000099999999995 0.02092301427854754980 0.00000000099999999995 
0.00000003909516024614 0.97310502934068843217 0.00000000099999999996 0.02689492956415136249 0.00000000099999999996 
0.02707456934198206044 0.95812706741849862357 0.01475896868333633448 0.00003939355618296476 0.00000000099999999998 
