0.00000000099999999988 0.00000000099999999988 0.99999999500000003039 0.00000000099999999988 0.00000000099999999988 0.00000000099999999988 
0.00000000099999999982 0.00000000099999999982 0.00000000099999999982 0.99999999500000003039 0.00000000099999999982 0.00000000099999999982 
0.00000000099999999985 0.00000000099999999985 0.99999999499999991937 0.00000000099999999985 0.00000000099999999985 0.00000000099999999985 
0.00000000099999999982 0.00000000099999999982 0.00000000099999999982 0.99999999500000003039 0.00000000099999999982 0.00000000099999999982 
0.13809013754987972677 0.00000000099999999996 0.00000000099999999996 0.00711332123187355999 0.59345854245291607132 0.26133799676533059353 
0.00000000099999999996 0.03414624543419149394 0.96585375056580857756 0.00000000099999999996 0.00000000099999999996 0.00000000099999999996 
0.00000000099999999990 0.00000000099999999990 0.99999999499999991937 0.00000000099999999990 0.00000000099999999990 0.00000000099999999990 
0.00000000099999999987 0.00000000099999999987 0.99999999500000003039 0.00000000099999999987 0.00000000099999999987 0.00000000099999999987 
0.00000000099999999997 0.00000000099999999997 0.99999999500000003039 0.00000000099999999997 0.00000000099999999997 0.00000000099999999997 
0.00000000099999999989 0.00000000099999999989 0.99999999499999991937 0.00000000099999999989 0.00000000099999999989 0.00000000099999999989 
0.07391233120528763190 0.00011410721168848637 0.78298125986772515450 0.14299229971529869854 0.00000000099999999998 0.00000000099999999998 
0.00000000099999999989 0.00000000099999999989 0.99999999500000003039 0.00000000099999999989 0.00000000099999999989 0.00000000099999999989 
0.00000000099999999985 0.00000000099999999985 0.00000000099999999985 0.99999999499999991937 0.00000000099999999985 0.00000000099999999985 
0.00000000099999999989 0.00000000099999999989 0.99999999499999991937 0.00000000099999999989 0.00000000099999999989 0.00000000099999999989 
0.00000000099999999995 0.00000000099999999995 0.99999999499999991937 0.00000000099999999995 0.00000000099999999995 0.00000000099999999995 
0.00000000099999999988 0.00000000099999999988 0.99999999500000003039 0.00000000099999999988 0.00000000099999999988 0.00000000099999999988 
0.00000000099999999983 0.00000000099999999983 0.00000000099999999983 0.99999999499999991937 0.00000000099999999983 0.00000000099999999983 
0.00000000099999999995 0.00000000099999999995 0.91772384938911599761 0.08227614661088400450 0.00000000099999999995 0.00000000099999999995 
0.00000000099999999987 0.00000000099999999987 0.99999999500000003039 0.00000000099999999987 0.00000000099999999987 0.00000000099999999987 
0.00000000099999999992 0.00000000099999999992 0.00000000099999999992 0.99999999500000003039 0.00000000099999999992 0.00000000099999999992 
0.00000000099999999992 0.00000000099999999992 0.00000000099999999992 0.00096879808195280358 0.57024584378270704033 0.42878535513534021817 
0.00000000099999999990 0.00000000099999999990 0.00000000099999999990 0.00000000099999999990 0.99999999500000003039 0.00000000099999999990 
0.00000000099999999989 0.00000000099999999989 0.00000000099999999989 0.00000000099999999989 0.99999999499999991937 0.00000000099999999989 
0.99999999500000003039 0.00000000099999999982 0.00000000099999999982 0.00000000099999999982 0.00000000099999999982 0.00000000099999999982 
0.00000000099999999987 0.00000000099999999987 0.99999999499999991937 0.00000000099999999987 0.00000000099999999987 0.00000000099999999987 
0.00000000099999999986 0.00000000099999999986 0.00000000099999999986 0.99999999500000003039 0.00000000099999999986 0.00000000099999999986 
0.13444749788136720059 0.00000000099999999996 0.00000000099999999996 0.04546839902243826614 0.42618688996188180962 0.39389721113431275246 
0.08854416270271577016 0.00000000099999999990 0.00000000099999999990 0.00000000099999999990 0.91145583329728419031 0.00000000099999999990 
0.00000000099999999984 0.00000000099999999984 0.00000000099999999984 0.99999999500000003039 0.00000000099999999984 0.00000000099999999984 
0.00000000099999999984 0.00000000099999999984 0.00000000099999999984 0.99999999499999991937 0.00000000099999999984 0.00000000099999999984 
0.00000000099999999987 0.00000000099999999987 0.99999999499999991937 0.00000000099999999987 0.00000000099999999987 0.00000000099999999987 
0.00000000099999999987 0.00000000099999999987 0.00000000099999999987 0.00000000099999999987 0.99999999500000003039 0.00000000099999999987 
0.00000000099999999994 0.01008261294233121427 0.98991738305766896477 0.00000000099999999994 0.00000000099999999994 0.00000000099999999994 
0.00000000099999999988 0.00000000099999999988 0.00000000099999999988 0.00000000099999999988 0.99999999499999991937 0.00000000099999999988 
0.00000000099999999990 0.00000000099999999990 0.99999999500000003039 0.00000000099999999990 0.00000000099999999990 0.00000000099999999990 
0.00000000099999999982 0.00000000099999999982 0.00000000099999999982 0.99999999500000003039 0.00000000099999999982 0.00000000099999999982 
0.00000000099999999988 0.00000000099999999988 0.00000000099999999988 0.00000000099999999988 0.99999999500000003039 0.00000000099999999988 
0.00000000099999999985 0.00000000099999999985 0.99999999500000003039 0.00000000099999999985 0.00000000099999999985 0.00000000099999999985 
0.00000000099999999982 0.00000000099999999982 0.99999999499999991937 0.00000000099999999982 0.00000000099999999982 0.00000000099999999982 
0.00000000099999999994 0.00000000099999999994 0.00000000099999999994 0.00000000099999999994 0.00000000099999999994 0.99999999500000003039 
0.00000000099999999969 0.99999999500000014141 0.00000000099999999969 0.00000000099999999969 0.00000000099999999969 0.00000000099999999969 
0.00000000099999999992 0.00000000099999999992 0.00000000099999999992 0.00000000099999999992 0.00000000099999999992 0.99999999500000003039 
0.00004348389406428642 0.00000000099999999995 0.00000000099999999995 0.00000000099999999995 0.17314564591842107610 0.82681086718751450881 
0.00000000099999999994 0.00000000099999999994 0.00000000099999999994 0.00000000099999999994 0.27463222117896096686 0.72536777482103897974 
0.09184175756902189514 0.00000000099999999996 0.00000000099999999996 0.00000000099999999996 0.00000000099999999996 0.90815823843097820411 
0.99999999500000014141 0.00000000099999999989 0.00000000099999999989 0.00000000099999999989 0.00000000099999999989 0.00000000099999999989 
0.00000000099999999986 0.00000000099999999986 0.00000000099999999986 0.00000000099999999986 0.99999999499999991937 0.00000000099999999986 
0.00000000099999999972 0.99999999500000003039 0.00000000099999999972 0.00000000099999999972 0.00000000099999999972 0.00000000099999999972 
0.99999999500000014141 0.00000000099999999983 0.00000000099999999983 0.00000000099999999983 0.00000000099999999983 0.00000000099999999983 
0.00000000099999999987 0.00000000099999999987 0.00000000099999999987 0.00000000099999999987 0.99999999499999991937 0.00000000099999999987 
0.00000000099999999984 0.99999999500000003039 0.00000000099999999984 0.00000000099999999984 0.00000000099999999984 0.00000000099999999984 
0.00000000099999999959 0.99999999500000003039 0.00000000099999999959 0.00000000099999999959 0.00000000099999999959 0.00000000099999999959 
0.00000000099999999991 0.00000000099999999991 0.00000000099999999991 0.00000000099999999991 0.00000000099999999991 0.99999999500000003039 
0.04020140096679516994 0.00000000099999999997 0.00000000099999999997 0.00000000099999999997 0.00013873834371626228 0.95965985768948869339 
0.00000000099999999995 0.00000000099999999995 0.00000000099999999995 0.00000000099999999995 0.24005774012889888325 0.75994225587110109110 
0.00000000099999999996 0.00000000099999999996 0.00000000099999999996 0.00000000099999999996 0.20060185406754968418 0.79939814193245040119 
0.00000000099999999994 0.00000000099999999994 0.00000000099999999994 0.00000000099999999994 0.00000000099999999994 0.99999999499999991937 
0.00000000099999999993 0.00000000099999999993 0.00000000099999999993 0.00000000099999999993 0.24989634097454693773 0.75010365502545306438 
0.00000000099999999999 0.29323258430960624787 0.58014271142717488416 0.03957381849954205721 0.00000000099999999999 0.08705088376367664527 
0.00000000099999999997 0.00000000099999999997 0.00000000099999999997 0.00000141985689327760 0.19492366606422403819 0.80507491107888262682 
0.00000000099999999995 0.00000000099999999995 0.00000000099999999995 0.02769079886270048654 0.00000000099999999995 0.97230919713729957454 
0.00000000099999999995 0.00000000099999999995 0.00000000099999999995 0.02335857361759197462 0.16588799128394157711 0.81075343209846650883 
0.00000000099999999998 0.00000000099999999998 0.00000000099999999998 0.00000000099999999998 0.00000000099999999998 0.99999999499999991937 
0.00000000099999999994 0.00000000099999999994 0.00000000099999999994 0.00000000099999999994 0.13002027182251182924 0.86997972417748825613 
0.99999999500000014141 0.00000000099999999993 0.00000000099999999993 0.00000000099999999993 0.00000000099999999993 0.00000000099999999993 
0.86150121379531896526 0.00792731511838270717 0.12287734576777536999 0.00757613620637596821 0.00000000100000000000 0.00011798811214694700 
0.00000000099999999987 0.00000000099999999987 0.00000000099999999987 0.00000000099999999987 0.99999999499999991937 0.00000000099999999987 
0.00000000099999999996 0.00000000099999999996 0.00000000099999999996 0.00000000099999999996 0.00000000099999999996 0.99999999500000003039 
0.00000000099999999997 0.00000000099999999997 0.00000000099999999997 0.00000000099999999997 0.17535993885896719591 0.82464005714103272293 
0.00863579637474863084 0.00000000099999999996 0.00000000099999999996 0.00000000099999999996 0.23712244124708925508 0.75424175937816217985 
0.00000000099999999993 0.00000000099999999993 0.00000000099999999993 0.00000000099999999993 0.00000000099999999993 0.99999999500000003039 
0.00696900655098206707 0.00000000099999999995 0.00000000099999999995 0.00000000218672563144 0.00000000099999999995 0.99303098826229219132 
0.00000000099999999994 0.00000000099999999994 0.00000000099999999994 0.00000000099999999994 0.39398011707067392972 0.60601987892932607238 
0.05517209132610961797 0.00000000099999999994 0.00000000099999999994 0.04173792726799128994 0.00000000099999999994 0.90308997840589899653 
0.00000000099999999995 0.00000000099999999995 0.00000000099999999995 0.02339682995965349996 0.21361206567889970409 0.76299110136144676630 
0.00000000099999999998 0.46260836888717477011 0.00000000099999999998 0.00000000099999999998 0.00000000099999999998 0.53739162711282517648 
0.00000000099999999997 0.00000000099999999997 0.00000000099999999997 0.00000000099999999997 0.00000000099999999997 0.99999999500000003039 
0.00000000099999999972 0.99999999500000014141 0.00000000099999999972 0.00000000099999999972 0.00000000099999999972 0.00000000099999999972 
0.00000000099999999995 0.00000000099999999995 0.00000000099999999995 0.00000000099999999995 0.19290210936891230564 0.80709788663108772422 
0.00000000099999999992 0.00000000099999999992 0.00000000099999999992 0.00000000099999999992 0.19483290004171235910 0.80516709595828761525 
0.00000000099999999993 0.00000000099999999993 0.00000000099999999993 0.00000000099999999993 0.00000000099999999993 0.99999999500000003039 
0.00000000099999999995 0.00000000099999999995 0.00000000099999999995 0.00000000099999999995 0.00000000099999999995 0.99999999500000003039 
0.64664224514099943875 0.00000000099999999989 0.00000000099999999989 0.00000000099999999989 0.35335775085900056336 0.00000000099999999989 
0.99999999500000014141 0.00000000099999999986 0.00000000099999999986 0.00000000099999999986 0.00000000099999999986 0.00000000099999999986 
0.79943749614056502928 0.01527853828422875114 0.18463429271596162873 0.00064967085924457445 0.00000000100000000000 0.00000000100000000000 
0.99999999500000014141 0.00000000099999999985 0.00000000099999999985 0.00000000099999999985 0.00000000099999999985 0.00000000099999999985 
0.00000000099999999964 0.99999999500000003039 0.00000000099999999964 0.00000000099999999964 0.00000000099999999964 0.00000000099999999964 
0.99999999500000014141 0.00000000099999999984 0.00000000099999999984 0.00000000099999999984 0.00000000099999999984 0.00000000099999999984 
0.00000000099999999964 0.99999999500000014141 0.00000000099999999964 0.00000000099999999964 0.00000000099999999964 0.00000000099999999964 
0.00544347703180035961 0.00000000099999999993 0.00000000099999999993 0.00000000099999999993 0.20683430914868208839 0.78772221081951754318 
0.00000000099999999995 0.00000000099999999995 0.00000000099999999995 0.00206414485734929612 0.40630508105425017229 0.59163077108840045337 
0.00000000099999999998 0.04220863202205268894 0.00000000099999999998 0.02018875086484132886 0.00017427453717436822 0.93742834057593160679 
0.00000000099999999997 0.00000000099999999997 0.00000000099999999997 0.00000000099999999997 0.11113664852357818535 0.88886334747642181675 
0.04217654995486694314 0.00000000099999999994 0.00000000099999999994 0.00000000099999999994 0.00078483918659995832 0.95703860785853300808 
0.00000000099999999996 0.00000000099999999996 0.00000000099999999996 0.00000000099999999996 0.24355505792078863125 0.75644493807921142636 
0.05058387589801732753 0.00000000099999999995 0.00000000099999999995 0.00000000099999999995 0.00000000099999999995 0.94941612010198261906 
0.00000000099999999992 0.00000000099999999992 0.00000000099999999992 0.00000000099999999992 0.17346958572603815574 0.82653041027396190188 
0.00000000099999999995 0.00000000099999999995 0.00000000099999999995 0.00000000099999999995 0.13531522597477904646 0.86468477002522103891 
0.00000000165569539001 0.00000000099999999992 0.00000000099999999992 0.00000000099999999992 0.00000000099999999992 0.99999999434430453249 
0.00000000099999999986 0.00000000099999999986 0.00000000099999999986 0.00000000099999999986 0.99999999499999991937 0.00000000099999999986 
0.99999999500000014141 0.00000000099999999995 0.00000000099999999995 0.00000000099999999995 0.00000000099999999995 0.00000000099999999995 
0.99999999500000014141 0.00000000099999999994 0.00000000099999999994 0.00000000099999999994 0.00000000099999999994 0.00000000099999999994 
0.00000000099999999995 0.00000000099999999995 0.00000000099999999995 0.00000000099999999995 0.00000000099999999995 0.99999999499999991937 
0.99999999500000014141 0.00000000099999999984 0.00000000099999999984 0.00000000099999999984 0.00000000099999999984 0.00000000099999999984 
0.00000000099999999998 0.00000000099999999998 0.00000000099999999998 0.05175356149384792437 0.32292020023215095570 0.62532623527400099661 
0.00000000099999999996 0.00000000099999999996 0.00000000099999999996 0.00159936139621745218 0.24385904151139686791 0.75454159409238574785 
0.00000000099999999996 0.00000000099999999996 0.00000000099999999996 0.00000000099999999996 0.00004279933590488433 0.99995719666409521587 
0.01560457525796639898 0.00000000099999999995 0.00000000099999999995 0.00000000099999999995 0.19454874985397130338 0.78984667188806234606 
0.03228612950062150627 0.00000000099999999995 0.00000000099999999995 0.00000000099999999995 0.00000000099999999995 0.96771386649937851665 
0.01415652635330623410 0.00000000099999999993 0.00000000099999999993 0.00000000099999999993 0.00000000099999999993 0.98584346964669378188 
0.00000000099999999995 0.00000000099999999995 0.00000000099999999995 0.00000000099999999995 0.39917634515112082605 0.60082365084887923157 
0.00000000099999999998 0.00059921006795764773 0.00000000099999999998 0.04095414186751675928 0.00000000099999999998 0.95844664506452559305 
