1.312108	-0.036043	0.259749	-0.058958	-0.075496	0.251451	0.262830	0.256962	0.265870	0.267587	0.198672	0.258592	-0.046274	0.263607	0.246689	0.273653	-0.054773	0.243703	0.242764	-0.040409	-0.070210	-0.077285	-0.072688	-0.086423	0.232086	-0.055101	-0.084001	-0.083465	-0.056871	-0.040559	0.251345	-0.088399	0.253695	-0.086078	0.225896	-0.063546	-0.076978	0.259862	0.270460	-0.089787	0.025161	-0.092781	-0.091908	-0.095470	-0.100451	-0.093628	-0.087164	0.036778	-0.095564	-0.083179	0.023957	0.015925	-0.103149	-0.083784	-0.096894	-0.076103	-0.106191	-0.096568	0.149507	-0.097160	-0.097954	-0.075318	-0.080034	-0.094614	-0.069786	-0.011186	-0.082179	-0.101218	-0.089696	-0.085873	-0.096892	-0.098677	-0.100921	-0.090979	-0.093040	-0.035501	-0.080938	0.036818	-0.095252	-0.086781	-0.095478	-0.102483	-0.097379	-0.088912	0.028927	-0.090772	0.023296	-0.092895	0.023038	-0.078377	-0.088639	-0.102533	-0.090240	-0.087165	-0.106652	-0.091768	-0.091468	-0.089129	-0.092331	-0.088181	-0.080716	-0.034597	-0.095427	-0.077486	-0.092750	-0.090420	-0.089720	-0.095768	-0.094831	-0.089211	-0.077898	-0.092691	
-0.036043	0.928725	-0.044336	0.081218	-0.009044	-0.052990	-0.045055	-0.054408	-0.054947	-0.032827	-0.028864	-0.043491	0.090357	-0.042501	-0.035323	-0.034690	0.099086	-0.051580	-0.055368	0.086082	-0.000303	-0.010900	-0.009008	-0.016753	-0.054753	0.101609	0.001453	-0.013741	0.069085	0.079536	-0.057466	-0.000532	-0.036443	-0.000315	-0.050479	0.098931	0.003284	-0.034664	-0.059145	-0.005703	-0.040874	-0.006711	-0.004898	-0.002781	0.000196	-0.004689	-0.011900	-0.049485	-0.021840	0.007849	-0.036507	-0.050723	-0.022076	-0.002134	-0.005932	-0.009203	0.013579	-0.004858	-0.029010	0.000267	0.001219	-0.007265	-0.004407	-0.002009	-0.016047	-0.033610	-0.019641	-0.003155	-0.013877	-0.005737	-0.010183	0.006248	-0.010485	0.002358	-0.004486	-0.018150	-0.016685	-0.047977	-0.006627	-0.008410	-0.009231	0.000273	-0.014960	0.000993	-0.007343	-0.014910	-0.055964	0.001277	-0.061372	0.000236	-0.017640	-0.016542	0.004744	-0.011177	0.005177	0.005963	-0.007274	-0.011438	-0.015023	-0.001091	-0.025895	-0.018191	-0.017167	-0.001402	0.000204	-0.010954	-0.009797	-0.003518	-0.001764	-0.009366	-0.007381	-0.007018	
0.259749	-0.044336	1.299577	-0.046401	-0.087861	0.252766	0.278084	0.262694	0.230688	0.257923	0.182404	0.262519	-0.049604	0.305162	0.265413	0.279438	-0.041038	0.276856	0.263090	-0.035479	-0.084071	-0.094068	-0.082127	-0.087832	0.268443	-0.040544	-0.087521	-0.084431	-0.047527	-0.071934	0.252363	-0.091464	0.254656	-0.077978	0.237403	-0.045830	-0.082452	0.263842	0.276744	-0.094892	0.015346	-0.103569	-0.082768	-0.093809	-0.088193	-0.084033	-0.089566	0.042891	-0.102459	-0.078062	0.013328	0.030597	-0.096410	-0.090847	-0.103371	-0.081044	-0.091282	-0.092830	0.123526	-0.091110	-0.096659	-0.080141	-0.085383	-0.106978	-0.075271	-0.024007	-0.075169	-0.087181	-0.097575	-0.097261	-0.090324	-0.082224	-0.097384	-0.096490	-0.083367	-0.056135	-0.085660	0.017365	-0.108084	-0.087441	-0.101572	-0.097345	-0.089875	-0.091053	-0.020476	-0.091090	0.025785	-0.086522	0.018451	-0.097846	-0.105339	-0.085894	-0.111713	-0.094477	-0.088661	-0.088481	-0.096448	-0.095680	-0.097337	-0.083025	-0.066104	-0.047246	-0.089306	-0.084050	-0.091210	-0.084280	-0.091970	-0.091332	-0.089138	-0.092766	-0.092125	-0.097762	
-0.058958	0.081218	-0.046401	0.936999	-0.002778	-0.049527	-0.043623	-0.061135	-0.045739	-0.062816	-0.026136	-0.057797	0.084822	-0.045447	-0.065920	-0.046185	0.073343	-0.060011	-0.048216	0.066141	0.000695	-0.006908	0.005611	-0.003709	-0.046568	0.085019	-0.007385	0.000416	0.085178	0.080188	-0.051637	0.014148	-0.054792	0.001997	-0.044986	0.072553	0.006347	-0.060656	-0.072347	0.012043	-0.047077	-0.005703	0.002469	-0.003867	-0.002342	0.000625	0.003743	-0.043775	-0.000193	0.001374	-0.039777	-0.063608	-0.008495	0.003973	0.003830	-0.006838	-0.005205	-0.013469	-0.035089	-0.000188	0.009031	-0.013420	-0.014098	0.002620	-0.011573	-0.025422	0.002246	-0.015500	0.005132	-0.016753	-0.014410	-0.004134	-0.011161	-0.002134	-0.001880	-0.017287	-0.000476	-0.049016	0.000087	-0.000435	-0.008841	-0.011398	-0.010375	-0.005937	-0.040949	-0.006966	-0.053047	-0.015011	-0.052349	0.005587	0.012872	0.003983	-0.017994	0.000787	0.013381	0.004238	-0.022005	-0.011037	0.007265	-0.009574	-0.014685	-0.010912	-0.003511	0.001394	-0.001713	-0.009027	-0.008738	0.006437	-0.006256	-0.017652	0.000785	-0.003580	
-0.075496	-0.009044	-0.087861	-0.002778	0.859185	-0.097625	-0.097908	-0.094557	-0.087062	-0.075123	-0.073503	-0.086319	0.001107	-0.077662	-0.069058	-0.078996	-0.009674	-0.087858	-0.083023	0.005222	0.011051	0.018476	0.023380	0.029504	-0.087390	0.003721	0.030411	0.009693	0.004958	-0.003136	-0.080716	0.025909	-0.079689	0.008164	-0.085764	0.010125	0.024789	-0.101014	-0.095876	0.028039	-0.052538	0.007858	0.014959	0.020886	0.014560	0.028490	0.021320	-0.048698	0.030718	0.035436	-0.063781	-0.069242	0.013721	0.025757	-0.002702	0.016183	0.014868	0.016102	-0.057591	0.024399	0.014426	0.016057	0.013464	0.015721	0.006391	-0.018982	0.025627	0.007039	0.008902	0.018411	0.020101	0.011148	0.024273	0.022235	0.015666	-0.018076	0.013252	-0.054833	0.015886	0.019671	0.012319	-0.001999	0.035520	0.031616	-0.009107	0.027529	-0.065582	0.028389	-0.069848	0.012386	0.040240	0.016051	0.013822	0.003377	0.019895	0.006632	0.023083	0.029239	0.014999	0.021947	0.006783	0.006676	0.018462	0.032792	0.026989	0.010986	0.002555	0.037535	0.014157	0.013267	0.021982	0.027960	
0.251451	-0.052990	0.252766	-0.049527	-0.097625	1.359240	0.275207	0.248132	0.255106	0.248722	0.165288	0.226771	-0.041668	0.285220	0.265198	0.256170	-0.059522	0.236893	0.255150	-0.049499	-0.078888	-0.087324	-0.081506	-0.084924	0.242783	-0.060244	-0.090719	-0.076237	-0.051079	-0.068051	0.269963	-0.074721	0.239299	-0.087789	0.251986	-0.051374	-0.074609	0.270604	0.250541	-0.080900	0.037944	-0.087684	-0.105644	-0.083784	-0.093535	-0.092655	-0.088408	0.038271	-0.106666	-0.080243	0.022776	0.030161	-0.088126	-0.085233	-0.094317	-0.090102	-0.112982	-0.084356	0.146347	-0.113624	-0.101001	-0.078213	-0.084386	-0.099624	-0.089477	-0.009088	-0.082166	-0.084846	-0.096284	-0.080628	-0.089873	-0.100018	-0.087757	-0.092660	-0.087060	-0.034798	-0.098509	0.029639	-0.100804	-0.085840	-0.099706	-0.085965	-0.086221	-0.088905	0.076437	-0.086555	0.030973	-0.091578	0.039836	-0.095895	-0.087333	-0.087797	-0.078948	-0.095120	-0.087639	-0.093989	-0.090663	-0.088974	-0.084854	-0.086504	-0.081404	-0.047676	-0.091625	-0.074321	-0.111860	-0.080636	-0.095117	-0.108271	-0.102898	-0.086831	-0.094572	-0.085516	
0.262830	-0.045055	0.278084	-0.043623	-0.097908	0.275207	1.344791	0.254235	0.236520	0.247522	0.185716	0.265446	-0.030412	0.299101	0.260029	0.295920	-0.042389	0.249209	0.250038	-0.041946	-0.097383	-0.091605	-0.081150	-0.092505	0.269480	-0.051002	-0.084956	-0.083491	-0.062786	-0.054476	0.273792	-0.083457	0.260693	-0.092423	0.263969	-0.057421	-0.093370	0.259944	0.269932	-0.087479	0.016714	-0.091106	-0.098162	-0.098836	-0.102456	-0.097377	-0.097860	0.039456	-0.109817	-0.095829	0.010611	0.027726	-0.100085	-0.105194	-0.095049	-0.097592	-0.097899	-0.103969	0.142629	-0.091020	-0.082383	-0.081436	-0.083401	-0.086334	-0.079519	-0.027623	-0.091887	-0.098282	-0.098894	-0.083642	-0.095909	-0.075260	-0.082200	-0.090514	-0.080403	-0.045686	-0.087949	0.040820	-0.102578	-0.098976	-0.092189	-0.099348	-0.111867	-0.089292	0.036683	-0.072272	0.030376	-0.082582	0.012871	-0.102561	-0.086833	-0.116690	-0.088470	-0.099602	-0.103920	-0.102649	-0.078342	-0.095038	-0.088546	-0.096438	-0.091625	-0.026496	-0.096770	-0.088636	-0.111003	-0.094534	-0.072075	-0.099217	-0.099185	-0.100964	-0.081634	-0.097968	
0.256962	-0.054408	0.262694	-0.061135	-0.094557	0.248132	0.254235	1.318350	0.254021	0.271064	0.157073	0.258675	-0.057456	0.280195	0.247397	0.272358	-0.046113	0.247171	0.259002	-0.019126	-0.072195	-0.090212	-0.076832	-0.093953	0.264347	-0.063566	-0.079896	-0.090807	-0.059615	-0.055623	0.263176	-0.089767	0.225244	-0.085113	0.265801	-0.047932	-0.067696	0.289181	0.262757	-0.083969	0.010561	-0.100520	-0.101843	-0.083871	-0.087508	-0.097157	-0.098957	0.011012	-0.102866	-0.074122	0.029486	0.017700	-0.103967	-0.093120	-0.091406	-0.087503	-0.095437	-0.098406	0.119097	-0.079096	-0.101331	-0.085837	-0.077559	-0.096573	-0.083686	-0.029691	-0.084321	-0.102748	-0.081643	-0.085598	-0.088255	-0.094385	-0.089286	-0.082201	-0.093731	-0.024747	-0.087356	0.037111	-0.090901	-0.095679	-0.088915	-0.087596	-0.091441	-0.096551	0.000758	-0.099617	0.026611	-0.078556	0.007591	-0.094956	-0.089822	-0.095097	-0.107385	-0.103706	-0.090202	-0.099795	-0.093232	-0.087736	-0.099244	-0.079348	-0.090295	-0.037554	-0.090324	-0.089152	-0.077872	-0.076960	-0.078940	-0.098431	-0.094498	-0.075772	-0.081854	-0.076123	
0.265870	-0.054947	0.230688	-0.045739	-0.087062	0.255106	0.236520	0.254021	1.303907	0.244417	0.183433	0.284870	-0.058203	0.249106	0.243577	0.242253	-0.049322	0.240666	0.247429	-0.055521	-0.086998	-0.100845	-0.084035	-0.080396	0.262945	-0.044717	-0.081319	-0.082232	-0.048480	-0.043961	0.241139	-0.080794	0.257883	-0.079546	0.248137	-0.041651	-0.078059	0.254734	0.261817	-0.088057	0.032163	-0.097994	-0.098135	-0.107447	-0.089856	-0.084501	-0.083576	0.042345	-0.087732	-0.076005	0.014862	0.031995	-0.105705	-0.091606	-0.105670	-0.085616	-0.088063	-0.092500	0.136398	-0.071611	-0.096953	-0.103554	-0.093171	-0.083423	-0.059805	-0.016117	-0.089341	-0.085678	-0.092002	-0.091809	-0.092178	-0.093195	-0.080556	-0.092829	-0.087820	-0.059897	-0.076654	0.022645	-0.092369	-0.098673	-0.102251	-0.097279	-0.072072	-0.075872	0.007737	-0.074295	0.040232	-0.074165	0.025940	-0.087139	-0.095593	-0.106173	-0.081380	-0.089297	-0.096487	-0.089663	-0.086320	-0.092985	-0.079373	-0.069081	-0.080619	-0.005283	-0.084936	-0.070974	-0.086311	-0.084509	-0.102485	-0.097744	-0.089932	-0.102403	-0.085236	-0.103398	
0.267587	-0.032827	0.257923	-0.062816	-0.075123	0.248722	0.247522	0.271064	0.244417	1.360090	0.146999	0.269756	-0.042679	0.268460	0.234365	0.270528	-0.049410	0.211512	0.244101	-0.056510	-0.084874	-0.077889	-0.087527	-0.073696	0.271838	-0.044796	-0.076863	-0.091039	-0.054610	-0.056861	0.264907	-0.092611	0.257974	-0.096775	0.255805	-0.046567	-0.081595	0.279140	0.257912	-0.090979	0.039214	-0.100698	-0.096557	-0.100027	-0.093257	-0.078813	-0.077782	0.038020	-0.086382	-0.070283	0.028409	0.024585	-0.102726	-0.085673	-0.108443	-0.092336	-0.099987	-0.112221	0.129644	-0.092899	-0.092969	-0.090704	-0.079940	-0.084383	-0.076224	0.003975	-0.079662	-0.104984	-0.083904	-0.086647	-0.085329	-0.099384	-0.101286	-0.087776	-0.101478	-0.039749	-0.088691	0.032010	-0.095379	-0.099563	-0.102759	-0.109284	-0.090997	-0.091446	-0.023375	-0.085280	0.018445	-0.068131	0.021918	-0.091346	-0.098919	-0.100582	-0.099782	-0.101836	-0.095490	-0.090539	-0.086014	-0.083781	-0.084212	-0.086691	-0.054711	-0.043599	-0.084902	-0.078581	-0.102681	-0.081986	-0.100214	-0.102474	-0.106149	-0.086222	-0.074585	-0.107699	
0.198672	-0.028864	0.182404	-0.026136	-0.073503	0.165288	0.185716	0.157073	0.183433	0.146999	1.223166	0.190777	-0.038926	0.153549	0.220257	0.159445	0.036457	0.177153	0.208946	-0.014029	-0.079405	-0.061029	-0.072066	-0.050608	0.194508	-0.011148	-0.068581	-0.061750	-0.002168	-0.040335	0.194951	-0.069383	0.174965	-0.080244	0.189760	-0.024646	-0.071812	0.163871	0.211143	-0.082896	0.031068	-0.084078	-0.070718	-0.070853	-0.084687	-0.059358	-0.067765	0.042751	-0.060467	-0.056723	-0.006798	0.021602	-0.088377	-0.074173	-0.082872	-0.082672	-0.087324	-0.082278	0.111885	-0.076243	-0.064991	-0.081908	-0.050772	-0.073715	-0.015720	-0.039636	-0.076865	-0.081587	-0.072311	-0.080006	-0.083139	-0.073607	-0.070028	-0.079214	-0.078659	-0.045718	-0.075532	0.033578	-0.071329	-0.074700	-0.057208	-0.076597	-0.049759	-0.073719	-0.025323	-0.048056	0.009019	-0.035477	0.017363	-0.059079	-0.076549	-0.081002	-0.087801	-0.068987	-0.058247	-0.073941	-0.091800	-0.086631	-0.074931	-0.065731	-0.046549	-0.028098	-0.088934	-0.036048	-0.080855	-0.052303	-0.068580	-0.086041	-0.073933	-0.077436	-0.077941	-0.078987	
0.258592	-0.043491	0.262519	-0.057797	-0.086319	0.226771	0.265446	0.258675	0.284870	0.269756	0.190777	1.280277	-0.058619	0.265123	0.244734	0.264585	-0.044235	0.247647	0.267575	-0.030101	-0.091351	-0.080106	-0.078685	-0.078405	0.275879	-0.046466	-0.074116	-0.081100	-0.048267	-0.042309	0.260544	-0.092135	0.272146	-0.087189	0.254779	-0.048154	-0.090926	0.245392	0.270278	-0.080220	-0.000197	-0.096626	-0.090074	-0.094691	-0.094078	-0.084115	-0.082558	0.036035	-0.089556	-0.079591	0.005582	0.006087	-0.093474	-0.083151	-0.102310	-0.067308	-0.102456	-0.104959	0.140308	-0.087641	-0.097154	-0.090995	-0.079399	-0.090689	-0.080284	-0.001828	-0.082038	-0.106285	-0.103483	-0.085452	-0.088487	-0.097460	-0.096209	-0.090160	-0.100676	-0.050341	-0.098620	-0.001220	-0.079843	-0.099050	-0.080820	-0.099377	-0.090151	-0.094178	-0.001568	-0.076821	0.004516	-0.079333	0.005507	-0.089554	-0.094230	-0.096225	-0.097749	-0.096921	-0.097776	-0.094839	-0.098328	-0.099288	-0.090565	-0.079552	-0.068535	-0.018916	-0.089615	-0.058836	-0.085175	-0.078864	-0.099451	-0.098989	-0.083330	-0.091199	-0.090373	-0.092574	
-0.046274	0.090357	-0.049604	0.084822	0.001107	-0.041668	-0.030412	-0.057456	-0.058203	-0.042679	-0.038926	-0.058619	0.939736	-0.030099	-0.052089	-0.051046	0.110891	-0.026096	-0.049306	0.089083	0.002425	-0.016663	0.012178	-0.012357	-0.046479	0.095579	0.005111	-0.007214	0.079817	0.073064	-0.052600	-0.008760	-0.044530	0.015840	-0.047338	0.092900	0.010441	-0.043730	-0.045155	-0.005540	-0.051472	-0.012966	-0.004663	-0.008655	0.008840	-0.020528	0.002596	-0.046522	-0.017211	-0.008722	-0.032277	-0.060839	-0.012951	-0.013326	-0.003557	-0.003553	-0.022336	-0.005394	-0.035776	-0.013237	0.019004	0.010210	-0.016156	-0.014008	-0.017030	-0.020466	-0.002830	-0.013206	-0.000848	-0.019133	-0.014142	0.014706	0.006985	-0.005197	0.007742	-0.031241	0.002269	-0.059219	-0.000098	-0.010819	-0.016825	-0.006499	-0.026793	-0.005529	0.006342	-0.016288	-0.054846	-0.003279	-0.052935	0.006951	-0.004338	-0.013616	-0.025052	-0.004703	-0.011675	-0.005159	-0.014417	0.001010	-0.007342	-0.010386	0.002628	-0.031517	-0.014911	-0.009748	0.006394	-0.016055	-0.008118	-0.013118	0.003536	-0.016836	-0.006745	-0.005545	
0.263607	-0.042501	0.305162	-0.045447	-0.077662	0.285220	0.299101	0.280195	0.249106	0.268460	0.153549	0.265123	-0.030099	1.326413	0.272342	0.236486	-0.032369	0.266997	0.267116	-0.030318	-0.092145	-0.080531	-0.080080	-0.086131	0.270002	-0.053077	-0.089900	-0.087855	-0.045756	-0.056301	0.263616	-0.094176	0.242054	-0.085749	0.252936	-0.037113	-0.080783	0.244611	0.256036	-0.103680	0.021869	-0.101623	-0.098025	-0.094390	-0.085927	-0.101502	-0.089094	0.026920	-0.097137	-0.092157	0.016144	0.010035	-0.112044	-0.084380	-0.100303	-0.097786	-0.097178	-0.106418	0.130024	-0.097337	-0.097332	-0.089600	-0.079971	-0.101830	-0.080922	-0.037339	-0.080616	-0.099319	-0.103103	-0.091709	-0.087836	-0.091910	-0.099230	-0.091020	-0.097402	-0.025668	-0.084554	0.036897	-0.093946	-0.101557	-0.091127	-0.104620	-0.093328	-0.106880	0.057560	-0.084588	0.014229	-0.095238	0.023018	-0.101194	-0.094999	-0.102409	-0.093451	-0.089789	-0.094884	-0.087893	-0.086158	-0.097296	-0.088735	-0.074379	-0.066057	-0.044998	-0.100949	-0.098075	-0.087262	-0.084773	-0.110196	-0.106114	-0.099729	-0.085528	-0.079673	-0.085936	
0.246689	-0.035323	0.265413	-0.065920	-0.069058	0.265198	0.260029	0.247397	0.243577	0.234365	0.220257	0.244734	-0.052089	0.272342	1.261359	0.290384	-0.062778	0.244736	0.266823	-0.036402	-0.090609	-0.077313	-0.073872	-0.079447	0.241765	-0.036114	-0.087479	-0.086401	-0.031015	-0.061165	0.252473	-0.078438	0.214808	-0.077680	0.222506	-0.074013	-0.067580	0.234876	0.262862	-0.096587	0.006749	-0.095781	-0.100153	-0.098534	-0.098342	-0.077706	-0.079810	0.040161	-0.083630	-0.071667	0.000829	0.033438	-0.086814	-0.090982	-0.094667	-0.097206	-0.107467	-0.098520	0.128363	-0.091654	-0.079932	-0.086049	-0.085374	-0.089967	-0.057845	-0.027970	-0.076676	-0.078495	-0.104474	-0.084522	-0.080322	-0.103018	-0.105439	-0.085338	-0.083029	-0.035847	-0.074256	0.021319	-0.085674	-0.103577	-0.097475	-0.073139	-0.078574	-0.074537	0.025122	-0.078836	0.007210	-0.070090	0.023149	-0.089666	-0.088836	-0.105693	-0.073320	-0.093737	-0.086525	-0.088099	-0.074731	-0.090100	-0.104724	-0.074178	-0.065245	-0.033512	-0.105176	-0.065786	-0.090725	-0.093310	-0.096531	-0.100577	-0.100454	-0.094371	-0.078692	-0.104414	
0.273653	-0.034690	0.279438	-0.046185	-0.078996	0.256170	0.295920	0.272358	0.242253	0.270528	0.159445	0.264585	-0.051046	0.236486	0.290384	1.288061	-0.043670	0.225481	0.263334	-0.038576	-0.083291	-0.093281	-0.082270	-0.093536	0.263274	-0.051003	-0.083303	-0.071817	-0.067443	-0.052113	0.266605	-0.086356	0.234658	-0.083191	0.233995	-0.054642	-0.087582	0.263927	0.286258	-0.094577	0.016783	-0.082856	-0.078569	-0.090015	-0.096480	-0.082340	-0.084382	0.032298	-0.085709	-0.084076	-0.004514	0.025341	-0.107828	-0.092681	-0.097000	-0.090194	-0.102440	-0.093637	0.137158	-0.099295	-0.086270	-0.101785	-0.094059	-0.093120	-0.090226	-0.012393	-0.082581	-0.107549	-0.098955	-0.081798	-0.096116	-0.089206	-0.091763	-0.096199	-0.094081	-0.032880	-0.090124	0.033738	-0.081158	-0.085611	-0.096908	-0.101173	-0.088802	-0.091997	-0.003025	-0.082880	0.010812	-0.091315	-0.002354	-0.090797	-0.090730	-0.093992	-0.093069	-0.088855	-0.082005	-0.083506	-0.093815	-0.097680	-0.096321	-0.092523	-0.063703	-0.034283	-0.084508	-0.094012	-0.097580	-0.081340	-0.088028	-0.096401	-0.088665	-0.081369	-0.084198	-0.083549	
-0.054773	0.099086	-0.041038	0.073343	-0.009674	-0.059522	-0.042389	-0.046113	-0.049322	-0.049410	0.036457	-0.044235	0.110891	-0.032369	-0.062778	-0.043670	0.927300	-0.021918	-0.040967	0.067479	-0.003697	-0.001048	-0.000857	-0.005384	-0.056414	0.056018	-0.005501	0.006135	0.071555	0.089093	-0.057585	-0.012271	-0.046509	-0.007579	-0.050076	0.089735	0.011214	-0.046246	-0.043642	-0.008617	-0.038936	-0.015723	-0.019609	-0.005249	-0.012363	-0.009851	-0.006071	-0.050693	-0.016602	-0.006645	-0.050686	-0.041201	-0.029940	-0.010720	-0.011578	0.006821	-0.014815	-0.005461	-0.036856	-0.010167	0.002876	-0.002586	-0.007311	-0.009276	-0.000127	-0.019553	0.003133	-0.019829	0.014887	-0.013371	0.003312	-0.001383	-0.026789	-0.007707	-0.004148	-0.017986	-0.015343	-0.049966	0.002505	0.003821	0.003462	-0.001369	-0.012159	-0.022214	-0.021358	-0.007566	-0.043642	-0.005608	-0.053672	-0.018188	0.003145	-0.013086	0.006895	0.000342	-0.004997	-0.004524	-0.010011	0.007949	-0.002625	-0.016096	0.002696	-0.024737	0.007874	-0.021173	-0.001022	-0.013812	0.001250	-0.004470	-0.007333	-0.015227	-0.005992	0.011698	
0.243703	-0.051580	0.276856	-0.060011	-0.087858	0.236893	0.249209	0.247171	0.240666	0.211512	0.177153	0.247647	-0.026096	0.266997	0.244736	0.225481	-0.021918	1.280014	0.227456	-0.029511	-0.079490	-0.092538	-0.089755	-0.084099	0.206105	-0.046189	-0.076742	-0.082405	-0.052693	-0.037786	0.237938	-0.078532	0.225100	-0.080009	0.219305	-0.042461	-0.057685	0.262728	0.238954	-0.079654	0.014874	-0.093841	-0.092174	-0.094836	-0.086803	-0.091359	-0.079973	0.030581	-0.095910	-0.073051	0.015155	0.009564	-0.092753	-0.092226	-0.072011	-0.082091	-0.096910	-0.089484	0.119213	-0.080372	-0.080703	-0.089548	-0.074222	-0.088273	-0.080308	-0.007384	-0.083263	-0.087148	-0.089539	-0.092586	-0.093790	-0.084690	-0.073314	-0.074165	-0.092674	-0.031471	-0.081641	0.040944	-0.096823	-0.081884	-0.091455	-0.095572	-0.085975	-0.101292	-0.010188	-0.080494	0.026733	-0.081743	0.013914	-0.083386	-0.070710	-0.093521	-0.084131	-0.088176	-0.092352	-0.094266	-0.086123	-0.084232	-0.085685	-0.076263	-0.043919	-0.020395	-0.091661	-0.083497	-0.078981	-0.087648	-0.088000	-0.104934	-0.080960	-0.080207	-0.074870	-0.094464	
0.242764	-0.055368	0.263090	-0.048216	-0.083023	0.255150	0.250038	0.259002	0.247429	0.244101	0.208946	0.267575	-0.049306	0.267116	0.266823	0.263334	-0.040967	0.227456	1.334293	-0.027962	-0.080159	-0.081181	-0.087252	-0.083462	0.263902	-0.062637	-0.089513	-0.084234	-0.042337	-0.061424	0.285395	-0.078347	0.228030	-0.079786	0.234856	-0.059869	-0.093634	0.266648	0.249107	-0.089781	0.028598	-0.089831	-0.087812	-0.095570	-0.088909	-0.082420	-0.082862	0.033602	-0.102409	-0.095702	0.030705	0.025559	-0.103480	-0.099486	-0.082230	-0.090053	-0.097930	-0.080093	0.127959	-0.102276	-0.096918	-0.094305	-0.080533	-0.096564	-0.069888	-0.009666	-0.076416	-0.090459	-0.090749	-0.083174	-0.087284	-0.101989	-0.085722	-0.101586	-0.093207	-0.030126	-0.080353	0.022758	-0.099041	-0.090207	-0.100063	-0.087846	-0.094835	-0.086195	-0.011275	-0.073349	0.009722	-0.099654	0.032007	-0.098737	-0.095623	-0.093013	-0.068453	-0.101501	-0.091313	-0.092985	-0.102459	-0.095611	-0.081431	-0.083906	-0.080962	-0.042095	-0.087682	-0.080338	-0.098425	-0.077154	-0.095455	-0.101498	-0.080952	-0.091852	-0.079192	-0.082941	
-0.040409	0.086082	-0.035479	0.066141	0.005222	-0.049499	-0.041946	-0.019126	-0.055521	-0.056510	-0.014029	-0.030101	0.089083	-0.030318	-0.036402	-0.038576	0.067479	-0.029511	-0.027962	0.943966	0.005472	0.004308	0.009068	-0.015555	-0.046692	0.079569	-0.001595	-0.016993	0.072212	0.076664	-0.036430	-0.013732	-0.041979	-0.014576	-0.044012	0.074449	0.003754	-0.039295	-0.031397	-0.017171	-0.049924	-0.019976	-0.005083	-0.001516	-0.018259	-0.005066	-0.008501	-0.051155	-0.019484	-0.012614	-0.026094	-0.048638	-0.023518	-0.011162	-0.006259	-0.016765	-0.003306	-0.015231	-0.037420	-0.006551	0.014140	0.003356	-0.012052	-0.015696	-0.002133	0.007597	-0.023219	-0.019239	0.013340	0.001894	-0.009867	-0.025595	-0.003693	-0.019195	-0.007442	-0.022461	-0.016049	-0.039776	-0.011858	-0.020086	-0.003674	-0.001020	-0.011559	-0.017152	-0.003111	-0.017522	-0.031508	-0.010660	-0.049888	-0.006330	-0.011794	-0.031551	0.002173	-0.000559	0.012826	-0.008679	-0.010687	-0.004517	-0.011888	0.004339	-0.020110	0.009283	-0.002940	-0.017835	0.008802	-0.016322	0.024640	-0.022685	-0.011487	-0.028473	0.000248	0.004564	
-0.070210	-0.000303	-0.084071	0.000695	0.011051	-0.078888	-0.097383	-0.072195	-0.086998	-0.084874	-0.079405	-0.091351	0.002425	-0.092145	-0.090609	-0.083291	-0.003697	-0.079490	-0.080159	0.005472	0.850986	0.024064	0.018948	0.015744	-0.085547	-0.014474	0.035914	0.017909	-0.005013	0.001170	-0.087008	0.023643	-0.082089	0.033413	-0.075550	0.012042	0.037407	-0.079530	-0.080102	0.015082	-0.065165	0.018088	0.028280	0.020317	0.016704	0.020398	0.012142	-0.083140	0.020721	0.024975	-0.049024	-0.073160	0.022039	0.007944	0.024069	0.024686	0.022029	0.034755	-0.080654	0.031863	0.015082	0.016974	0.029197	0.006550	0.006687	-0.006115	0.023403	0.034189	0.011372	0.005078	0.015146	0.030599	0.021111	0.020496	0.024990	-0.020653	0.027152	-0.079718	0.030547	0.026710	0.016619	0.013865	0.009520	0.015304	-0.011291	0.021979	-0.080698	0.021499	-0.086284	0.004110	0.011739	0.018684	0.018739	0.021466	0.018753	0.024514	0.019116	0.021254	0.016246	0.022635	0.006537	-0.011134	0.029277	0.012504	0.032582	0.011202	0.024680	0.009351	0.020987	0.030048	0.012755	0.012979	
-0.077285	-0.010900	-0.094068	-0.006908	0.018476	-0.087324	-0.091605	-0.090212	-0.100845	-0.077889	-0.061029	-0.080106	-0.016663	-0.080531	-0.077313	-0.093281	-0.001048	-0.092538	-0.081181	0.004308	0.024064	0.851900	0.021451	0.021348	-0.080911	-0.012947	0.031132	0.036004	0.021967	-0.002150	-0.081669	0.031556	-0.084887	0.015029	-0.078911	0.004718	0.020120	-0.074321	-0.099508	0.018269	-0.069226	0.009816	0.014362	0.020053	0.008897	0.028969	0.018033	-0.057767	0.038752	0.018396	-0.070390	-0.069288	0.016883	0.018122	0.013908	0.021360	0.012862	0.026120	-0.078472	0.006023	0.012728	0.015295	0.017014	0.034181	0.027191	0.001892	0.030708	0.026444	0.004410	0.010253	0.034168	0.016317	0.021419	0.000812	0.008728	-0.017201	0.030803	-0.069558	0.020741	0.030003	0.012708	0.008412	0.038560	0.022940	-0.020949	0.026938	-0.065500	0.012150	-0.067754	0.039792	0.026405	0.022523	0.031784	0.015557	0.023883	0.004634	0.027929	0.014975	0.011811	0.013160	0.021574	-0.009499	0.013334	0.018263	0.037286	0.021665	0.008274	0.016948	0.026540	0.038912	0.005613	0.010768	
-0.072688	-0.009008	-0.082127	0.005611	0.023380	-0.081506	-0.081150	-0.076832	-0.084035	-0.087527	-0.072066	-0.078685	0.012178	-0.080080	-0.073872	-0.082270	-0.000857	-0.089755	-0.087252	0.009068	0.018948	0.021451	0.861171	0.019859	-0.074798	-0.013957	0.041160	0.010308	0.009062	0.023435	-0.073749	0.027054	-0.074651	0.013006	-0.074198	-0.013414	0.015052	-0.083350	-0.071823	0.022550	-0.076830	0.009550	0.018196	0.012342	0.022794	0.017796	0.029070	-0.066725	0.022838	0.006198	-0.065313	-0.068900	0.017761	0.009967	0.005073	0.034068	0.020927	0.021681	-0.063782	0.012284	0.031512	0.006588	0.018485	0.005474	0.013568	-0.023125	0.020645	0.003530	0.009033	0.016392	0.017960	0.007333	-0.002666	0.015850	0.025533	-0.021380	0.024507	-0.062251	0.030675	0.012557	0.015358	0.032647	0.015144	0.008421	-0.019390	0.005026	-0.068442	0.019693	-0.073131	0.008825	0.027258	0.012977	0.031359	0.018900	0.022542	0.001312	0.005822	0.015538	0.017048	0.036397	0.018937	0.009097	0.014197	0.033772	0.033466	0.004556	0.023986	0.017860	0.010550	0.024108	0.019882	0.028563	
-0.086423	-0.016753	-0.087832	-0.003709	0.029504	-0.084924	-0.092505	-0.093953	-0.080396	-0.073696	-0.050608	-0.078405	-0.012357	-0.086131	-0.079447	-0.093536	-0.005384	-0.084099	-0.083462	-0.015555	0.015744	0.021348	0.019859	0.863014	-0.076296	0.022030	0.027571	0.044331	-0.006735	0.001265	-0.089153	0.013505	-0.077233	0.002756	-0.082787	-0.005729	-0.000395	-0.092964	-0.086634	0.014757	-0.066224	0.016127	0.014689	0.014732	0.020303	0.054355	0.027914	-0.038090	0.069616	0.031349	-0.061509	-0.078898	0.020904	0.010653	0.008880	0.009117	0.009909	0.012748	-0.051700	0.001235	0.011571	-0.002806	0.019870	0.009372	0.042587	0.018439	0.011842	0.037472	0.012152	0.007947	0.014017	0.020980	0.011388	0.013775	0.011324	-0.042144	-0.007673	-0.072047	0.002489	0.001421	0.017780	0.021842	0.076748	0.055508	0.003579	0.072716	-0.089652	0.043451	-0.065201	0.017812	0.010526	0.029295	-0.000327	0.003719	0.008352	0.010580	0.009259	-0.000863	0.014051	0.036610	0.058336	0.036078	-0.002910	0.059545	0.002321	0.004562	0.001563	0.013095	0.009026	0.010805	0.007521	0.021765	
0.232086	-0.054753	0.268443	-0.046568	-0.087390	0.242783	0.269480	0.264347	0.262945	0.271838	0.194508	0.275879	-0.046479	0.270002	0.241765	0.263274	-0.056414	0.206105	0.263902	-0.046692	-0.085547	-0.080911	-0.074798	-0.076296	1.310199	-0.053763	-0.083547	-0.083840	-0.052773	-0.040948	0.271716	-0.073126	0.245765	-0.085099	0.256177	-0.052309	-0.067408	0.267417	0.269587	-0.100723	0.038367	-0.098508	-0.089266	-0.092825	-0.094687	-0.086922	-0.079074	0.041034	-0.088209	-0.087119	0.030611	0.028349	-0.103006	-0.090067	-0.091083	-0.091844	-0.103525	-0.099931	0.131190	-0.099286	-0.089916	-0.105863	-0.080705	-0.101946	-0.057961	-0.024457	-0.089006	-0.115787	-0.089364	-0.096451	-0.079879	-0.109429	-0.097375	-0.080720	-0.099012	-0.047175	-0.083949	0.027279	-0.098082	-0.089354	-0.093421	-0.092816	-0.079957	-0.089930	0.044513	-0.084719	0.024421	-0.066757	0.025542	-0.085895	-0.093397	-0.103790	-0.116544	-0.096485	-0.102243	-0.097971	-0.093175	-0.098478	-0.074741	-0.093721	-0.079350	-0.033078	-0.091548	-0.086036	-0.079416	-0.094737	-0.101066	-0.105515	-0.090268	-0.097537	-0.094274	-0.090327	
-0.055101	0.101609	-0.040544	0.085019	0.003721	-0.060244	-0.051002	-0.063566	-0.044717	-0.044796	-0.011148	-0.046466	0.095579	-0.053077	-0.036114	-0.051003	0.056018	-0.046189	-0.062637	0.079569	-0.014474	-0.012947	-0.013957	0.022030	-0.053763	0.941118	-0.015171	-0.000250	0.108596	0.083088	-0.045110	0.003796	-0.052933	-0.008721	-0.056851	0.095129	-0.009546	-0.054245	-0.046386	-0.006107	-0.047670	-0.017404	-0.003318	-0.020973	0.002043	0.018962	0.006335	-0.009190	0.030278	0.000433	-0.037399	-0.040771	-0.029599	-0.016138	-0.015210	-0.023563	-0.010311	-0.008862	-0.052168	-0.006468	-0.001313	-0.001016	-0.003692	-0.014681	0.015166	-0.015348	-0.011006	-0.026496	-0.017377	-0.010615	0.000443	-0.000902	0.000381	-0.006364	-0.006643	-0.036141	-0.023981	-0.061261	-0.018717	-0.015875	0.000633	-0.020425	0.025429	0.024613	0.046701	0.023507	-0.052703	0.027454	-0.049583	-0.006033	-0.017938	-0.006407	-0.041209	0.003497	-0.006137	-0.007909	-0.025567	-0.029079	-0.016402	-0.006289	0.000869	0.013575	-0.005252	0.024864	-0.003393	-0.017618	-0.020781	0.003422	-0.021979	-0.011848	-0.010154	-0.012472	
-0.084001	0.001453	-0.087521	-0.007385	0.030411	-0.090719	-0.084956	-0.079896	-0.081319	-0.076863	-0.068581	-0.074116	0.005111	-0.089900	-0.087479	-0.083303	-0.005501	-0.076742	-0.089513	-0.001595	0.035914	0.031132	0.041160	0.027571	-0.083547	-0.015171	0.843875	0.031215	-0.004883	0.004495	-0.085518	0.022392	-0.064757	0.023928	-0.080482	0.002175	0.013519	-0.078150	-0.096421	0.023190	-0.049314	0.014417	0.022161	0.019619	0.019894	0.005816	0.014869	-0.052458	0.023730	0.014508	-0.062934	-0.058776	0.026141	0.014793	0.017458	0.006477	0.010616	0.014582	-0.073309	0.019002	0.025659	0.004298	0.020525	0.013781	0.010113	-0.011462	0.012808	0.020267	0.013936	0.020618	0.026688	0.015821	0.007279	0.012694	0.017774	-0.020130	0.011832	-0.052515	0.020786	0.017120	0.026253	0.008433	0.023076	0.026026	-0.014209	0.041716	-0.058359	0.019731	-0.063230	0.012197	0.011365	0.006024	0.000515	0.002609	0.025404	0.009526	0.006771	0.026806	0.009515	0.026424	0.015657	0.002195	0.012411	0.029001	0.011231	0.025602	0.021240	0.019361	0.019879	0.019251	0.018975	0.007838	
-0.083465	-0.013741	-0.084431	0.000416	0.009693	-0.076237	-0.083491	-0.090807	-0.082232	-0.091039	-0.061750	-0.081100	-0.007214	-0.087855	-0.086401	-0.071817	0.006135	-0.082405	-0.084234	-0.016993	0.017909	0.036004	0.010308	0.044331	-0.083840	-0.000250	0.031215	0.902216	0.015399	-0.007672	-0.084839	0.021531	-0.084545	0.018021	-0.080174	-0.011038	0.022566	-0.084907	-0.082385	0.018402	-0.074183	0.007279	0.017625	0.002550	0.019334	0.046617	0.018388	-0.060398	0.028397	0.028505	-0.069602	-0.062785	0.003901	0.010259	0.015837	0.013246	0.017387	0.009594	-0.071646	0.025089	0.014574	0.013777	0.027474	0.015244	0.030380	0.001980	0.027300	-0.012280	0.008891	0.026752	0.010971	0.017924	0.012354	0.008286	0.024118	-0.025137	0.022256	-0.064151	0.017103	0.019399	0.014297	0.016147	0.028887	0.035562	-0.006404	0.023305	-0.066323	0.029617	-0.059399	0.023749	0.021757	0.010116	-0.008715	0.018444	0.023714	0.008418	-0.003340	0.008399	0.017203	0.026641	0.030935	0.020449	0.031223	0.036126	0.010839	0.007192	0.005996	0.021594	0.006582	0.025594	0.014878	0.013277	
-0.056871	0.069085	-0.047527	0.085178	0.004958	-0.051079	-0.062786	-0.059615	-0.048480	-0.054610	-0.002168	-0.048267	0.079817	-0.045756	-0.031015	-0.067443	0.071555	-0.052693	-0.042337	0.072212	-0.005013	0.021967	0.009062	-0.006735	-0.052773	0.108596	-0.004883	0.015399	0.946483	0.084640	-0.027485	0.010493	-0.051126	0.014147	-0.037157	0.061578	-0.009480	-0.034109	-0.059371	-0.016145	-0.060964	-0.011781	-0.006854	-0.000746	-0.000327	0.012315	0.002158	-0.022665	0.021941	0.013141	-0.051527	-0.049125	-0.026260	-0.008191	-0.018897	-0.006519	-0.020465	-0.014641	-0.055284	-0.031665	0.004149	-0.008749	-0.006810	-0.011681	0.020651	0.009596	-0.002203	-0.024418	-0.020819	-0.006463	-0.008668	-0.011365	-0.016810	-0.003570	-0.015094	-0.041578	-0.011204	-0.054426	-0.013069	-0.011518	-0.002307	-0.007879	0.008300	0.026874	-0.017372	0.016603	-0.052370	0.018662	-0.053029	0.002671	-0.001504	-0.009646	-0.004190	-0.011247	-0.006764	-0.024715	-0.021190	-0.009818	-0.003913	-0.000127	0.013724	0.019584	-0.013993	0.000890	-0.003185	-0.007853	-0.022929	0.001064	-0.009786	-0.020710	0.001608	-0.019977	
-0.040559	0.079536	-0.071934	0.080188	-0.003136	-0.068051	-0.054476	-0.055623	-0.043961	-0.056861	-0.040335	-0.042309	0.073064	-0.056301	-0.061165	-0.052113	0.089093	-0.037786	-0.061424	0.076664	0.001170	-0.002150	0.023435	0.001265	-0.040948	0.083088	0.004495	-0.007672	0.084640	0.931667	-0.053792	-0.008448	-0.049873	0.001371	-0.060029	0.090796	0.000732	-0.059839	-0.078419	-0.003279	-0.064533	0.002672	0.011294	0.010234	-0.006275	0.016336	-0.001008	-0.056999	-0.011131	0.002388	-0.053738	-0.045050	-0.007589	-0.003363	0.001419	-0.009891	-0.009072	-0.004732	-0.044523	-0.013288	-0.013253	0.004483	-0.000575	-0.021583	-0.000634	-0.028365	-0.003424	-0.018124	-0.001428	-0.017124	-0.010803	-0.010061	-0.000958	0.000568	0.003481	-0.032958	0.009435	-0.063704	0.008336	-0.009838	0.002789	0.007774	0.018117	0.016754	0.002282	0.010862	-0.046174	0.003036	-0.053132	-0.001253	0.006711	-0.007996	-0.000202	0.004881	-0.013270	-0.009150	-0.014168	-0.013969	-0.002974	0.010324	0.003801	0.021409	-0.009282	0.000914	-0.003700	-0.000085	-0.023311	-0.004126	-0.009537	-0.020986	-0.015685	-0.007921	
0.251345	-0.057466	0.252363	-0.051637	-0.080716	0.269963	0.273792	0.263176	0.241139	0.264907	0.194951	0.260544	-0.052600	0.263616	0.252473	0.266605	-0.057585	0.237938	0.285395	-0.036430	-0.087008	-0.081669	-0.073749	-0.089153	0.271716	-0.045110	-0.085518	-0.084839	-0.027485	-0.053792	1.300803	-0.083675	0.235768	-0.089858	0.246188	-0.048467	-0.086905	0.264118	0.302818	-0.095683	0.017782	-0.104444	-0.095449	-0.095463	-0.096297	-0.069605	-0.086078	0.054577	-0.091364	-0.068933	0.029608	0.018778	-0.113241	-0.078380	-0.095082	-0.085673	-0.098634	-0.100053	0.128950	-0.085394	-0.109342	-0.090024	-0.080928	-0.102811	-0.065780	-0.015400	-0.079167	-0.103815	-0.102406	-0.092103	-0.105476	-0.096861	-0.094437	-0.100577	-0.099304	-0.038463	-0.098105	0.017368	-0.096580	-0.101176	-0.089961	-0.106491	-0.077611	-0.076431	0.005233	-0.079541	0.017564	-0.066045	0.020906	-0.091893	-0.095915	-0.106790	-0.122632	-0.095248	-0.101048	-0.101479	-0.093498	-0.098879	-0.090617	-0.086930	-0.082881	0.002152	-0.094675	-0.068171	-0.088799	-0.091497	-0.098331	-0.105739	-0.084430	-0.098996	-0.084346	-0.085487	
-0.088399	-0.000532	-0.091464	0.014148	0.025909	-0.074721	-0.083457	-0.089767	-0.080794	-0.092611	-0.069383	-0.092135	-0.008760	-0.094176	-0.078438	-0.086356	-0.012271	-0.078532	-0.078347	-0.013732	0.023643	0.031556	0.027054	0.013505	-0.073126	0.003796	0.022392	0.021531	0.010493	-0.008448	-0.083675	0.879658	-0.077914	0.013957	-0.078404	-0.015844	0.023393	-0.089087	-0.086575	0.022215	-0.057452	0.018830	0.019104	0.033201	0.031196	0.033951	0.022541	-0.077351	0.041307	0.025768	-0.072855	-0.079259	0.035170	0.005283	0.012725	0.024190	0.023801	0.012500	-0.085450	0.024509	0.021794	0.026293	-0.001641	0.010105	0.012613	0.003174	0.016987	0.019590	0.012028	0.021210	0.004814	0.011409	0.036313	0.026795	0.020470	-0.039323	0.013018	-0.065458	0.016167	0.021045	0.022648	0.015051	0.026246	0.015454	0.009359	0.021717	-0.062610	0.022748	-0.066177	0.015311	0.021825	0.006867	0.017754	0.027817	0.021894	0.029234	0.024300	0.021597	0.026985	0.006780	0.008033	-0.011183	0.014040	0.025674	0.007203	0.008888	0.008501	0.016100	0.012532	0.015639	0.022027	0.006291	
0.253695	-0.036443	0.254656	-0.054792	-0.079689	0.239299	0.260693	0.225244	0.257883	0.257974	0.174965	0.272146	-0.044530	0.242054	0.214808	0.234658	-0.046509	0.225100	0.228030	-0.041979	-0.082089	-0.084887	-0.074651	-0.077233	0.245765	-0.052933	-0.064757	-0.084545	-0.051126	-0.049873	0.235768	-0.077914	1.291813	-0.079208	0.247501	-0.042103	-0.077369	0.272088	0.259210	-0.077570	0.027884	-0.088976	-0.094385	-0.100307	-0.097251	-0.076640	-0.094296	0.041696	-0.096626	-0.082273	0.029056	0.025171	-0.089572	-0.072922	-0.091445	-0.076603	-0.094334	-0.094460	0.123672	-0.095820	-0.087433	-0.088956	-0.077169	-0.099076	-0.065580	-0.008305	-0.075681	-0.093532	-0.094607	-0.079003	-0.101137	-0.092850	-0.086746	-0.093334	-0.083968	-0.031738	-0.101343	0.033096	-0.087166	-0.102291	-0.083231	-0.084449	-0.102292	-0.087335	0.024732	-0.087287	0.015783	-0.080368	0.023467	-0.080717	-0.090381	-0.091643	-0.083798	-0.077094	-0.084305	-0.098885	-0.089097	-0.088506	-0.090812	-0.091483	-0.062550	-0.030014	-0.081621	-0.078278	-0.089765	-0.094442	-0.099802	-0.109071	-0.098336	-0.093482	-0.072660	-0.085158	
-0.086078	-0.000315	-0.077978	0.001997	0.008164	-0.087789	-0.092423	-0.085113	-0.079546	-0.096775	-0.080244	-0.087189	0.015840	-0.085749	-0.077680	-0.083191	-0.007579	-0.080009	-0.079786	-0.014576	0.033413	0.015029	0.013006	0.002756	-0.085099	-0.008721	0.023928	0.018021	0.014147	0.001371	-0.089858	0.013957	-0.079208	0.857277	-0.069616	0.008911	0.025190	-0.085789	-0.076992	0.019372	-0.074304	0.026588	0.017957	0.031043	0.020658	0.015421	0.011773	-0.069318	0.025631	0.021522	-0.061184	-0.065331	0.024935	0.011103	0.017514	0.018141	0.021136	0.024049	-0.062458	0.024746	0.012514	0.008280	0.015750	0.035241	0.020395	-0.007787	0.031779	-0.007288	0.023331	0.014812	0.006186	0.019586	0.017721	0.015522	0.027306	-0.033621	0.018472	-0.066975	0.014670	0.021150	0.020677	0.024124	0.018497	0.021126	-0.019243	0.014109	-0.072071	0.017440	-0.068806	0.017518	0.008590	0.016180	0.038010	0.019268	0.021221	0.020743	0.023743	0.016485	0.017661	0.024795	0.001406	-0.007508	0.034610	0.022142	0.017339	0.022768	0.010754	0.021410	0.028614	0.020810	0.015725	0.019727	
0.225896	-0.050479	0.237403	-0.044986	-0.085764	0.251986	0.263969	0.265801	0.248137	0.255805	0.189760	0.254779	-0.047338	0.252936	0.222506	0.233995	-0.050076	0.219305	0.234856	-0.044012	-0.075550	-0.078911	-0.074198	-0.082787	0.256177	-0.056851	-0.080482	-0.080174	-0.037157	-0.060029	0.246188	-0.078404	0.247501	-0.069616	1.240689	-0.028812	-0.080803	0.253587	0.259399	-0.082895	0.007919	-0.089634	-0.100470	-0.080903	-0.086994	-0.081106	-0.073750	0.032421	-0.089567	-0.087916	0.010613	0.014410	-0.101987	-0.085761	-0.069622	-0.082724	-0.093194	-0.098356	0.115813	-0.095234	-0.095699	-0.089906	-0.072998	-0.084635	-0.068270	-0.026183	-0.080978	-0.089924	-0.092988	-0.083293	-0.083108	-0.080024	-0.092723	-0.096373	-0.096578	-0.038919	-0.104164	0.031120	-0.092500	-0.086218	-0.088014	-0.092808	-0.081112	-0.068541	0.000184	-0.081173	0.026524	-0.076915	0.018851	-0.091504	-0.094324	-0.082082	-0.086086	-0.089542	-0.095096	-0.097235	-0.087954	-0.085285	-0.081959	-0.084160	-0.071820	-0.042287	-0.085297	-0.080010	-0.093038	-0.085639	-0.085059	-0.090239	-0.077937	-0.092125	-0.075739	-0.069360	
-0.063546	0.098931	-0.045830	0.072553	0.010125	-0.051374	-0.057421	-0.047932	-0.041651	-0.046567	-0.024646	-0.048154	0.092900	-0.037113	-0.074013	-0.054642	0.089735	-0.042461	-0.059869	0.074449	0.012042	0.004718	-0.013414	-0.005729	-0.052309	0.095129	0.002175	-0.011038	0.061578	0.090796	-0.048467	-0.015844	-0.042103	0.008911	-0.028812	0.923467	0.000422	-0.065939	-0.065025	-0.000996	-0.054240	-0.002202	-0.007026	-0.007487	-0.018839	-0.011056	0.013675	-0.061890	-0.010781	0.002365	-0.050446	-0.051552	-0.031049	0.013548	-0.017765	-0.003108	-0.004557	-0.009129	-0.023742	-0.001530	0.003438	-0.007504	-0.005733	-0.004450	0.009790	-0.029516	-0.009670	-0.017434	0.006049	-0.016483	0.005436	0.007758	-0.003930	-0.004780	-0.001412	-0.019383	-0.021505	-0.066082	-0.004128	-0.002335	0.007481	-0.010375	-0.006010	-0.000677	0.002179	-0.003344	-0.043579	-0.008636	-0.056684	0.004831	0.000712	-0.015136	-0.002164	0.004803	0.004950	0.001422	-0.008335	0.001100	-0.016006	-0.000671	0.010086	0.003155	-0.008365	-0.003387	-0.012512	0.007522	-0.023959	-0.017553	-0.020017	-0.005353	-0.005404	-0.006248	
-0.076978	0.003284	-0.082452	0.006347	0.024789	-0.074609	-0.093370	-0.067696	-0.078059	-0.081595	-0.071812	-0.090926	0.010441	-0.080783	-0.067580	-0.087582	0.011214	-0.057685	-0.093634	0.003754	0.037407	0.020120	0.015052	-0.000395	-0.067408	-0.009546	0.013519	0.022566	-0.009480	0.000732	-0.086905	0.023393	-0.077369	0.025190	-0.080803	0.000422	0.858571	-0.076125	-0.084841	0.032769	-0.060890	0.016036	0.025108	0.033290	-0.001964	0.005101	0.007966	-0.054247	0.008879	0.016071	-0.056907	-0.054058	0.011611	0.006365	0.019136	0.008213	0.013556	0.018283	-0.072007	0.013202	0.018074	0.016845	0.010416	0.016779	0.002690	-0.022917	0.032415	0.018222	0.023012	0.022804	0.009759	0.020507	0.028510	0.013108	0.009909	-0.042950	-0.008385	-0.059579	0.008087	0.013020	0.020499	0.017045	-0.001905	0.009001	-0.013813	0.039166	-0.041281	0.008232	-0.058605	0.027537	0.016688	0.036198	0.008559	0.021656	0.015216	0.022744	0.025079	0.015302	0.009000	0.015824	0.030278	-0.010988	0.022331	0.019462	0.033414	0.010526	0.027047	0.010802	0.014386	0.022800	0.014422	0.004858	
