0.000000	0.293583	0.241887	0.297616	0.304574	0.249295	0.247723	0.247186	0.245078	0.243200	0.258389	0.244081	0.294040	0.241635	0.244398	0.239674	0.299769	0.247749	0.250362	0.294482	0.299831	0.300969	0.302038	0.309336	0.251716	0.300199	0.303096	0.306625	0.302281	0.294016	0.244793	0.306709	0.242645	0.304937	0.246196	0.299231	0.302489	0.249261	0.244650	0.310001	0.296392	0.308475	0.312646	0.310502	0.311085	0.308913	0.304916	0.298385	0.311697	0.303878	0.300419	0.302750	0.318110	0.309426	0.311793	0.310142	0.317587	0.315515	0.275573	0.314864	0.311774	0.307537	0.303654	0.311652	0.299082	0.293926	0.301285	0.318545	0.314756	0.307776	0.311053	0.314878	0.316914	0.308909	0.312141	0.305142	0.308353	0.296903	0.311258	0.311230	0.311888	0.314654	0.307555	0.305873	0.288676	0.308251	0.300970	0.307481	0.300359	0.304313	0.309829	0.317349	0.318566	0.306766	0.312779	0.312218	0.313406	0.313659	0.310512	0.306444	0.308086	0.296330	0.310964	0.308335	0.309452	0.307873	0.317599	0.313121	0.313199	0.310418	0.302917	0.310140	
0.293583	0.000000	0.293612	0.227231	0.250759	0.302207	0.295734	0.298517	0.296699	0.291892	0.286124	0.292993	0.224904	0.294407	0.290665	0.290356	0.226292	0.293160	0.298026	0.226950	0.245787	0.249928	0.251027	0.255158	0.299569	0.226640	0.247125	0.254443	0.234109	0.229158	0.299682	0.248904	0.289084	0.246452	0.290846	0.223280	0.247332	0.296473	0.300202	0.251461	0.284179	0.251322	0.251901	0.252115	0.248381	0.249229	0.249293	0.289715	0.257267	0.245451	0.282874	0.290492	0.261855	0.253539	0.251221	0.257173	0.248102	0.255927	0.293568	0.252113	0.248004	0.253892	0.250152	0.250613	0.248246	0.266994	0.253232	0.257030	0.258859	0.250144	0.255348	0.249569	0.256920	0.251655	0.253973	0.270819	0.252173	0.288044	0.254624	0.256985	0.252139	0.253228	0.253656	0.249868	0.259516	0.253501	0.290954	0.246834	0.291923	0.248896	0.255033	0.257311	0.255161	0.251258	0.245469	0.250496	0.257711	0.253492	0.256082	0.245788	0.257411	0.257542	0.255122	0.251953	0.248661	0.253631	0.259105	0.249873	0.252262	0.251884	0.248693	0.253270	
0.241887	0.293612	0.000000	0.292065	0.303165	0.248276	0.240266	0.242405	0.250071	0.243490	0.257369	0.240000	0.290957	0.234709	0.238912	0.240929	0.292163	0.238786	0.241127	0.287904	0.301266	0.303422	0.303296	0.305235	0.238628	0.291844	0.301382	0.304151	0.293938	0.298663	0.240498	0.304616	0.239018	0.298418	0.241635	0.293027	0.302339	0.241536	0.237141	0.306552	0.292992	0.310441	0.305175	0.306141	0.305102	0.299088	0.303660	0.290130	0.310874	0.298034	0.293360	0.295242	0.312334	0.308241	0.310452	0.307867	0.309034	0.309597	0.276815	0.308317	0.307183	0.303594	0.300792	0.312875	0.293972	0.291354	0.298041	0.310888	0.311474	0.307453	0.306702	0.306143	0.311103	0.307242	0.307612	0.307930	0.304973	0.297037	0.313275	0.310273	0.310599	0.306649	0.304322	0.304804	0.302142	0.303460	0.295015	0.302456	0.295832	0.308401	0.310931	0.307734	0.317928	0.306643	0.304337	0.310428	0.311171	0.309612	0.307510	0.299986	0.300490	0.298379	0.304676	0.304340	0.303808	0.302702	0.308739	0.309285	0.308516	0.305117	0.304791	0.308507	
0.297616	0.227231	0.292065	0.000000	0.250070	0.297714	0.292681	0.299264	0.294753	0.298618	0.284186	0.294444	0.228260	0.293071	0.297962	0.290218	0.231008	0.295203	0.294942	0.229080	0.246380	0.247386	0.246507	0.252034	0.292756	0.228629	0.247574	0.251027	0.227071	0.229067	0.296552	0.242775	0.293052	0.247368	0.288005	0.229418	0.243847	0.302199	0.298164	0.246489	0.283436	0.250335	0.252290	0.249567	0.249153	0.247392	0.244078	0.285998	0.247866	0.246697	0.285232	0.293758	0.254237	0.250654	0.249132	0.254581	0.251963	0.256686	0.297088	0.253437	0.245481	0.253388	0.249593	0.250606	0.248140	0.263191	0.243295	0.261698	0.254329	0.254983	0.254677	0.251046	0.256906	0.250615	0.253455	0.270981	0.250202	0.286939	0.250873	0.254061	0.253965	0.255750	0.252158	0.251634	0.269362	0.248351	0.288610	0.249032	0.285913	0.245004	0.248863	0.250026	0.260549	0.248123	0.243533	0.252763	0.257911	0.254652	0.248250	0.251179	0.254598	0.251170	0.249754	0.249463	0.250696	0.250019	0.257964	0.247194	0.253031	0.250539	0.244073	0.252164	
0.304574	0.250759	0.303165	0.250070	0.000000	0.310276	0.306961	0.308011	0.304581	0.301061	0.293853	0.300843	0.248137	0.301749	0.294558	0.299769	0.252632	0.303634	0.303806	0.244115	0.238123	0.236328	0.235622	0.236396	0.303314	0.246942	0.232007	0.242736	0.248052	0.248180	0.303460	0.235142	0.298480	0.241737	0.300456	0.243291	0.235149	0.311384	0.307917	0.236672	0.285725	0.241583	0.243446	0.239778	0.241206	0.232099	0.235594	0.286370	0.234044	0.231736	0.290317	0.293779	0.242749	0.241992	0.245058	0.243712	0.243308	0.242917	0.301583	0.241082	0.240511	0.241119	0.239062	0.240753	0.238526	0.257956	0.232972	0.252106	0.245186	0.238359	0.238716	0.244479	0.243316	0.238644	0.240761	0.267585	0.239649	0.288878	0.239294	0.242613	0.241391	0.247937	0.231916	0.231772	0.259490	0.232768	0.290218	0.234701	0.292120	0.242298	0.233131	0.241408	0.243353	0.243825	0.236094	0.245263	0.241695	0.240162	0.240209	0.237096	0.245749	0.247845	0.241404	0.235556	0.238057	0.238117	0.245879	0.234654	0.244717	0.238548	0.232685	0.240176	
0.249295	0.302207	0.248276	0.297714	0.310276	0.000000	0.245500	0.251338	0.250304	0.248231	0.267654	0.251591	0.294418	0.244051	0.243163	0.245448	0.300733	0.248491	0.250036	0.299865	0.301982	0.307183	0.304220	0.308516	0.252466	0.304080	0.307186	0.307769	0.299001	0.303300	0.245953	0.304567	0.246899	0.304565	0.243659	0.298641	0.301683	0.249082	0.247134	0.307826	0.291850	0.306659	0.317560	0.307704	0.310575	0.306624	0.307036	0.298358	0.314529	0.305607	0.301514	0.299120	0.311956	0.310859	0.308864	0.313439	0.319775	0.310983	0.273509	0.318455	0.311622	0.308060	0.308102	0.310902	0.306425	0.289780	0.302144	0.315308	0.314998	0.306221	0.311981	0.315698	0.312946	0.310532	0.310727	0.307772	0.311735	0.298328	0.313600	0.311625	0.315457	0.310090	0.306982	0.309648	0.276081	0.307211	0.295688	0.307767	0.295987	0.312666	0.308910	0.311966	0.308781	0.309654	0.309957	0.313332	0.314651	0.313164	0.307858	0.307117	0.315626	0.305097	0.311383	0.310502	0.317334	0.307181	0.318349	0.314831	0.315854	0.308112	0.305712	0.309481	
0.247723	0.295734	0.240266	0.292681	0.306961	0.245500	0.000000	0.246285	0.250277	0.248483	0.258928	0.239293	0.290206	0.239183	0.243606	0.236406	0.293294	0.247791	0.250537	0.293078	0.308689	0.307528	0.302896	0.309359	0.243548	0.298746	0.305549	0.306530	0.302603	0.299268	0.237677	0.304546	0.240760	0.305600	0.242120	0.298079	0.306224	0.249758	0.240987	0.309762	0.295119	0.309337	0.314866	0.312136	0.312622	0.307875	0.308376	0.294715	0.316213	0.307082	0.300442	0.298347	0.317618	0.314522	0.310014	0.313888	0.313241	0.315467	0.274467	0.311143	0.307101	0.304552	0.303705	0.307848	0.299451	0.297862	0.306599	0.315839	0.313697	0.305051	0.312186	0.309628	0.308661	0.307942	0.307316	0.311235	0.306879	0.295970	0.313885	0.311881	0.311483	0.317266	0.313480	0.308053	0.296244	0.303531	0.296428	0.304067	0.299868	0.313259	0.305603	0.321659	0.312828	0.313371	0.312613	0.316787	0.310101	0.312627	0.310158	0.308190	0.318823	0.298789	0.308100	0.311499	0.320665	0.307008	0.306195	0.310710	0.313522	0.309867	0.304841	0.313147	
0.247186	0.298517	0.242405	0.299264	0.308011	0.251338	0.246285	0.000000	0.245430	0.242963	0.266002	0.241035	0.297581	0.239869	0.244485	0.241547	0.296621	0.244970	0.243308	0.289545	0.300450	0.306518	0.303493	0.310734	0.244958	0.304898	0.302642	0.309101	0.302781	0.302065	0.244778	0.308319	0.249874	0.304094	0.239696	0.294714	0.297812	0.242746	0.242286	0.307445	0.297329	0.312198	0.314206	0.309122	0.308672	0.309938	0.307555	0.302651	0.313677	0.301446	0.294332	0.300626	0.317754	0.310783	0.308653	0.312133	0.313659	0.315892	0.279674	0.309295	0.311233	0.310154	0.303840	0.309714	0.303413	0.305224	0.302397	0.320085	0.310126	0.306112	0.309859	0.313478	0.313229	0.306889	0.312320	0.302724	0.307127	0.294874	0.310184	0.314713	0.308658	0.309600	0.306847	0.309292	0.299333	0.312887	0.296210	0.302836	0.301181	0.309726	0.307627	0.316011	0.317859	0.312470	0.306512	0.313696	0.314547	0.311313	0.310966	0.304095	0.312374	0.302867	0.308024	0.314908	0.301946	0.303528	0.311322	0.313328	0.312648	0.303277	0.303935	0.304620	
0.245078	0.296699	0.250071	0.294753	0.304581	0.250304	0.250277	0.245430	0.000000	0.251292	0.258307	0.237102	0.297046	0.247860	0.240064	0.246246	0.296659	0.244635	0.247398	0.295758	0.302414	0.307214	0.305949	0.303121	0.241431	0.297021	0.302589	0.305747	0.298092	0.295664	0.247522	0.302895	0.242899	0.300223	0.241726	0.292967	0.302455	0.248078	0.240303	0.309400	0.291501	0.309845	0.311193	0.311996	0.304877	0.303066	0.303828	0.293051	0.308212	0.301394	0.296973	0.296056	0.315884	0.309217	0.312733	0.309391	0.310567	0.312469	0.274102	0.305830	0.309858	0.313510	0.304785	0.307539	0.293836	0.290419	0.301751	0.311226	0.311936	0.306313	0.309028	0.311279	0.309467	0.308119	0.305989	0.310611	0.303480	0.295763	0.308733	0.313908	0.312928	0.312395	0.300514	0.305831	0.284543	0.303737	0.291322	0.300735	0.295339	0.305781	0.308478	0.317084	0.309301	0.308295	0.310322	0.310987	0.312239	0.309715	0.305138	0.298927	0.304760	0.293114	0.304898	0.306932	0.306259	0.304621	0.318136	0.310018	0.308843	0.309511	0.301685	0.312969	
0.243200	0.291892	0.243490	0.298618	0.301061	0.248231	0.248483	0.242963	0.251292	0.000000	0.264284	0.241662	0.293898	0.244553	0.242997	0.242008	0.295540	0.251356	0.250108	0.296682	0.303644	0.301220	0.305985	0.300962	0.242061	0.294701	0.301068	0.309409	0.298273	0.299857	0.242310	0.306042	0.245558	0.306636	0.243091	0.295371	0.300629	0.245806	0.244544	0.309124	0.288894	0.309321	0.311395	0.311972	0.306954	0.301103	0.298659	0.295079	0.306999	0.298130	0.296155	0.297910	0.315049	0.308315	0.312645	0.311750	0.313836	0.318829	0.278413	0.309792	0.309934	0.310647	0.302594	0.306359	0.297064	0.291019	0.300413	0.318670	0.312844	0.305658	0.305781	0.312282	0.314329	0.306052	0.315694	0.306031	0.310063	0.295533	0.311058	0.313745	0.314146	0.317814	0.304827	0.306460	0.301618	0.301713	0.296922	0.299605	0.297162	0.306007	0.309835	0.315699	0.317846	0.311733	0.307414	0.310301	0.311831	0.305767	0.305493	0.304637	0.300557	0.298261	0.306302	0.306735	0.309643	0.304887	0.316146	0.315065	0.314686	0.305553	0.298579	0.314601	
0.258389	0.286124	0.257369	0.284186	0.293853	0.267654	0.258928	0.266002	0.258307	0.264284	0.000000	0.252719	0.288128	0.264564	0.250535	0.259094	0.265222	0.254826	0.250000	0.282476	0.296583	0.286820	0.293641	0.281826	0.251037	0.278584	0.291899	0.295149	0.279507	0.287550	0.254389	0.291640	0.258212	0.296074	0.254670	0.281379	0.293879	0.263997	0.253707	0.302378	0.284281	0.300436	0.299020	0.292909	0.298370	0.286171	0.290749	0.283270	0.284506	0.289182	0.297264	0.293684	0.302370	0.296929	0.300437	0.304247	0.304653	0.300725	0.273732	0.300158	0.291395	0.300289	0.290726	0.298427	0.266656	0.285575	0.292125	0.303705	0.298701	0.297991	0.301471	0.296658	0.297387	0.297620	0.301147	0.298972	0.298968	0.290131	0.294050	0.300608	0.292339	0.301559	0.280190	0.295145	0.291488	0.278789	0.299476	0.279277	0.290654	0.288649	0.296058	0.301350	0.304309	0.293330	0.290929	0.297584	0.306829	0.303547	0.296426	0.293084	0.283060	0.275998	0.302787	0.280612	0.301537	0.289707	0.300038	0.300710	0.300799	0.297488	0.295661	0.297900	
0.244081	0.292993	0.240000	0.294444	0.300843	0.251591	0.239293	0.241035	0.237102	0.241662	0.252719	0.000000	0.294209	0.237557	0.239214	0.238749	0.292218	0.243241	0.242158	0.285433	0.302516	0.298643	0.299124	0.299930	0.236057	0.291720	0.296494	0.304439	0.292997	0.291495	0.239399	0.304646	0.236896	0.301396	0.237471	0.291285	0.302494	0.248155	0.237973	0.303702	0.295928	0.307058	0.307073	0.305696	0.304967	0.299028	0.297769	0.292338	0.306021	0.298058	0.295182	0.300602	0.310602	0.305133	0.307625	0.301323	0.311499	0.313396	0.272132	0.307101	0.305930	0.307652	0.299645	0.304545	0.296941	0.284993	0.298100	0.319767	0.312938	0.303501	0.306169	0.310392	0.311279	0.304986	0.310735	0.304702	0.307523	0.297291	0.302548	0.310640	0.303335	0.311086	0.301491	0.302740	0.290271	0.298263	0.297172	0.298261	0.295947	0.306422	0.304869	0.309255	0.315079	0.308901	0.306427	0.309171	0.312748	0.309066	0.306337	0.299792	0.302576	0.292391	0.305080	0.296690	0.301975	0.300683	0.312629	0.307406	0.305780	0.304672	0.303726	0.306739	
0.294040	0.224904	0.290957	0.228260	0.248137	0.294418	0.290206	0.297581	0.297046	0.293898	0.288128	0.294209	0.000000	0.290618	0.294589	0.294664	0.222737	0.286924	0.293383	0.225205	0.245562	0.249402	0.242087	0.254780	0.294997	0.229064	0.245015	0.251162	0.230248	0.230161	0.296524	0.248889	0.287863	0.242815	0.290131	0.224856	0.241612	0.295493	0.291706	0.249726	0.284550	0.253872	0.253637	0.252281	0.243650	0.253801	0.244027	0.289953	0.255982	0.248742	0.283132	0.292762	0.254881	0.254395	0.247342	0.251400	0.258036	0.252599	0.294645	0.256453	0.244019	0.246354	0.250527	0.252466	0.251605	0.262620	0.246089	0.255464	0.254700	0.253783	0.250784	0.247434	0.249818	0.251914	0.249048	0.274852	0.248938	0.290239	0.249281	0.254700	0.253380	0.252756	0.255241	0.250421	0.264338	0.256273	0.289153	0.251099	0.288906	0.245212	0.248267	0.255804	0.259921	0.249575	0.248493	0.250701	0.257960	0.253048	0.253011	0.250107	0.254327	0.264125	0.251696	0.257934	0.248949	0.250591	0.257582	0.251612	0.250776	0.252214	0.247764	0.253375	
0.241635	0.294407	0.234709	0.293071	0.301749	0.244051	0.239183	0.239869	0.247860	0.244553	0.264564	0.237557	0.290618	0.000000	0.237671	0.245838	0.292918	0.240841	0.243996	0.286646	0.304626	0.300340	0.303300	0.306890	0.241629	0.296261	0.303592	0.307747	0.297478	0.299219	0.243789	0.307181	0.247992	0.304544	0.241828	0.291523	0.300536	0.249095	0.243500	0.311142	0.291978	0.311827	0.312248	0.309584	0.305455	0.310033	0.303791	0.298391	0.308387	0.307456	0.296296	0.300567	0.318139	0.311142	0.311519	0.314192	0.312351	0.319305	0.279920	0.312967	0.308719	0.310138	0.304024	0.311957	0.298710	0.301278	0.299071	0.314565	0.317194	0.307003	0.309396	0.313388	0.312586	0.306989	0.313533	0.301942	0.308457	0.291185	0.310305	0.315011	0.308669	0.314065	0.306350	0.311735	0.289298	0.306463	0.298129	0.309025	0.297734	0.310186	0.309121	0.311003	0.314686	0.306852	0.307191	0.307830	0.311896	0.313018	0.307108	0.301220	0.307346	0.301275	0.311327	0.313137	0.300654	0.306060	0.323205	0.314946	0.313290	0.307499	0.301206	0.306565	
0.244398	0.290665	0.238912	0.297962	0.294558	0.243163	0.243606	0.244485	0.240064	0.242997	0.250535	0.239214	0.294589	0.237671	0.000000	0.234283	0.295844	0.241282	0.241679	0.288013	0.303292	0.298198	0.299402	0.298154	0.240489	0.289913	0.300378	0.302209	0.288587	0.296132	0.242973	0.298132	0.245063	0.297696	0.245332	0.300337	0.294742	0.249011	0.239820	0.305726	0.289652	0.304257	0.307233	0.310050	0.306438	0.296443	0.297977	0.290326	0.307351	0.297486	0.295318	0.292066	0.305206	0.307586	0.304622	0.313180	0.313323	0.309935	0.272957	0.304994	0.298506	0.303715	0.297978	0.304653	0.292502	0.293914	0.295084	0.304672	0.312949	0.299850	0.303696	0.311057	0.312057	0.302961	0.302363	0.301357	0.294973	0.292363	0.299727	0.312462	0.307164	0.302640	0.295406	0.297092	0.289608	0.299340	0.295005	0.295394	0.290680	0.306903	0.302443	0.312428	0.302241	0.303281	0.303105	0.306735	0.305495	0.305280	0.309247	0.298658	0.298801	0.299526	0.310078	0.302386	0.304893	0.302897	0.312207	0.305741	0.310970	0.303873	0.297488	0.308322	
0.239674	0.290356	0.240929	0.290218	0.299769	0.245448	0.236406	0.241547	0.246246	0.242008	0.259094	0.238749	0.294664	0.245838	0.234283	0.000000	0.291060	0.245004	0.242495	0.289544	0.301514	0.305242	0.301860	0.305891	0.242155	0.296290	0.301754	0.300930	0.300669	0.295740	0.237619	0.301780	0.244428	0.302106	0.242498	0.294516	0.300784	0.245981	0.234053	0.306631	0.294066	0.303668	0.305301	0.306950	0.308681	0.299910	0.302644	0.293885	0.303221	0.303693	0.301139	0.298340	0.316709	0.309686	0.309835	0.308222	0.312889	0.309712	0.271666	0.312850	0.305104	0.313121	0.305716	0.307626	0.300652	0.290451	0.300816	0.316627	0.312009	0.303781	0.310274	0.307674	0.309166	0.308712	0.309986	0.300403	0.302333	0.292465	0.304061	0.307641	0.308738	0.314924	0.303356	0.305076	0.294194	0.300219	0.295481	0.302404	0.298865	0.305039	0.307517	0.312711	0.314448	0.305112	0.302970	0.307392	0.311899	0.310215	0.308002	0.304816	0.301359	0.295222	0.306954	0.309118	0.304032	0.303505	0.315402	0.309012	0.308029	0.301595	0.300756	0.304003	
0.299769	0.226292	0.292163	0.231008	0.252632	0.300733	0.293294	0.296621	0.296659	0.295540	0.265222	0.292218	0.222737	0.292918	0.295844	0.291060	0.000000	0.285413	0.293800	0.230808	0.247652	0.247676	0.249048	0.253332	0.298087	0.239701	0.247474	0.248361	0.234748	0.227366	0.299271	0.250990	0.292212	0.251621	0.291135	0.227832	0.243841	0.298018	0.292171	0.254688	0.281269	0.256138	0.257462	0.251923	0.253185	0.251671	0.246867	0.293852	0.255354	0.250496	0.287697	0.288873	0.261087	0.258165	0.254886	0.252284	0.256676	0.255013	0.299000	0.255667	0.249361	0.253558	0.248917	0.254822	0.243162	0.260142	0.245908	0.268431	0.251816	0.253637	0.250664	0.255079	0.259416	0.254258	0.252497	0.269521	0.253687	0.289755	0.248715	0.253105	0.248591	0.254920	0.254022	0.257720	0.258599	0.252214	0.286706	0.250000	0.289154	0.254669	0.249329	0.258716	0.254119	0.247488	0.248838	0.253029	0.258628	0.251339	0.249785	0.252036	0.247505	0.256529	0.248666	0.260976	0.252921	0.253285	0.258868	0.252921	0.255994	0.253596	0.247097	0.248377	
0.247749	0.293160	0.238786	0.295203	0.303634	0.248491	0.247791	0.244970	0.244635	0.251356	0.254826	0.243241	0.286924	0.240841	0.241282	0.245004	0.285413	0.000000	0.246385	0.284582	0.300174	0.305182	0.302980	0.302998	0.252709	0.294823	0.298121	0.302583	0.297952	0.292062	0.247969	0.301031	0.245799	0.298360	0.247245	0.287287	0.290885	0.245257	0.246201	0.302063	0.292469	0.305008	0.308346	0.307129	0.303680	0.303043	0.300473	0.294888	0.308470	0.299387	0.296506	0.300943	0.309020	0.308920	0.300449	0.306568	0.310881	0.308932	0.280403	0.306781	0.300751	0.305332	0.297882	0.305157	0.293938	0.278565	0.300980	0.310887	0.308646	0.306478	0.308424	0.307375	0.304844	0.301163	0.306458	0.301078	0.306564	0.290740	0.308232	0.305877	0.306735	0.309548	0.302093	0.308943	0.295986	0.301476	0.294795	0.301597	0.296534	0.302964	0.301271	0.310162	0.311336	0.304193	0.304981	0.308098	0.309256	0.304087	0.302776	0.300062	0.296214	0.287763	0.305467	0.306127	0.301846	0.301287	0.310845	0.308225	0.304340	0.303426	0.297013	0.307310	
0.250362	0.298026	0.241127	0.294942	0.303806	0.250036	0.250537	0.243308	0.247398	0.250108	0.250000	0.242158	0.293383	0.243996	0.241679	0.242495	0.293800	0.246385	0.000000	0.285412	0.300264	0.301354	0.305314	0.305394	0.244935	0.301800	0.303768	0.304422	0.296784	0.299085	0.239005	0.303082	0.247026	0.299659	0.244051	0.295264	0.306172	0.248457	0.248989	0.307681	0.292265	0.306624	0.310521	0.309504	0.305944	0.303548	0.302359	0.296428	0.314737	0.307341	0.292737	0.297549	0.316703	0.311985	0.304477	0.312754	0.314591	0.310138	0.277331	0.313820	0.309236	0.309083	0.302882	0.311530	0.298849	0.288913	0.299537	0.316760	0.312948	0.305219	0.308827	0.314218	0.309782	0.310424	0.312209	0.301278	0.303450	0.297044	0.311949	0.312034	0.312972	0.310157	0.307556	0.307984	0.292357	0.301153	0.299730	0.307066	0.295894	0.308923	0.309097	0.310815	0.303932	0.311113	0.305398	0.310276	0.315287	0.312948	0.306711	0.304093	0.304160	0.296512	0.309005	0.307544	0.311111	0.302209	0.313965	0.311822	0.305578	0.307745	0.300519	0.305461	
0.294482	0.226950	0.287904	0.229080	0.244115	0.299865	0.293078	0.289545	0.295758	0.296682	0.282476	0.285433	0.225205	0.286646	0.288013	0.289544	0.230808	0.284582	0.285412	0.000000	0.245281	0.245064	0.247596	0.254740	0.293611	0.230098	0.246016	0.257310	0.232554	0.229497	0.290364	0.252468	0.289307	0.249746	0.287361	0.229358	0.243997	0.295935	0.288580	0.255416	0.284896	0.254407	0.255380	0.252413	0.254129	0.250953	0.246908	0.288902	0.257054	0.253783	0.283170	0.289582	0.260275	0.255344	0.249895	0.259591	0.252848	0.257330	0.295166	0.252580	0.244229	0.252157	0.250923	0.254111	0.245141	0.252355	0.251746	0.261928	0.249407	0.248102	0.255360	0.259982	0.254422	0.255321	0.254940	0.271119	0.254785	0.285991	0.254766	0.257482	0.250980	0.255414	0.252139	0.253442	0.269530	0.253965	0.283373	0.248746	0.289302	0.250125	0.251230	0.257503	0.255014	0.247838	0.243692	0.256268	0.255100	0.253882	0.256376	0.245574	0.263955	0.255583	0.250688	0.254393	0.251505	0.253348	0.245127	0.259266	0.253553	0.256208	0.248882	0.248331	
0.299831	0.245787	0.301266	0.246380	0.238123	0.301982	0.308689	0.300450	0.302414	0.303644	0.296583	0.302516	0.245562	0.304626	0.303292	0.301514	0.247652	0.300174	0.300264	0.245281	0.000000	0.232892	0.237219	0.240147	0.300902	0.251647	0.230294	0.240557	0.249667	0.246062	0.302946	0.233643	0.298717	0.232227	0.296422	0.238675	0.226408	0.303942	0.302073	0.240047	0.287226	0.235149	0.238471	0.236196	0.236317	0.236131	0.235727	0.295578	0.238990	0.234882	0.283085	0.293999	0.238269	0.243498	0.237012	0.242168	0.238036	0.235981	0.308704	0.237809	0.238470	0.239577	0.233663	0.238933	0.237414	0.253774	0.233974	0.240801	0.242776	0.240508	0.240898	0.240730	0.240380	0.236997	0.236757	0.264172	0.234763	0.295663	0.236154	0.239162	0.239671	0.243090	0.238930	0.239613	0.261066	0.232118	0.293208	0.234321	0.295829	0.241269	0.240670	0.238378	0.243247	0.237201	0.235908	0.240670	0.241168	0.239690	0.239113	0.233367	0.245455	0.255316	0.235328	0.242677	0.238537	0.239034	0.245051	0.242895	0.239034	0.233269	0.236453	0.240533	
0.300969	0.249928	0.303422	0.247386	0.236328	0.307183	0.307528	0.306518	0.307214	0.301220	0.286820	0.298643	0.249402	0.300340	0.298198	0.305242	0.247676	0.305182	0.301354	0.245064	0.232892	0.000000	0.235570	0.237364	0.302187	0.250452	0.229612	0.232791	0.240717	0.246154	0.301638	0.231796	0.299813	0.236039	0.296122	0.242707	0.235016	0.302189	0.308263	0.239902	0.289392	0.240097	0.239884	0.237504	0.240281	0.232840	0.235627	0.287713	0.231896	0.234661	0.293443	0.292491	0.240154	0.242094	0.239141	0.242143	0.242791	0.239186	0.306924	0.245508	0.238760	0.241476	0.234927	0.234267	0.233903	0.249360	0.227087	0.245474	0.243513	0.241474	0.235817	0.243398	0.239980	0.243026	0.241990	0.263198	0.232532	0.292904	0.237335	0.237435	0.241062	0.246447	0.227953	0.233115	0.253392	0.231730	0.290169	0.235863	0.289236	0.229328	0.234825	0.235965	0.238482	0.234740	0.235625	0.246584	0.238843	0.241941	0.238429	0.237468	0.235348	0.248703	0.239383	0.239453	0.232814	0.236331	0.245780	0.239285	0.237123	0.231348	0.237755	0.242571	
0.302038	0.251027	0.303296	0.246507	0.235622	0.304220	0.302896	0.303493	0.305949	0.305985	0.293641	0.299124	0.242087	0.303300	0.299402	0.301860	0.249048	0.302980	0.305314	0.247596	0.237219	0.235570	0.000000	0.240765	0.301629	0.252480	0.228227	0.243269	0.244403	0.238348	0.300504	0.233307	0.298120	0.239105	0.297987	0.251148	0.234770	0.305937	0.299682	0.237726	0.293211	0.240848	0.242624	0.241732	0.237158	0.235387	0.233341	0.293641	0.238531	0.241184	0.293962	0.294752	0.242855	0.244673	0.243949	0.240691	0.243089	0.243120	0.305136	0.243117	0.237767	0.246886	0.240014	0.239871	0.241119	0.260349	0.232641	0.252464	0.245814	0.239100	0.242335	0.246905	0.249725	0.242504	0.240180	0.266918	0.237777	0.293378	0.236706	0.245048	0.243160	0.239722	0.238762	0.244618	0.269181	0.244504	0.293379	0.237370	0.293627	0.243320	0.235996	0.245197	0.233260	0.237547	0.238028	0.248077	0.249293	0.243202	0.240062	0.233834	0.242391	0.246005	0.240195	0.237732	0.234218	0.244480	0.247119	0.240758	0.242334	0.239449	0.236374	0.238915	
0.309336	0.255158	0.305235	0.252034	0.236396	0.308516	0.309359	0.310734	0.303121	0.300962	0.281826	0.299930	0.254780	0.306890	0.298154	0.305891	0.253332	0.302998	0.305394	0.254740	0.240147	0.237364	0.240765	0.000000	0.302801	0.235557	0.234392	0.234209	0.251233	0.251062	0.302934	0.240714	0.299681	0.245451	0.299939	0.250896	0.243225	0.311985	0.306308	0.242650	0.293358	0.247127	0.245503	0.243042	0.238256	0.221221	0.238418	0.280230	0.213932	0.236302	0.291969	0.300430	0.243593	0.248911	0.244125	0.248601	0.247271	0.246242	0.299134	0.250490	0.244831	0.248791	0.242551	0.247104	0.221359	0.247019	0.238005	0.250767	0.246786	0.245479	0.246276	0.241856	0.249849	0.244626	0.248202	0.275202	0.249322	0.296161	0.247400	0.252564	0.241397	0.247048	0.216360	0.224612	0.249176	0.210199	0.301179	0.221795	0.291656	0.241285	0.241756	0.240789	0.252861	0.244030	0.244473	0.246733	0.248304	0.252087	0.242718	0.234973	0.222462	0.230364	0.250320	0.218271	0.254484	0.246508	0.254427	0.243938	0.247663	0.243907	0.243118	0.244173	
0.251716	0.299569	0.238628	0.292756	0.303314	0.252466	0.243548	0.244958	0.241431	0.242061	0.251037	0.236057	0.294997	0.241629	0.240489	0.242155	0.298087	0.252709	0.244935	0.293611	0.300902	0.302187	0.301629	0.302801	0.000000	0.297359	0.301261	0.305333	0.294483	0.294537	0.240661	0.299595	0.243927	0.304952	0.240444	0.294475	0.298602	0.245648	0.239096	0.310992	0.289428	0.308819	0.308017	0.310054	0.305724	0.300214	0.298074	0.293425	0.304379	0.303893	0.295661	0.298192	0.314423	0.308939	0.307626	0.310342	0.314152	0.315138	0.279735	0.311982	0.305458	0.313689	0.299703	0.310244	0.293842	0.290239	0.299884	0.322488	0.312432	0.310127	0.306542	0.316214	0.313406	0.301560	0.312113	0.306631	0.304191	0.295171	0.312133	0.309763	0.310998	0.314321	0.303033	0.305984	0.282947	0.302085	0.296909	0.297821	0.295132	0.304865	0.306094	0.314745	0.319290	0.307599	0.309377	0.312567	0.313353	0.313322	0.302426	0.305722	0.304602	0.293083	0.308644	0.308141	0.304024	0.306994	0.314775	0.315260	0.309667	0.310535	0.306216	0.308262	
0.300199	0.226640	0.291844	0.228629	0.246942	0.304080	0.298746	0.304898	0.297021	0.294701	0.278584	0.291720	0.229064	0.296261	0.289913	0.296290	0.239701	0.294823	0.301800	0.230098	0.251647	0.250452	0.252480	0.235557	0.297359	0.000000	0.252963	0.250600	0.222483	0.229710	0.294537	0.249340	0.294271	0.252100	0.293978	0.227181	0.249705	0.302072	0.298725	0.252260	0.285911	0.257340	0.254955	0.256268	0.248763	0.237837	0.242613	0.273101	0.235374	0.249496	0.284446	0.289691	0.261590	0.260870	0.255250	0.260166	0.257841	0.256279	0.303682	0.256944	0.249614	0.251370	0.249713	0.257540	0.233918	0.257224	0.247158	0.268354	0.260921	0.253426	0.252938	0.252210	0.253096	0.251115	0.257221	0.275738	0.259000	0.294893	0.257252	0.260846	0.252605	0.261021	0.234472	0.237925	0.244667	0.236244	0.289485	0.232572	0.287240	0.250626	0.255377	0.255913	0.272682	0.252009	0.251490	0.255995	0.262119	0.262537	0.253952	0.250039	0.249807	0.244388	0.252363	0.239923	0.255745	0.253949	0.265493	0.252042	0.258751	0.252447	0.249065	0.255204	
0.303096	0.247125	0.301382	0.247574	0.232007	0.307186	0.305549	0.302642	0.302589	0.301068	0.291899	0.296494	0.245015	0.303592	0.300378	0.301754	0.247474	0.298121	0.303768	0.246016	0.230294	0.229612	0.228227	0.234392	0.301261	0.252963	0.000000	0.234342	0.249629	0.245976	0.301061	0.234003	0.293759	0.233434	0.297576	0.245164	0.236389	0.303000	0.304775	0.237513	0.282534	0.238476	0.240237	0.239318	0.237943	0.238683	0.233770	0.286161	0.235829	0.235781	0.287618	0.287612	0.236855	0.242741	0.236417	0.245398	0.244302	0.243703	0.303735	0.240783	0.236031	0.245106	0.234524	0.240263	0.235075	0.256118	0.232711	0.245521	0.242046	0.236024	0.236964	0.241725	0.244660	0.237521	0.239444	0.262837	0.238589	0.284983	0.238088	0.242657	0.236954	0.244883	0.232219	0.233470	0.258183	0.227927	0.286483	0.234264	0.287796	0.237583	0.239925	0.245512	0.251599	0.240657	0.235640	0.242913	0.246264	0.240316	0.240379	0.234012	0.236994	0.243232	0.240493	0.237097	0.239733	0.234226	0.245357	0.237250	0.239006	0.238204	0.235453	0.243882	
0.306625	0.254443	0.304151	0.251027	0.242736	0.307769	0.306530	0.309101	0.305747	0.309409	0.295149	0.304439	0.251162	0.307747	0.302209	0.300930	0.248361	0.302583	0.304422	0.257310	0.240557	0.232791	0.243269	0.234209	0.305333	0.250600	0.234342	0.000000	0.247356	0.250087	0.305250	0.238970	0.301672	0.239149	0.301201	0.252471	0.237860	0.307904	0.305319	0.241992	0.293069	0.243846	0.245029	0.245161	0.243891	0.230325	0.239342	0.293294	0.239186	0.237618	0.294766	0.291697	0.248486	0.248529	0.241908	0.247733	0.244925	0.247039	0.307410	0.243865	0.242133	0.245619	0.234164	0.243396	0.236378	0.257233	0.234392	0.260431	0.248737	0.242037	0.244342	0.245360	0.248412	0.247145	0.242509	0.271928	0.243093	0.293693	0.243006	0.246517	0.243501	0.246817	0.238746	0.233417	0.263988	0.241484	0.293278	0.236497	0.292332	0.238109	0.240157	0.247091	0.256912	0.242069	0.241681	0.248588	0.253918	0.244314	0.243407	0.238770	0.239994	0.248435	0.239706	0.239950	0.250662	0.244608	0.254140	0.242846	0.246659	0.237643	0.237468	0.247397	
0.302281	0.234109	0.293938	0.227071	0.248052	0.299001	0.302603	0.302781	0.298092	0.298273	0.279507	0.292997	0.230248	0.297478	0.288587	0.300669	0.234748	0.297952	0.296784	0.232554	0.249667	0.240717	0.244403	0.251233	0.294483	0.222483	0.249629	0.247356	0.000000	0.228216	0.289566	0.245413	0.294474	0.244753	0.288957	0.234865	0.250908	0.298404	0.302054	0.254370	0.291050	0.254603	0.254759	0.253173	0.251159	0.241078	0.247200	0.280667	0.242618	0.243716	0.292442	0.292558	0.261939	0.255089	0.257016	0.257186	0.259337	0.258899	0.305108	0.264231	0.248599	0.254373	0.251608	0.255727	0.240163	0.253339	0.246158	0.267317	0.261604	0.254770	0.254080	0.256420	0.257708	0.253107	0.259380	0.281313	0.257161	0.291411	0.254587	0.257813	0.251955	0.257933	0.243265	0.240352	0.270840	0.242442	0.291044	0.238441	0.292036	0.248934	0.251170	0.256543	0.259181	0.254571	0.252261	0.259632	0.262380	0.258463	0.252759	0.248398	0.246977	0.247250	0.255811	0.250675	0.255044	0.254530	0.264475	0.253770	0.257281	0.256238	0.250860	0.258877	
0.294016	0.229158	0.298663	0.229067	0.248180	0.303300	0.299268	0.302065	0.295664	0.299857	0.287550	0.291495	0.230161	0.299219	0.296132	0.295740	0.227366	0.292062	0.299085	0.229497	0.246062	0.246154	0.238348	0.251062	0.294537	0.229710	0.245976	0.250087	0.228216	0.000000	0.295896	0.249912	0.292062	0.246199	0.294130	0.225157	0.245405	0.303341	0.304484	0.251216	0.290672	0.248283	0.249964	0.246432	0.249509	0.240282	0.247948	0.290893	0.252255	0.246823	0.290302	0.287139	0.254788	0.253376	0.249057	0.254792	0.254972	0.252946	0.296311	0.256286	0.249962	0.250018	0.249248	0.254543	0.247654	0.268225	0.244798	0.264796	0.255700	0.255090	0.253453	0.254650	0.252807	0.250847	0.250889	0.276345	0.246291	0.296238	0.247410	0.257383	0.249912	0.251824	0.242034	0.242998	0.264382	0.245004	0.288029	0.245181	0.289804	0.250883	0.248213	0.253561	0.252968	0.247029	0.254165	0.253300	0.257239	0.259324	0.249965	0.242730	0.249734	0.248858	0.253613	0.251394	0.254667	0.249018	0.265112	0.252539	0.254621	0.254241	0.251963	0.254613	
0.244793	0.299682	0.240498	0.296552	0.303460	0.245953	0.237677	0.244778	0.247522	0.242310	0.254389	0.239399	0.296524	0.243789	0.242973	0.237619	0.299271	0.247969	0.239005	0.290364	0.302946	0.301638	0.300504	0.302934	0.240661	0.294537	0.301061	0.305250	0.289566	0.295896	0.000000	0.303471	0.245972	0.304550	0.240579	0.293826	0.302500	0.245048	0.233735	0.310039	0.297408	0.311495	0.313303	0.310737	0.309727	0.298478	0.301554	0.288138	0.307811	0.299415	0.295662	0.299941	0.318681	0.304424	0.307748	0.308495	0.312667	0.314478	0.274594	0.310602	0.314534	0.309326	0.302547	0.310614	0.296158	0.292630	0.299536	0.319754	0.314871	0.308380	0.313234	0.313528	0.310470	0.309753	0.313583	0.306197	0.310184	0.297787	0.309358	0.314023	0.310422	0.316334	0.300259	0.300817	0.288222	0.299308	0.297234	0.296631	0.297539	0.308753	0.308760	0.319449	0.322811	0.307543	0.311965	0.312817	0.311853	0.314807	0.308870	0.303388	0.304777	0.289450	0.309358	0.303508	0.309666	0.307783	0.318269	0.315433	0.307040	0.308365	0.305778	0.305069	
0.306709	0.248904	0.304616	0.242775	0.235142	0.304567	0.304546	0.308319	0.302895	0.306042	0.291640	0.304646	0.248889	0.307181	0.298132	0.301780	0.250990	0.301031	0.303082	0.252468	0.233643	0.231796	0.233307	0.240714	0.299595	0.249340	0.234003	0.238970	0.245413	0.249912	0.303471	0.000000	0.297547	0.237377	0.295438	0.249737	0.236437	0.307988	0.303259	0.240584	0.285791	0.240482	0.240020	0.236184	0.234484	0.233811	0.233704	0.296252	0.232263	0.235631	0.291594	0.297369	0.237957	0.245779	0.240785	0.241066	0.242311	0.243192	0.307855	0.238530	0.236272	0.237764	0.242518	0.240497	0.237979	0.248841	0.233546	0.247110	0.245283	0.239576	0.245181	0.246144	0.236086	0.236853	0.241932	0.272881	0.239806	0.291601	0.242033	0.240692	0.241243	0.242536	0.232504	0.238887	0.253820	0.234602	0.290444	0.234434	0.292276	0.239899	0.236597	0.241695	0.242944	0.234403	0.237244	0.241661	0.240238	0.241032	0.236305	0.239983	0.241593	0.248168	0.238426	0.238210	0.245418	0.239362	0.249034	0.239254	0.242229	0.241133	0.236308	0.244628	
0.242645	0.289084	0.239018	0.293052	0.298480	0.246899	0.240760	0.249874	0.242899	0.245558	0.258212	0.236896	0.287863	0.247992	0.245063	0.244428	0.292212	0.245799	0.247026	0.289307	0.298717	0.299813	0.298120	0.299681	0.243927	0.294271	0.293759	0.301672	0.294474	0.292062	0.245972	0.297547	0.000000	0.299327	0.238412	0.288444	0.296502	0.244982	0.242618	0.300791	0.288600	0.302665	0.306696	0.307439	0.308128	0.297343	0.302769	0.288964	0.307511	0.298569	0.290520	0.294453	0.309065	0.302952	0.304988	0.303837	0.308130	0.309538	0.275711	0.309138	0.303466	0.307268	0.300472	0.306660	0.293525	0.286207	0.294627	0.313969	0.311252	0.300427	0.309364	0.307316	0.306749	0.304117	0.303316	0.298493	0.308636	0.291480	0.305373	0.312988	0.303330	0.306841	0.306846	0.302648	0.288840	0.301902	0.293320	0.299638	0.290896	0.301347	0.305183	0.309171	0.306706	0.300161	0.301552	0.310794	0.310352	0.306487	0.305040	0.303513	0.294888	0.295533	0.302926	0.302884	0.303535	0.305449	0.313961	0.310130	0.311035	0.304265	0.298846	0.303441	
0.304937	0.246452	0.298418	0.247368	0.241737	0.304565	0.305600	0.304094	0.300223	0.306636	0.296074	0.301396	0.242815	0.304544	0.297696	0.302106	0.251621	0.298360	0.299659	0.249746	0.232227	0.236039	0.239105	0.245451	0.304952	0.252100	0.233434	0.239149	0.244753	0.246199	0.304550	0.237377	0.299327	0.000000	0.294652	0.243534	0.231930	0.307040	0.300319	0.239151	0.289509	0.237267	0.240992	0.236447	0.238022	0.239858	0.237262	0.293364	0.238397	0.235043	0.287324	0.292613	0.239024	0.244815	0.241237	0.242340	0.240354	0.237886	0.301023	0.240066	0.241653	0.243314	0.237829	0.233439	0.236318	0.261951	0.231024	0.252067	0.239770	0.240017	0.244689	0.241895	0.238872	0.239673	0.239505	0.267908	0.236896	0.291964	0.241193	0.240741	0.237216	0.242844	0.236922	0.236025	0.263462	0.240884	0.292885	0.238057	0.289360	0.236893	0.243045	0.242132	0.233401	0.236992	0.235844	0.242336	0.241141	0.240524	0.238198	0.233150	0.249189	0.251581	0.234477	0.241155	0.239541	0.233625	0.247855	0.240693	0.240016	0.234501	0.236960	0.241246	
0.246196	0.290846	0.241635	0.288005	0.300456	0.243659	0.242120	0.239696	0.241726	0.243091	0.254670	0.237471	0.290131	0.241828	0.245332	0.242498	0.291135	0.247245	0.244051	0.287361	0.296422	0.296122	0.297987	0.299939	0.240444	0.293978	0.297576	0.301201	0.288957	0.294130	0.240579	0.295438	0.238412	0.294652	0.000000	0.282709	0.297717	0.241509	0.239910	0.299614	0.291156	0.301845	0.308969	0.301667	0.300277	0.296763	0.296061	0.291046	0.303072	0.302065	0.294397	0.296838	0.310402	0.303996	0.297442	0.305593	0.307715	0.309231	0.273097	0.306750	0.304181	0.306823	0.294891	0.302857	0.293368	0.291361	0.294987	0.312438	0.309196	0.301112	0.301659	0.304082	0.306429	0.304719	0.308540	0.302525	0.309689	0.292199	0.305398	0.304829	0.302123	0.308235	0.298088	0.297100	0.293048	0.300010	0.289796	0.297236	0.292797	0.302738	0.303853	0.302571	0.309207	0.303395	0.303188	0.307500	0.307786	0.304700	0.301083	0.301069	0.302839	0.296802	0.301083	0.301983	0.304389	0.301551	0.307908	0.305323	0.300709	0.301702	0.295146	0.297889	
0.299231	0.223280	0.293027	0.229418	0.243291	0.298641	0.298079	0.294714	0.292967	0.295371	0.281379	0.291285	0.224856	0.291523	0.300337	0.294516	0.227832	0.287287	0.295264	0.229358	0.238675	0.242707	0.251148	0.250896	0.294475	0.227181	0.245164	0.252471	0.234865	0.225157	0.293826	0.249737	0.288444	0.243534	0.282709	0.000000	0.245498	0.303690	0.299154	0.249641	0.286878	0.247689	0.253458	0.250815	0.254018	0.249380	0.242100	0.292913	0.251074	0.246601	0.289723	0.290194	0.263577	0.249530	0.254109	0.252272	0.252849	0.255348	0.292170	0.252120	0.248031	0.252046	0.248103	0.248817	0.242986	0.269534	0.246037	0.261884	0.248478	0.253082	0.250893	0.248537	0.252514	0.251807	0.251247	0.267906	0.255705	0.295152	0.251660	0.253842	0.247925	0.256842	0.248375	0.249233	0.259131	0.247448	0.287145	0.249602	0.291513	0.246241	0.249943	0.253018	0.256410	0.244904	0.244477	0.251145	0.254275	0.250021	0.251691	0.248307	0.250420	0.250111	0.250442	0.251760	0.253612	0.244091	0.261683	0.254657	0.256451	0.250581	0.245815	0.253328	
0.302489	0.247332	0.302339	0.243847	0.235149	0.301683	0.306224	0.297812	0.302455	0.300629	0.293879	0.302494	0.241612	0.300536	0.294742	0.300784	0.243841	0.290885	0.306172	0.243997	0.226408	0.235016	0.234770	0.243225	0.298602	0.249705	0.236389	0.237860	0.250908	0.245405	0.302500	0.236437	0.296502	0.231930	0.297717	0.245498	0.000000	0.300941	0.300130	0.231813	0.284900	0.236427	0.238499	0.232643	0.240990	0.238389	0.237172	0.286751	0.241597	0.235561	0.286244	0.285652	0.242342	0.245603	0.237237	0.245677	0.241750	0.242108	0.303173	0.240600	0.235167	0.241018	0.236327	0.238380	0.239934	0.256213	0.228340	0.244592	0.240407	0.236448	0.240014	0.238627	0.236691	0.238519	0.237553	0.270154	0.246711	0.288956	0.241123	0.241191	0.236895	0.245856	0.242745	0.240470	0.260828	0.230299	0.283485	0.240331	0.285534	0.234035	0.235935	0.231710	0.244963	0.234180	0.235524	0.240678	0.239771	0.240070	0.239834	0.234700	0.236907	0.249178	0.235930	0.240897	0.236242	0.236621	0.243328	0.241669	0.241981	0.233499	0.234991	0.243893	
0.249261	0.296473	0.241536	0.302199	0.311384	0.249082	0.249758	0.242746	0.248078	0.245806	0.263997	0.248155	0.295493	0.249095	0.249011	0.245981	0.298018	0.245257	0.248457	0.295935	0.303942	0.302189	0.305937	0.311985	0.245648	0.302072	0.303000	0.307904	0.298404	0.303341	0.245048	0.307988	0.244982	0.307040	0.241509	0.303690	0.300941	0.000000	0.241867	0.312927	0.300937	0.312784	0.317556	0.312348	0.304692	0.312203	0.310310	0.303499	0.310697	0.303310	0.302491	0.299760	0.315906	0.315048	0.311854	0.314920	0.319665	0.314216	0.285690	0.312112	0.311415	0.315096	0.308119	0.314998	0.298370	0.295731	0.301751	0.314231	0.315221	0.311358	0.307936	0.316308	0.310703	0.310052	0.317932	0.311125	0.312566	0.295295	0.317329	0.317799	0.315940	0.313351	0.309815	0.313918	0.303880	0.311109	0.297573	0.307166	0.298342	0.309580	0.314840	0.311961	0.309903	0.308520	0.307544	0.315280	0.319962	0.309497	0.309985	0.303498	0.311379	0.303872	0.312879	0.308275	0.315629	0.307207	0.314870	0.314251	0.310562	0.309247	0.307062	0.309233	
0.244650	0.300202	0.237141	0.298164	0.307917	0.247134	0.240987	0.242286	0.240303	0.244544	0.253707	0.237973	0.291706	0.243500	0.239820	0.234053	0.292171	0.246201	0.248989	0.288580	0.302073	0.308263	0.299682	0.306308	0.239096	0.298725	0.304775	0.305319	0.302054	0.304484	0.233735	0.303259	0.242618	0.300319	0.239910	0.299154	0.300130	0.241867	0.000000	0.306944	0.295230	0.312554	0.308915	0.307686	0.307320	0.302040	0.300456	0.297676	0.307517	0.303886	0.295476	0.295276	0.312891	0.309011	0.313792	0.309536	0.310879	0.313581	0.273194	0.312589	0.307987	0.306789	0.303383	0.307900	0.293972	0.294346	0.300651	0.321220	0.314619	0.307553	0.308065	0.311863	0.315611	0.307483	0.315076	0.308090	0.305025	0.297161	0.309218	0.307164	0.312208	0.313621	0.303579	0.306422	0.293893	0.308106	0.293910	0.308841	0.296418	0.307030	0.312287	0.310645	0.321386	0.310550	0.310093	0.312116	0.311329	0.310566	0.306511	0.307638	0.304784	0.292450	0.305186	0.306145	0.312982	0.304753	0.313808	0.312388	0.308937	0.307283	0.300116	0.308753	
