0.000010 0.999960 0.000010 0.000010 0.000010
0.999960 0.000010 0.000010 0.000010 0.000010
0.000010 0.999960 0.000010 0.000010 0.000010
0.999960 0.000010 0.000010 0.000010 0.000010
0.082569 0.000010 0.010815 0.000010 0.906597
0.000010 0.956463 0.000016 0.043500 0.000010
0.000010 0.870576 0.129394 0.000010 0.000010
0.000010 0.999960 0.000010 0.000010 0.000010
0.000010 0.999960 0.000010 0.000010 0.000010
0.000010 0.999960 0.000010 0.000010 0.000010
0.007966 0.435401 0.556613 0.000010 0.000010
0.000010 0.994068 0.005902 0.000010 0.000010
0.999960 0.000010 0.000010 0.000010 0.000010
0.000010 0.999960 0.000010 0.000010 0.000010
0.000010 0.539781 0.460189 0.000010 0.000010
0.000010 0.968588 0.031382 0.000010 0.000010
0.999960 0.000010 0.000010 0.000010 0.000010
0.040219 0.783144 0.176616 0.000010 0.000010
0.000010 0.999960 0.000010 0.000010 0.000010
0.627840 0.000010 0.372130 0.000010 0.000010
0.021529 0.000010 0.138362 0.000010 0.840089
0.073600 0.000010 0.099567 0.000010 0.826814
0.057521 0.000010 0.176587 0.000010 0.765872
0.000010 0.000010 0.462240 0.000010 0.537730
0.000010 0.999960 0.000010 0.000010 0.000010
0.889286 0.000010 0.110684 0.000010 0.000010
0.100666 0.000010 0.000010 0.000010 0.899304
0.039595 0.000010 0.079421 0.000010 0.880964
0.999960 0.000010 0.000010 0.000010 0.000010
0.999960 0.000010 0.000010 0.000010 0.000010
0.000010 0.999960 0.000010 0.000010 0.000010
0.049577 0.000010 0.068157 0.000010 0.882246
0.000010 0.999952 0.000015 0.000013 0.000010
0.049966 0.000010 0.065566 0.000010 0.884448
0.000010 0.999960 0.000010 0.000010 0.000010
0.999956 0.000010 0.000014 0.000010 0.000010
0.096998 0.000010 0.073724 0.000010 0.829257
0.000010 0.999960 0.000010 0.000010 0.000010
0.000010 0.999960 0.000010 0.000010 0.000010
0.000010 0.000010 0.124905 0.000010 0.875065
0.000010 0.000010 0.042327 0.957643 0.000010
0.000010 0.000010 0.021147 0.000010 0.978823
0.000010 0.000010 0.118402 0.000010 0.881568
0.000010 0.000010 0.297524 0.000010 0.702446
0.000010 0.000010 0.318450 0.000010 0.681520
0.065128 0.000010 0.213409 0.000010 0.721443
0.053927 0.000010 0.067460 0.000010 0.878593
0.000010 0.000010 0.000010 0.999960 0.000010
0.000010 0.000010 0.543695 0.000010 0.456275
0.078303 0.000010 0.017662 0.000010 0.904015
0.000010 0.000010 0.367474 0.632496 0.000010
0.000010 0.000010 0.000010 0.999960 0.000010
0.000010 0.000010 0.027227 0.000010 0.972743
0.000010 0.000010 0.246368 0.000010 0.753602
0.000010 0.000010 0.088695 0.000010 0.911275
0.000010 0.000010 0.000010 0.000010 0.999960
0.000010 0.000010 0.039851 0.000010 0.960119
0.000010 0.000010 0.000010 0.000010 0.999960
0.048860 0.454471 0.149507 0.257970 0.089192
0.005057 0.000010 0.000010 0.000010 0.994913
0.000010 0.000010 0.355534 0.000010 0.644436
0.014699 0.000010 0.135625 0.000010 0.849656
0.000010 0.000010 0.558865 0.000010 0.441105
0.000010 0.000010 0.285419 0.000010 0.714551
0.000010 0.000010 0.999960 0.000010 0.000010
0.000010 0.000010 0.999960 0.000010 0.000010
0.000010 0.000010 0.134435 0.000010 0.865535
0.000010 0.000010 0.829311 0.000010 0.170659
0.000010 0.000010 0.427635 0.000010 0.572335
0.000010 0.000010 0.099970 0.000010 0.900000
0.000010 0.000010 0.114466 0.000010 0.885504
0.000010 0.000010 0.315317 0.000010 0.684653
0.056112 0.000010 0.016616 0.000010 0.927253
0.052236 0.000010 0.029973 0.000010 0.917771
0.000010 0.000010 0.616123 0.000010 0.383847
0.000010 0.000010 0.382051 0.371173 0.246756
0.000010 0.000010 0.785316 0.000010 0.214654
0.000010 0.000010 0.068729 0.931241 0.000010
0.000010 0.000010 0.294376 0.000010 0.705594
0.000010 0.000010 0.011096 0.000010 0.988874
0.022290 0.000010 0.022400 0.000010 0.955290
0.000010 0.000010 0.606761 0.000010 0.393209
0.064922 0.000010 0.196311 0.000010 0.738747
0.108350 0.000010 0.240732 0.000010 0.650898
0.000010 0.000010 0.999960 0.000010 0.000010
0.000010 0.000010 0.632971 0.000010 0.366999
0.000010 0.000010 0.000010 0.999960 0.000010
0.051987 0.007208 0.337995 0.000010 0.602800
0.000010 0.000010 0.000010 0.999960 0.000010
0.000010 0.000010 0.037571 0.000010 0.962399
0.028720 0.000010 0.273119 0.000010 0.698141
0.000010 0.000010 0.721683 0.006334 0.271963
0.000010 0.000010 0.999960 0.000010 0.000010
0.000010 0.000010 0.416516 0.000010 0.583454
0.000010 0.000010 0.414608 0.000010 0.585362
0.003219 0.000010 0.000010 0.000010 0.996751
0.000010 0.000010 0.000010 0.000010 0.999960
0.000010 0.000010 0.431390 0.000010 0.568580
0.000010 0.000010 0.056123 0.000010 0.943847
0.011378 0.000010 0.009614 0.000010 0.978989
0.000010 0.000011 0.999959 0.000010 0.000010
0.000010 0.000010 0.999960 0.000010 0.000010
0.000010 0.000010 0.063241 0.000010 0.936729
0.037791 0.000010 0.543864 0.000010 0.418325
0.000010 0.000010 0.999960 0.000010 0.000010
0.000010 0.000010 0.365113 0.000010 0.634857
0.000010 0.000010 0.999960 0.000010 0.000010
0.000010 0.000010 0.478805 0.000010 0.521165
0.000010 0.000010 0.414357 0.000010 0.585613
0.000010 0.000010 0.236130 0.000010 0.763840
0.000010 0.000010 0.320176 0.000010 0.679794
0.006098 0.000010 0.355517 0.013757 0.624618
