0.00000000099999999993 0.00000000099999999993 0.00000000099999999993 0.99999999700000008485 
0.99999999700000008485 0.00000000099999999987 0.00000000099999999987 0.00000000099999999987 
0.00000000099999999992 0.00000000099999999992 0.00000000099999999992 0.99999999700000008485 
0.99999999700000008485 0.00000000099999999987 0.00000000099999999987 0.00000000099999999987 
0.06009645049918247578 0.93974265919022037519 0.00016088931059709852 0.00000000099999999998 
0.00000000099999999998 0.00000000099999999998 0.03344742444646397334 0.96655257355353607629 
0.00000000099999999995 0.00000000099999999995 0.00000000099999999995 0.99999999699999997382 
0.00000000099999999993 0.00000000099999999993 0.00000000099999999993 0.99999999699999997382 
0.00000000099999999998 0.00000000099999999998 0.00000000099999999998 0.99999999700000008485 
0.00000000099999999994 0.00000000099999999994 0.00000000099999999994 0.99999999699999997382 
0.20664448957247336103 0.00000000100000000000 0.00176374043927726818 0.79159176898824945567 
0.00000000099999999993 0.00000000099999999993 0.00000000099999999993 0.99999999700000008485 
0.99999999700000008485 0.00000000099999999989 0.00000000099999999989 0.00000000099999999989 
0.00000000099999999994 0.00000000099999999994 0.00000000099999999994 0.99999999699999997382 
0.00000000099999999997 0.00000000099999999997 0.00000000099999999997 0.99999999699999997382 
0.00000000099999999993 0.00000000099999999993 0.00000000099999999993 0.99999999699999997382 
0.99999999699999997382 0.00000000099999999988 0.00000000099999999988 0.00000000099999999988 
0.08291978634196420228 0.00000000099999999998 0.00000000099999999998 0.91708021165803588204 
0.00000000099999999993 0.00000000099999999993 0.00000000099999999993 0.99999999699999997382 
0.99999999699999997382 0.00000000099999999995 0.00000000099999999995 0.00000000099999999995 
0.01461815474910339169 0.98538184325089661630 0.00000000099999999994 0.00000000099999999994 
0.06143047512717853681 0.93856952287282147118 0.00000000099999999996 0.00000000099999999996 
0.04596053781951282141 0.95403946018048713107 0.00000000099999999997 0.00000000099999999997 
0.00003903349371201985 0.99996096450628801922 0.00000000099999999997 0.00000000099999999997 
0.00000000099999999992 0.00000000099999999992 0.00000000099999999992 0.99999999699999997382 
0.99999999699999997382 0.00000000099999999989 0.00000000099999999989 0.00000000099999999989 
0.07568854926630394497 0.92431144873369608383 0.00000000099999999997 0.00000000099999999997 
0.01812664272069310079 0.98187335527930696966 0.00000000099999999996 0.00000000099999999996 
0.99999999700000008485 0.00000000099999999986 0.00000000099999999986 0.00000000099999999986 
0.99999999699999997382 0.00000000099999999988 0.00000000099999999988 0.00000000099999999988 
0.00000000099999999993 0.00000000099999999993 0.00000000099999999993 0.99999999699999997382 
0.04027738001883909846 0.95972261798116087483 0.00000000099999999996 0.00000000099999999996 
0.00000000099999999997 0.00000000099999999997 0.01052903899178640572 0.98947095900821357972 
0.03396616008667646680 0.96603383791332342323 0.00000000099999999995 0.00000000099999999995 
0.00000000099999999995 0.00000000099999999995 0.00000000099999999995 0.99999999699999997382 
0.99999999700000008485 0.00000000099999999986 0.00000000099999999986 0.00000000099999999986 
0.08644588508758105361 0.91355411291241894745 0.00000000099999999997 0.00000000099999999997 
0.00000000099999999992 0.00000000099999999992 0.00000000099999999992 0.99999999700000008485 
0.00000000099999999990 0.00000000099999999990 0.00000000099999999990 0.99999999700000008485 
0.00369054438957174078 0.99630945361042833053 0.00000000099999999996 0.00000000099999999996 
0.00000000099999999982 0.00000000099999999982 0.99999999699999986280 0.00000000099999999982 
0.00000000099999999994 0.99999999699999997382 0.00000000099999999994 0.00000000099999999994 
0.00008810749789465130 0.99991189050210527167 0.00000000099999999996 0.00000000099999999996 
0.00263376943580308524 0.99736622856419687722 0.00000000099999999995 0.00000000099999999995 
0.00018694900062769169 0.99981304899937228914 0.00000000099999999998 0.00000000099999999998 
0.05825011588518817091 0.94174988211481180933 0.00000000099999999995 0.00000000099999999995 
0.05164795091305745406 0.94835204708694254006 0.00000000099999999994 0.00000000099999999994 
0.00000000099999999982 0.00000000099999999982 0.99999999699999986280 0.00000000099999999982 
0.00042268214638301483 0.99957731585361697668 0.00000000099999999995 0.00000000099999999995 
0.05672012117912723222 0.94327987682087277577 0.00000000099999999995 0.00000000099999999995 
0.00000000099999999990 0.00000000099999999990 0.99999999699999997382 0.00000000099999999990 
0.00000000099999999975 0.00000000099999999975 0.99999999699999986280 0.00000000099999999975 
0.00000000099999999993 0.99999999700000008485 0.00000000099999999993 0.00000000099999999993 
0.00775845490282837513 0.99224154309717160771 0.00000000099999999998 0.00000000099999999998 
0.00000000099999999995 0.99999999700000008485 0.00000000099999999995 0.00000000099999999995 
0.00001327414341363482 0.99998672385658637918 0.00000000099999999997 0.00000000099999999997 
0.00000000099999999996 0.99999999700000008485 0.00000000099999999996 0.00000000099999999996 
0.00000000099999999995 0.99999999699999997382 0.00000000099999999995 0.00000000099999999995 
0.05642378347699859853 0.06121778447061192868 0.30414846310417187336 0.57820996894821774514 
0.00165520928591772823 0.99509655791516737899 0.00324823179891487856 0.00000000099999999998 
0.03473811685003595079 0.96526188114996391842 0.00000000099999999996 0.00000000099999999996 
0.02479927805021125281 0.97520071994978863028 0.00000000099999999995 0.00000000099999999995 
0.00000200658729214494 0.98436024464611238116 0.01563774776659531546 0.00000000099999999999 
0.00000000099999999994 0.99999999699999997382 0.00000000099999999994 0.00000000099999999994 
0.02864450821267302064 0.95214277995610141492 0.00000000099999999999 0.01921271083122569681 
0.04823530498732855193 0.80026036313467363570 0.01229803835604819165 0.13920629352194968664 
0.00197642157528770800 0.99802357642471228871 0.00000000099999999996 0.00000000099999999996 
0.00000000099999999997 0.99999999700000008485 0.00000000099999999997 0.00000000099999999997 
0.00102220717692321481 0.99897779082307680554 0.00000000099999999997 0.00000000099999999997 
0.00000000099999999997 0.99999999700000008485 0.00000000099999999997 0.00000000099999999997 
0.00000288074170251960 0.99999711725829754094 0.00000000099999999995 0.00000000099999999995 
0.00134786421724741217 0.99865213378275263789 0.00000000099999999996 0.00000000099999999996 
0.05241328115169866658 0.94758671684830131365 0.00000000099999999996 0.00000000099999999996 
0.03409689335090141521 0.96590310464909856503 0.00000000099999999995 0.00000000099999999995 
0.02817213334631025676 0.97182786465368964368 0.00000000099999999996 0.00000000099999999996 
0.00243459021373257931 0.53193562914676084663 0.46562977963950641369 0.00000000099999999998 
0.00107216554022036684 0.99892783245977967432 0.00000000099999999997 0.00000000099999999997 
0.00000000099999999983 0.00000000099999999983 0.99999999699999997382 0.00000000099999999983 
0.00000001933614344516 0.99999997866385648138 0.00000000099999999996 0.00000000099999999996 
0.00000000099999999992 0.99999999699999997382 0.00000000099999999992 0.00000000099999999992 
0.01616977430521499351 0.98383022369478501101 0.00000000099999999996 0.00000000099999999996 
0.00006002904828437343 0.99993996895171566308 0.00000000099999999997 0.00000000099999999997 
0.06028521814626920661 0.93971477985373075281 0.00000000099999999994 0.00000000099999999994 
0.10798870554698176971 0.89201129245301835624 0.00000000099999999995 0.00000000099999999995 
0.13776503457948677256 0.61935360382175030924 0.03592556901196183872 0.20695579258680102397 
0.02855656623025668375 0.97144343176974323750 0.00000000099999999997 0.00000000099999999997 
0.00000000099999999979 0.00000000099999999979 0.99999999699999997382 0.00000000099999999979 
0.06558925155399493445 0.92577106090664118554 0.00000000099999999998 0.00863968653936391870 
0.00000000099999999978 0.00000000099999999978 0.99999999699999997382 0.00000000099999999978 
0.00000027910077333163 0.99999971889922667501 0.00000000099999999994 0.00000000099999999994 
0.03287016285802427801 0.96712983514197570223 0.00000000099999999995 0.00000000099999999995 
0.01181033013844152990 0.94397140136508339570 0.04421826749647497778 0.00000000099999999998 
0.00011556890717675127 0.99988442909282315707 0.00000000099999999998 0.00000000099999999998 
0.00000063827923984003 0.99999935972076015034 0.00000000099999999995 0.00000000099999999995 
0.00012669346917705220 0.99987330453082290393 0.00000000099999999996 0.00000000099999999996 
0.00334876886346269437 0.99593989725382758849 0.00071133288270970076 0.00000000099999999997 
0.00000000099999999993 0.99999999700000008485 0.00000000099999999993 0.00000000099999999993 
0.00000000099999999996 0.99999999700000008485 0.00000000099999999996 0.00000000099999999996 
0.00000000099999999994 0.99999999700000008485 0.00000000099999999994 0.00000000099999999994 
0.00259413548409781654 0.99740586251590224176 0.00000000099999999996 0.00000000099999999996 
0.12000261563153538646 0.84682484700830051860 0.00376491139066398393 0.02940762596950020902 
0.10188454417512589345 0.78495843897848760484 0.00000000099999999999 0.11315701584638641897 
0.00000000159317004506 0.99999888129582870100 0.00000111611100123045 0.00000000099999999997 
0.06820923840383159853 0.93179075959616841640 0.00000000099999999998 0.00000000099999999998 
0.08655949576217125685 0.91344050223782879971 0.00000000099999999998 0.00000000099999999998 
0.01656193577807821976 0.98343806222192187150 0.00000000099999999997 0.00000000099999999997 
0.00000000099999999997 0.99999999699999997382 0.00000000099999999997 0.00000000099999999997 
0.00000000099999999995 0.99999999699999997382 0.00000000099999999995 0.00000000099999999995 
0.00000000298773670165 0.99999999501226322085 0.00000000099999999996 0.00000000099999999996 
0.00000000099999999995 0.99999999700000008485 0.00000000099999999995 0.00000000099999999995 
0.00004804431704169670 0.99995195368295841654 0.00000000099999999996 0.00000000099999999996 
0.03079583512443181612 0.95204679218711962818 0.01715737168844852500 0.00000000099999999998 
