0.00000000099999999995 0.00000000099999999995 0.99999999800000005656 
0.99999999800000005656 0.00000000099999999992 0.00000000099999999992 
0.00000000099999999994 0.00000000099999999994 0.99999999799999994554 
0.99999999799999994554 0.00000000099999999992 0.00000000099999999992 
0.06721958708937512961 0.93278041191062477377 0.00000000099999999998 
0.00000000099999999998 0.00000000099999999998 0.99999999800000005656 
0.00000000099999999996 0.00000000099999999996 0.99999999799999994554 
0.00000000099999999995 0.00000000099999999995 0.99999999799999994554 
0.00000000099999999998 0.00000000099999999998 0.99999999799999994554 
0.00000000099999999995 0.00000000099999999995 0.99999999800000005656 
0.20568324219562428290 0.00000000100000000000 0.79431675680437585640 
0.00000000099999999997 0.00000000099999999997 0.99999999800000005656 
0.99999999800000005656 0.00000000099999999993 0.00000000099999999993 
0.00000000099999999996 0.00000000099999999996 0.99999999799999994554 
0.00000000099999999998 0.00000000099999999998 0.99999999799999994554 
0.00000000099999999996 0.00000000099999999996 0.99999999799999994554 
0.99999999800000005656 0.00000000099999999993 0.00000000099999999993 
0.08708976373964424922 0.00000000099999999999 0.91291023526035586233 
0.00000000099999999995 0.00000000099999999995 0.99999999799999994554 
0.99999999800000005656 0.00000000099999999997 0.00000000099999999997 
0.02260370655011625929 0.97739629244988368573 0.00000000099999999997 
0.06798277156519125231 0.93201722743480874822 0.00000000099999999998 
0.05563298828505148369 0.94436701071494855153 0.00000000099999999998 
0.00082016948186356786 0.99917982951813633097 0.00000000099999999998 
0.00000000099999999996 0.00000000099999999996 0.99999999799999994554 
0.99999999799999994554 0.00000000099999999993 0.00000000099999999993 
0.08138008533937464428 0.91861991366062523134 0.00000000099999999998 
0.03085827736064023288 0.96914172163935985438 0.00000000099999999997 
0.99999999799999994554 0.00000000099999999991 0.00000000099999999991 
0.99999999799999994554 0.00000000099999999992 0.00000000099999999992 
0.00000000099999999994 0.00000000099999999994 0.99999999800000005656 
0.04489955720321644334 0.95510044179678366127 0.00000000099999999998 
0.00000000099999999997 0.00000000099999999997 0.99999999799999994554 
0.03897987336817738263 0.96102012563182259708 0.00000000099999999998 
0.00000000099999999997 0.00000000099999999997 0.99999999800000005656 
0.99999999799999994554 0.00000000099999999992 0.00000000099999999992 
0.08801586185931345452 0.91198413714068637947 0.00000000099999999998 
0.00000000099999999995 0.00000000099999999995 0.99999999800000005656 
0.00000000099999999994 0.00000000099999999994 0.99999999799999994554 
0.00856548388537910731 0.99143451511462077352 0.00000000099999999997 
0.00000000099999999999 0.29239831314629532999 0.70760168585370464278 
0.00000000099999999996 0.99999999800000005656 0.00000000099999999996 
0.00059956339821981791 0.99940043560178015714 0.00000000099999999997 
0.00970771528413817524 0.99029228371586175417 0.00000000099999999997 
0.00143533974599611633 0.99856465925400395012 0.00000000099999999999 
0.06672961645354218152 0.93327038254645766635 0.00000000099999999997 
0.05847824540175578650 0.94152175359824419321 0.00000000099999999996 
0.00144904893076928986 0.26576876256265152820 0.73278218850657905747 
0.00260932977593417333 0.99739066922406571791 0.00000000099999999997 
0.06584600484941310894 0.93415399415058675281 0.00000000099999999997 
0.00000000100000000000 0.31603592397388785562 0.68396407502611211715 
0.00000000099999999998 0.28705243354066367623 0.71294756545933613001 
0.00000000099999999995 0.99999999799999994554 0.00000000099999999995 
0.00793462779763638194 0.99206537120236348848 0.00000000099999999998 
0.00000000099999999996 0.99999999799999994554 0.00000000099999999996 
0.00042640629060434782 0.99957359270939549756 0.00000000099999999998 
0.00000000099999999996 0.99999999800000005656 0.00000000099999999996 
0.00000000099999999996 0.99999999799999994554 0.00000000099999999996 
0.04827783765364122848 0.17071774383979679279 0.78100441850656188159 
0.00462491841536389475 0.99537508058463619598 0.00000000099999999998 
0.03945715730632612384 0.96054284169367376567 0.00000000099999999998 
0.02788051759482924191 0.97211948140517068229 0.00000000099999999997 
0.00010967511517453925 0.99989032388482546043 0.00000000100000000000 
0.00000000099999999996 0.99999999800000005656 0.00000000099999999996 
0.05129101882722742617 0.94030280487023787384 0.00840617630253468785 
0.05459694549601236402 0.79812428793371170688 0.14727876657027588747 
0.00936902663456652685 0.99063097236543340429 0.00000000099999999998 
0.00000000099999999998 0.99999999799999994554 0.00000000099999999998 
0.00201282734094258018 0.99798717165905737048 0.00000000099999999998 
0.00000000099999999997 0.99999999800000005656 0.00000000099999999997 
0.00028137265639418711 0.99971862634360564304 0.00000000099999999997 
0.00324617947662289357 0.99675381952337716029 0.00000000099999999997 
0.05520763538360736605 0.94479236361639262753 0.00000000099999999997 
0.03981900144588258750 0.96018099755411734364 0.00000000099999999997 
0.03119197310364761958 0.96880802589635250932 0.00000000099999999997 
0.00000000100000000000 0.67110504091975231589 0.32889495808024771240 
0.00365241580927995859 0.99634758319072003196 0.00000000099999999998 
0.00000000099999999999 0.29191873443470706118 0.70808126456529285608 
0.00000040762389878456 0.99999959137610117121 0.00000000099999999997 
0.00000000331283823709 0.99999999568716180232 0.00000000099999999995 
0.02256096882417479160 0.97743903017582522974 0.00000000099999999997 
0.00000531933264503969 0.99999467966735489100 0.00000000099999999998 
0.06796579469272179264 0.93203420430727823565 0.00000000099999999996 
0.11339086309405300990 0.88660913590594703226 0.00000000099999999997 
0.14488203533833385328 0.62212396249477497356 0.23299400216689106213 
0.04091701270005770191 0.95908298629994215290 0.00000000099999999998 
0.00000000099999999999 0.29320432422746200984 0.70679567477253801844 
0.08322034311008395802 0.91677856894388132236 0.00000108794603462106 
0.00000000099999999999 0.30256005098833704814 0.69743994801166298014 
0.00001907542438011410 0.99998092357561985111 0.00000000099999999996 
0.03809136100198738661 0.96190863799801251677 0.00000000099999999997 
0.01532613081481240709 0.98467386818518753966 0.00000000100000000000 
0.00038756193518717555 0.99961243706481273108 0.00000000099999999999 
0.00000258377732903783 0.99999741522267104887 0.00000000099999999997 
0.00012038387826769924 0.99987961512173229028 0.00000000099999999997 
0.00627323428697241364 0.99372676471302756607 0.00000000099999999997 
0.00000000099999999996 0.99999999799999994554 0.00000000099999999996 
0.00000000099999999997 0.99999999800000005656 0.00000000099999999997 
0.00000000099999999996 0.99999999799999994554 0.00000000099999999996 
0.00688758073312866620 0.99311241826687135514 0.00000000099999999998 
0.12529256961324289343 0.84220004943250648122 0.03250738095425068780 
0.12146779809705596231 0.77133503668086100813 0.10719716522208311282 
0.00000006275452121736 0.99999993624547867110 0.00000000099999999997 
0.07290449244176530619 0.92709550655823458332 0.00000000099999999999 
0.09070562177369820289 0.90929437722630179763 0.00000000099999999999 
0.02116277234690218736 0.97883722665309780275 0.00000000099999999998 
0.00000000099999999998 0.99999999799999994554 0.00000000099999999998 
0.00000000099999999997 0.99999999800000005656 0.00000000099999999997 
0.00000012210374291131 0.99999987689625713383 0.00000000099999999998 
0.00000000099999999997 0.99999999799999994554 0.00000000099999999997 
0.00132400577413819848 0.99867599322586186883 0.00000000099999999998 
0.04209662394546818953 0.95790337505453182487 0.00000000099999999999 
