0.000000	0.211382	0.302333	0.305029	0.303754	0.207488	0.229715	0.287454	0.302124	0.210618	0.213696	0.212278	0.234393	0.303881	0.208545	0.209981	0.215542	0.305024	0.237821	0.309486	0.238830	0.237147	0.233759	0.213988	0.207579	0.289593	0.296109	0.292841	0.234371	0.202836	0.231806	0.230056	0.235889	0.238749	0.202561	0.316932	0.313399	0.312105	0.284643	0.314487	0.288995	0.312544	0.310618	0.290336	0.296407	0.308644	0.316662	0.280813	0.314346	0.314044	0.314943	0.300084	0.308476	0.306468	0.316909	0.308040	0.311387	0.290927	0.306217	0.299309	0.308465	0.311190	0.286679	0.310389	0.304756	0.291220	0.309571	0.305493	0.310001	0.298723	0.292155	0.287759	0.308691	0.309328	0.295635	0.298566	0.292686	0.293883	0.299450	0.307414	0.289552	0.301128	0.304912	0.309667	0.291962	0.295080	0.306942	0.295648	0.312615	0.295743	0.292186	0.296953	0.315361	0.299473	0.294576	0.289353	0.287588	0.298925	0.317650	0.314476	0.295127	0.310790	0.305989	0.307077	0.293495	0.309541	0.293751	0.311639	0.286163	0.288741	0.310798	0.311220	0.311823	0.289099	0.304219	0.297102	0.313048	
0.211382	0.000000	0.302038	0.301030	0.297735	0.205802	0.225231	0.283362	0.304681	0.207605	0.205318	0.209138	0.222378	0.306617	0.212673	0.217133	0.215016	0.299421	0.232818	0.301157	0.229068	0.233324	0.225344	0.206071	0.207350	0.296343	0.296307	0.296176	0.235408	0.214780	0.235122	0.233967	0.231519	0.236576	0.206275	0.318499	0.314830	0.309298	0.290973	0.307487	0.289748	0.305515	0.303874	0.290780	0.305057	0.307980	0.310814	0.285810	0.308737	0.311126	0.312584	0.306879	0.311808	0.303404	0.314827	0.316615	0.311524	0.289891	0.308193	0.294504	0.313072	0.315131	0.289981	0.304442	0.299280	0.284832	0.304639	0.306797	0.314938	0.296837	0.299490	0.292581	0.311335	0.306645	0.285118	0.303750	0.297038	0.290907	0.301530	0.312420	0.293418	0.295244	0.307310	0.295797	0.293348	0.293676	0.305297	0.295295	0.311904	0.293439	0.287291	0.295936	0.310455	0.289348	0.289311	0.287182	0.286653	0.300546	0.312063	0.310934	0.295007	0.310994	0.307786	0.305370	0.284077	0.308305	0.292723	0.314721	0.286102	0.291745	0.310797	0.307877	0.305046	0.289488	0.301707	0.289980	0.312003	
0.302333	0.302038	0.000000	0.214394	0.211824	0.300062	0.292833	0.270266	0.220875	0.300499	0.301837	0.299984	0.296302	0.219747	0.303625	0.305641	0.309016	0.211745	0.306927	0.214744	0.300069	0.302369	0.293910	0.309060	0.309986	0.259444	0.265206	0.263034	0.294069	0.308934	0.305442	0.310529	0.302015	0.304167	0.302170	0.265758	0.266252	0.261415	0.267903	0.264262	0.266889	0.254488	0.258461	0.270074	0.252484	0.264151	0.262164	0.264563	0.263310	0.254319	0.250719	0.252377	0.257795	0.261343	0.258607	0.259445	0.261746	0.265488	0.256213	0.278971	0.258167	0.260777	0.255906	0.267765	0.268509	0.268892	0.255800	0.265559	0.257809	0.262260	0.276993	0.272035	0.259906	0.259637	0.267307	0.265580	0.261136	0.258410	0.269909	0.268170	0.278448	0.277727	0.267283	0.213630	0.273212	0.272273	0.247649	0.276869	0.257307	0.277584	0.261365	0.275999	0.262498	0.265666	0.273114	0.272389	0.269470	0.278676	0.263240	0.262520	0.276846	0.252510	0.253652	0.254970	0.273861	0.259658	0.282194	0.263587	0.274663	0.267871	0.263957	0.269202	0.258806	0.268625	0.261429	0.276150	0.261510	
0.305029	0.301030	0.214394	0.000000	0.211572	0.296813	0.290263	0.265289	0.215450	0.295052	0.302578	0.299741	0.292843	0.218640	0.303457	0.306322	0.304850	0.213976	0.302604	0.211541	0.297837	0.298944	0.287085	0.301581	0.308639	0.261572	0.263135	0.257510	0.287124	0.306686	0.292713	0.306793	0.299726	0.291860	0.303652	0.255161	0.261382	0.252872	0.264460	0.247160	0.268548	0.255544	0.257872	0.271621	0.249529	0.253595	0.258384	0.265233	0.251525	0.250497	0.248773	0.247031	0.248901	0.253010	0.259684	0.256101	0.251495	0.272666	0.249476	0.271446	0.258925	0.258763	0.263451	0.251467	0.267454	0.268986	0.243035	0.255949	0.253017	0.258918	0.268863	0.265070	0.254240	0.255922	0.265885	0.263700	0.257013	0.253337	0.266410	0.254797	0.268938	0.268971	0.256002	0.222134	0.273309	0.265119	0.247672	0.271913	0.257169	0.266799	0.251948	0.274314	0.262584	0.261116	0.264745	0.267632	0.259048	0.272237	0.254947	0.254507	0.265524	0.247346	0.253654	0.252405	0.269811	0.253234	0.276420	0.261110	0.265753	0.272993	0.248751	0.256366	0.253737	0.268568	0.259190	0.275289	0.260066	
0.303754	0.297735	0.211824	0.211572	0.000000	0.300221	0.292460	0.268840	0.220409	0.297755	0.304403	0.302775	0.295804	0.227564	0.304451	0.302663	0.305034	0.212670	0.298204	0.215909	0.291711	0.297438	0.292662	0.298069	0.309172	0.258353	0.250396	0.252330	0.289841	0.307246	0.298464	0.287447	0.301368	0.296678	0.304282	0.262354	0.262122	0.252672	0.268863	0.255114	0.267328	0.251868	0.251611	0.266863	0.255400	0.256342	0.252904	0.265717	0.251511	0.253553	0.252749	0.250367	0.256410	0.250334	0.254064	0.248290	0.259184	0.265392	0.253114	0.266266	0.262613	0.258507	0.265407	0.256414	0.254283	0.267554	0.246480	0.252740	0.253225	0.256857	0.266720	0.267097	0.259662	0.255416	0.258051	0.268010	0.259746	0.257166	0.264619	0.254603	0.264424	0.268751	0.260835	0.210940	0.267376	0.265495	0.259914	0.265243	0.253787	0.268839	0.253166	0.262547	0.260166	0.262972	0.262554	0.258219	0.260426	0.271824	0.256477	0.256779	0.271619	0.253597	0.257266	0.251536	0.269157	0.252019	0.274554	0.263959	0.267538	0.262110	0.256600	0.263615	0.256921	0.269886	0.254201	0.269743	0.256193	
0.207488	0.205802	0.300062	0.296813	0.300221	0.000000	0.218246	0.274631	0.301594	0.204156	0.207013	0.206111	0.227087	0.305164	0.206681	0.210394	0.211948	0.294052	0.226387	0.309697	0.225222	0.231644	0.229511	0.201927	0.208209	0.282575	0.287789	0.285022	0.227195	0.205454	0.226954	0.228757	0.227947	0.228320	0.210817	0.312052	0.304560	0.303809	0.276469	0.303733	0.280967	0.303288	0.308839	0.283787	0.295570	0.303230	0.310614	0.279306	0.306535	0.306445	0.302219	0.300418	0.301387	0.298556	0.308464	0.306393	0.305729	0.284240	0.300185	0.291209	0.310635	0.310981	0.277808	0.296966	0.294528	0.283451	0.295430	0.299150	0.301858	0.292620	0.285734	0.284802	0.307547	0.300366	0.284471	0.294680	0.285304	0.286709	0.294643	0.306452	0.288713	0.289769	0.306225	0.297483	0.282880	0.289192	0.298601	0.287718	0.312179	0.284188	0.282456	0.282878	0.314490	0.287397	0.284006	0.280685	0.283300	0.288030	0.306278	0.296197	0.289088	0.305145	0.305340	0.305496	0.285911	0.301415	0.291773	0.305537	0.289571	0.290843	0.304629	0.302798	0.302736	0.284749	0.301476	0.287303	0.304755	
0.229715	0.225231	0.292833	0.290263	0.292460	0.218246	0.000000	0.276083	0.298831	0.233459	0.233792	0.233996	0.221982	0.298861	0.226587	0.235060	0.232266	0.292241	0.235087	0.294635	0.229979	0.233656	0.224916	0.226365	0.238826	0.282660	0.286401	0.285129	0.238057	0.235294	0.233510	0.234174	0.231949	0.232927	0.231044	0.311020	0.308359	0.292694	0.283389	0.300454	0.280758	0.296308	0.299695	0.278922	0.292121	0.296733	0.297154	0.276208	0.296972	0.293386	0.292857	0.285347	0.296539	0.297772	0.297726	0.297889	0.301553	0.280178	0.296457	0.284521	0.304494	0.298125	0.276525	0.292035	0.289110	0.280667	0.298040	0.293368	0.296947	0.286632	0.285172	0.285192	0.297079	0.288638	0.285605	0.289621	0.290753	0.287444	0.289470	0.301930	0.274740	0.288502	0.306172	0.293815	0.283255	0.292550	0.291400	0.283422	0.302294	0.281122	0.274253	0.280544	0.304480	0.280739	0.278521	0.275905	0.275883	0.285239	0.299876	0.298372	0.288816	0.292612	0.294952	0.296117	0.279520	0.289035	0.279264	0.307541	0.281934	0.277736	0.302556	0.303094	0.299153	0.282902	0.289769	0.280974	0.295833	
0.287454	0.283362	0.270266	0.265289	0.268840	0.274631	0.276083	0.000000	0.275215	0.286256	0.288999	0.285947	0.275272	0.270931	0.290164	0.288024	0.283279	0.272337	0.285045	0.274226	0.281753	0.284468	0.285184	0.287424	0.291331	0.256444	0.254370	0.257030	0.294088	0.288390	0.281909	0.280996	0.286101	0.292623	0.289075	0.267357	0.269290	0.266778	0.245685	0.265959	0.240078	0.267523	0.264954	0.233175	0.260740	0.263400	0.266285	0.240712	0.265309	0.266209	0.263482	0.256772	0.261004	0.260123	0.267857	0.275238	0.260497	0.241272	0.267002	0.240268	0.267426	0.261413	0.244410	0.264092	0.253388	0.238396	0.256655	0.271291	0.264361	0.248732	0.245336	0.244863	0.264265	0.258737	0.240090	0.256028	0.263881	0.262458	0.254594	0.267296	0.247493	0.244684	0.260894	0.276136	0.245214	0.239821	0.258182	0.238492	0.259508	0.243527	0.253381	0.247604	0.271624	0.238688	0.242126	0.241813	0.244121	0.243977	0.260976	0.262702	0.238687	0.264342	0.264586	0.264698	0.247906	0.263727	0.243252	0.269961	0.249363	0.246078	0.264706	0.267131	0.258452	0.245842	0.254206	0.239484	0.265401	
0.302124	0.304681	0.220875	0.215450	0.220409	0.301594	0.298831	0.275215	0.000000	0.303433	0.303073	0.304805	0.294351	0.223281	0.305621	0.295696	0.303892	0.218159	0.309066	0.216488	0.293395	0.301391	0.300769	0.305225	0.312406	0.255268	0.254911	0.256699	0.298419	0.308950	0.299446	0.307173	0.305267	0.303085	0.298623	0.262012	0.263717	0.266233	0.265766	0.260244	0.264246	0.263337	0.262561	0.270072	0.258537	0.255486	0.267959	0.267012	0.256878	0.255785	0.255874	0.244984	0.259163	0.253091	0.260780	0.258113	0.259537	0.276578	0.250468	0.281299	0.262899	0.260180	0.262893	0.260518	0.261500	0.270359	0.252652	0.255985	0.256798	0.262277	0.269861	0.273984	0.259012	0.261517	0.271620	0.269090	0.257178	0.253774	0.265576	0.260288	0.272253	0.278512	0.265059	0.216516	0.271645	0.268037	0.251813	0.271580	0.258442	0.270362	0.254633	0.275154	0.258391	0.268437	0.264267	0.263986	0.269766	0.273231	0.254768	0.264420	0.276778	0.260632	0.262344	0.254740	0.269545	0.263771	0.283814	0.263522	0.269231	0.268429	0.257679	0.264562	0.260899	0.270300	0.265757	0.272541	0.264754	
0.210618	0.207605	0.300499	0.295052	0.297755	0.204156	0.233459	0.286256	0.303433	0.000000	0.095804	0.098972	0.228316	0.303682	0.214638	0.220390	0.217500	0.297518	0.226689	0.298936	0.228808	0.238476	0.227822	0.214768	0.207819	0.288296	0.287098	0.282088	0.231421	0.211090	0.239152	0.235674	0.239960	0.235096	0.204430	0.310116	0.308830	0.300069	0.286564	0.302188	0.286443	0.304312	0.307767	0.294093	0.295765	0.299986	0.306793	0.281112	0.307161	0.306461	0.301850	0.297521	0.305953	0.304396	0.310103	0.309669	0.302145	0.294522	0.299534	0.293059	0.303463	0.299681	0.287032	0.299958	0.291522	0.286169	0.296752	0.297729	0.301006	0.293857	0.290866	0.288129	0.308945	0.301206	0.287595	0.296892	0.285237	0.286430	0.296383	0.295598	0.287027	0.291529	0.305448	0.293430	0.284428	0.295913	0.301842	0.283190	0.305970	0.292801	0.285334	0.282739	0.305895	0.284255	0.288009	0.285090	0.282930	0.294346	0.312341	0.304575	0.293227	0.307383	0.310828	0.304796	0.290901	0.300415	0.290318	0.308718	0.293854	0.289233	0.304929	0.308506	0.304061	0.285990	0.301050	0.287713	0.306722	
0.213696	0.205318	0.301837	0.302578	0.304403	0.207013	0.233792	0.288999	0.303073	0.095804	0.000000	0.099943	0.226674	0.301643	0.209948	0.217232	0.215713	0.298925	0.229775	0.303734	0.235634	0.240650	0.228467	0.211644	0.208201	0.291667	0.288810	0.286540	0.236530	0.210557	0.239034	0.237173	0.236584	0.233945	0.210244	0.318194	0.315484	0.310283	0.291742	0.309818	0.290203	0.308644	0.310712	0.292814	0.302941	0.308452	0.309351	0.281427	0.315106	0.311647	0.314148	0.306718	0.310871	0.310492	0.316648	0.317730	0.309491	0.298781	0.300306	0.297072	0.311748	0.308703	0.291563	0.305822	0.301749	0.288653	0.307140	0.306389	0.307339	0.297038	0.291868	0.295307	0.313847	0.304173	0.292423	0.297995	0.290871	0.288877	0.302901	0.301959	0.293823	0.296000	0.311464	0.299533	0.292568	0.295213	0.305459	0.289071	0.311826	0.294394	0.286034	0.287877	0.311394	0.291150	0.292301	0.295989	0.290095	0.300936	0.316302	0.310656	0.305599	0.308214	0.309580	0.311453	0.292854	0.315863	0.291980	0.317932	0.295883	0.289506	0.313831	0.316447	0.308243	0.291948	0.307075	0.294028	0.315192	
0.212278	0.209138	0.299984	0.299741	0.302775	0.206111	0.233996	0.285947	0.304805	0.098972	0.099943	0.000000	0.230363	0.302649	0.211827	0.214908	0.221776	0.295398	0.230514	0.298990	0.238662	0.236169	0.235541	0.210732	0.209894	0.294014	0.292224	0.286923	0.245163	0.216228	0.237997	0.234540	0.240178	0.238405	0.204942	0.315617	0.310959	0.303576	0.288448	0.307386	0.288131	0.310932	0.312126	0.291761	0.297640	0.304890	0.307987	0.283164	0.311422	0.312180	0.306849	0.305441	0.310222	0.308196	0.310007	0.310020	0.309769	0.296954	0.307854	0.297345	0.311759	0.304714	0.288169	0.306403	0.300833	0.291518	0.306771	0.308086	0.309117	0.298095	0.291512	0.289079	0.314762	0.303464	0.290821	0.297263	0.295487	0.295823	0.299801	0.301124	0.297588	0.291732	0.312839	0.298270	0.294522	0.296412	0.301628	0.284218	0.306640	0.294797	0.291787	0.292037	0.308793	0.292483	0.296476	0.291345	0.290231	0.298977	0.313520	0.306713	0.296514	0.307033	0.309112	0.306918	0.290407	0.310641	0.288598	0.313227	0.295245	0.289016	0.310770	0.315513	0.308097	0.294970	0.306737	0.290917	0.315752	
0.234393	0.222378	0.296302	0.292843	0.295804	0.227087	0.221982	0.275272	0.294351	0.228316	0.226674	0.230363	0.000000	0.304513	0.231314	0.230064	0.222843	0.295261	0.237824	0.298398	0.227030	0.229623	0.224780	0.219011	0.235163	0.287335	0.284240	0.283582	0.241448	0.232195	0.234586	0.233018	0.227409	0.231047	0.226737	0.302779	0.304595	0.297077	0.280999	0.302098	0.281112	0.297626	0.303641	0.286069	0.293266	0.300069	0.301655	0.281497	0.298793	0.305851	0.297772	0.291373	0.300153	0.291407	0.307940	0.303559	0.298599	0.292961	0.296621	0.287650	0.302664	0.302694	0.279276	0.299638	0.294010	0.282190	0.298185	0.296266	0.300879	0.286910	0.287536	0.281545	0.298170	0.291672	0.284423	0.293615	0.290490	0.287430	0.294762	0.302614	0.286833	0.287810	0.301303	0.291581	0.288018	0.285418	0.299318	0.288166	0.305702	0.286764	0.284449	0.288437	0.306806	0.289113	0.286310	0.282965	0.279086	0.289683	0.301092	0.301484	0.286041	0.297831	0.297621	0.301296	0.286679	0.302283	0.279705	0.305782	0.284234	0.286487	0.306380	0.301296	0.299226	0.282771	0.297005	0.285655	0.304868	
0.303881	0.306617	0.219747	0.218640	0.227564	0.305164	0.298861	0.270931	0.223281	0.303682	0.301643	0.302649	0.304513	0.000000	0.311696	0.304915	0.312143	0.220705	0.312378	0.221427	0.301207	0.304062	0.298571	0.307130	0.313346	0.267327	0.266197	0.265070	0.299613	0.307326	0.300461	0.311539	0.304093	0.305247	0.304576	0.266676	0.271936	0.263932	0.270492	0.260318	0.273494	0.265271	0.262234	0.272837	0.258876	0.262190	0.265983	0.267632	0.258216	0.264446	0.252981	0.259338	0.266290	0.262299	0.268655	0.263504	0.265386	0.283050	0.259989	0.280241	0.263624	0.263264	0.271048	0.262846	0.265273	0.268322	0.258912	0.266462	0.263023	0.267332	0.273399	0.271027	0.266837	0.258915	0.270598	0.268794	0.260576	0.258674	0.275141	0.264197	0.280631	0.280220	0.265317	0.222474	0.280463	0.270669	0.250773	0.275713	0.265112	0.276348	0.264297	0.276146	0.266335	0.280190	0.269826	0.273486	0.265093	0.279239	0.261412	0.271217	0.273293	0.252721	0.256924	0.260730	0.277581	0.260208	0.286054	0.264007	0.277355	0.272141	0.267748	0.260440	0.264073	0.274812	0.273191	0.277419	0.268667	
0.208545	0.212673	0.303625	0.303457	0.304451	0.206681	0.226587	0.290164	0.305621	0.214638	0.209948	0.211827	0.231314	0.311696	0.000000	0.213686	0.219095	0.303131	0.235669	0.303392	0.243466	0.235026	0.229038	0.220435	0.212667	0.292563	0.294569	0.294260	0.239989	0.215828	0.239089	0.237131	0.242031	0.239813	0.205943	0.311958	0.309564	0.306850	0.286557	0.314458	0.288456	0.314127	0.313431	0.288209	0.302660	0.311989	0.313106	0.289127	0.311743	0.313052	0.310478	0.302268	0.312034	0.308608	0.309476	0.311552	0.311860	0.295038	0.304569	0.300339	0.309136	0.307263	0.290831	0.307991	0.295249	0.292274	0.303944	0.305624	0.304679	0.295370	0.295402	0.295197	0.309018	0.307716	0.297050	0.305273	0.295320	0.287921	0.302993	0.307348	0.289190	0.299690	0.311056	0.305158	0.292365	0.297155	0.308780	0.292565	0.313089	0.294892	0.288640	0.300000	0.306280	0.299595	0.296446	0.288267	0.284188	0.289162	0.315088	0.307301	0.299186	0.310120	0.311090	0.303872	0.291941	0.307382	0.298179	0.313964	0.293015	0.292943	0.310648	0.310557	0.306091	0.288744	0.304738	0.291628	0.312694	
0.209981	0.217133	0.305641	0.306322	0.302663	0.210394	0.235060	0.288024	0.295696	0.220390	0.217232	0.214908	0.230064	0.304915	0.213686	0.000000	0.223354	0.297941	0.232455	0.302371	0.236981	0.234666	0.236300	0.210953	0.221537	0.292386	0.292644	0.292345	0.235454	0.217662	0.239807	0.237399	0.236157	0.247327	0.212587	0.315610	0.313830	0.311302	0.286633	0.314858	0.286805	0.311386	0.311866	0.293533	0.306125	0.304230	0.315031	0.286379	0.312209	0.315596	0.308669	0.302952	0.305571	0.307001	0.313974	0.313857	0.310279	0.291684	0.308236	0.300043	0.309019	0.313151	0.286201	0.309141	0.302380	0.288601	0.311757	0.306487	0.314682	0.295655	0.288819	0.289181	0.307766	0.298931	0.292472	0.304525	0.293688	0.290238	0.299180	0.312135	0.298074	0.297817	0.308512	0.298248	0.300055	0.293148	0.307175	0.290314	0.310119	0.294471	0.289956	0.294198	0.313620	0.297778	0.292643	0.290709	0.292440	0.298091	0.320989	0.310165	0.296322	0.309348	0.306268	0.312220	0.298014	0.306910	0.292631	0.314029	0.288987	0.285734	0.307564	0.309844	0.312959	0.287059	0.308544	0.288177	0.309148	
0.215542	0.215016	0.309016	0.304850	0.305034	0.211948	0.232266	0.283279	0.303892	0.217500	0.215713	0.221776	0.222843	0.312143	0.219095	0.223354	0.000000	0.304437	0.231211	0.305855	0.233348	0.230189	0.235013	0.214334	0.222059	0.288488	0.292418	0.290436	0.226743	0.217105	0.230918	0.233079	0.233756	0.234189	0.209350	0.315692	0.310345	0.304348	0.290808	0.309738	0.289788	0.308415	0.308307	0.281746	0.299555	0.301902	0.309684	0.294016	0.305493	0.315803	0.305784	0.304872	0.309183	0.308406	0.308338	0.311330	0.307897	0.293082	0.304037	0.291448	0.309803	0.310910	0.284426	0.305440	0.298050	0.293624	0.299695	0.302424	0.306460	0.295251	0.286361	0.290783	0.307621	0.302239	0.292689	0.302630	0.293676	0.294779	0.302680	0.310277	0.289628	0.291346	0.308796	0.305985	0.290404	0.295805	0.301029	0.288868	0.312824	0.290489	0.291341	0.294424	0.310495	0.290009	0.287563	0.291746	0.287649	0.296137	0.309007	0.303275	0.293690	0.308584	0.306523	0.311690	0.290671	0.304638	0.288408	0.311608	0.293531	0.293186	0.311075	0.312715	0.307845	0.290494	0.303740	0.286342	0.306074	
0.305024	0.299421	0.211745	0.213976	0.212670	0.294052	0.292241	0.272337	0.218159	0.297518	0.298925	0.295398	0.295261	0.220705	0.303131	0.297941	0.304437	0.000000	0.300857	0.212838	0.299370	0.296638	0.292007	0.294909	0.302779	0.254635	0.257155	0.258572	0.299195	0.301136	0.298752	0.302004	0.305282	0.301210	0.295281	0.264115	0.260811	0.263426	0.269828	0.254804	0.268811	0.267848	0.262490	0.270223	0.253851	0.253557	0.265290	0.262746	0.258744	0.258765	0.250034	0.246106	0.259294	0.252490	0.252471	0.264527	0.258644	0.271568	0.249751	0.273723	0.257359	0.257668	0.257097	0.249220	0.258654	0.263983	0.250000	0.263299	0.260235	0.262208	0.268602	0.263400	0.256708	0.259279	0.262588	0.268492	0.252924	0.251597	0.265587	0.262144	0.270828	0.273352	0.262306	0.214257	0.271926	0.264896	0.250541	0.266295	0.258595	0.270398	0.250103	0.269403	0.258509	0.267132	0.271127	0.269421	0.267378	0.269312	0.260474	0.265906	0.268775	0.257650	0.257418	0.255798	0.269963	0.250305	0.287213	0.260099	0.274515	0.270234	0.258345	0.260368	0.264461	0.266694	0.262618	0.273379	0.255339	
0.237821	0.232818	0.306927	0.302604	0.298204	0.226387	0.235087	0.285045	0.309066	0.226689	0.229775	0.230514	0.237824	0.312378	0.235669	0.232455	0.231211	0.300857	0.000000	0.303431	0.220538	0.228875	0.220610	0.218866	0.229650	0.284332	0.281347	0.283224	0.220150	0.239076	0.231387	0.217434	0.225838	0.223491	0.231138	0.314812	0.313213	0.303181	0.282679	0.304094	0.286508	0.309798	0.308099	0.294728	0.303968	0.302787	0.309812	0.280035	0.304622	0.311062	0.307084	0.299693	0.304630	0.301242	0.310746	0.311466	0.304162	0.279667	0.300120	0.285607	0.305682	0.306608	0.284440	0.303222	0.297677	0.290898	0.303545	0.308018	0.300104	0.292299	0.283811	0.286511	0.315550	0.307070	0.287206	0.301587	0.293475	0.293666	0.294664	0.297952	0.284620	0.293851	0.307963	0.303291	0.288676	0.290965	0.303734	0.281942	0.310886	0.292240	0.286897	0.286489	0.306867	0.290720	0.291348	0.287021	0.282806	0.293183	0.308587	0.297325	0.287520	0.305140	0.308575	0.301064	0.291562	0.302999	0.277385	0.313948	0.287115	0.290658	0.293790	0.307076	0.309691	0.291831	0.312124	0.290762	0.307083	
0.309486	0.301157	0.214744	0.211541	0.215909	0.309697	0.294635	0.274226	0.216488	0.298936	0.303734	0.298990	0.298398	0.221427	0.303392	0.302371	0.305855	0.212838	0.303431	0.000000	0.294403	0.298534	0.297546	0.306988	0.312265	0.257079	0.255754	0.257395	0.296706	0.308047	0.294623	0.296177	0.295594	0.300559	0.302684	0.267508	0.264530	0.260973	0.271891	0.257188	0.272933	0.262425	0.260075	0.268633	0.255124	0.254936	0.262384	0.267138	0.262133	0.258180	0.256284	0.254707	0.260380	0.249502	0.261918	0.262563	0.257002	0.272333	0.262088	0.272109	0.264879	0.268081	0.260165	0.256760	0.268079	0.268426	0.249302	0.259520	0.255058	0.268204	0.270616	0.273128	0.258455	0.255075	0.272837	0.266596	0.257085	0.257952	0.267536	0.257309	0.269835	0.271277	0.265637	0.222472	0.275747	0.270501	0.251974	0.269422	0.259925	0.274471	0.256040	0.274418	0.261744	0.271303	0.271463	0.272604	0.265691	0.277145	0.256999	0.268644	0.271478	0.259437	0.262926	0.258150	0.276469	0.253817	0.288481	0.272595	0.276495	0.275213	0.256864	0.262593	0.259535	0.273030	0.266142	0.276051	0.260841	
0.238830	0.229068	0.300069	0.297837	0.291711	0.225222	0.229979	0.281753	0.293395	0.228808	0.235634	0.238662	0.227030	0.301207	0.243466	0.236981	0.233348	0.299370	0.220538	0.294403	0.000000	0.224327	0.226560	0.238786	0.230365	0.279434	0.282344	0.278622	0.220556	0.232262	0.220842	0.216456	0.215054	0.223587	0.230088	0.309886	0.306095	0.300698	0.283428	0.297562	0.281852	0.297072	0.302517	0.285608	0.290992	0.292324	0.300610	0.279484	0.302545	0.300701	0.299716	0.294862	0.295851	0.298238	0.296832	0.304101	0.295813	0.280551	0.283598	0.274390	0.307208	0.302849	0.278209	0.294180	0.293921	0.283278	0.296623	0.297104	0.300636	0.281800	0.285778	0.282846	0.300404	0.292643	0.279363	0.297036	0.289050	0.288039	0.289812	0.293533	0.285113	0.286824	0.299821	0.290092	0.288026	0.286653	0.295957	0.285671	0.303393	0.282920	0.276663	0.278517	0.294606	0.277618	0.276355	0.277719	0.280054	0.282842	0.302721	0.288862	0.285152	0.293235	0.294197	0.303125	0.285973	0.296899	0.270869	0.311068	0.278343	0.283468	0.287247	0.300818	0.297422	0.278366	0.300794	0.283296	0.298921	
0.237147	0.233324	0.302369	0.298944	0.297438	0.231644	0.233656	0.284468	0.301391	0.238476	0.240650	0.236169	0.229623	0.304062	0.235026	0.234666	0.230189	0.296638	0.228875	0.298534	0.224327	0.000000	0.227189	0.227471	0.242180	0.283261	0.289125	0.286378	0.226397	0.235784	0.228291	0.230769	0.234653	0.239717	0.236012	0.302528	0.302273	0.299200	0.284795	0.309445	0.280502	0.298800	0.306660	0.285695	0.295461	0.295145	0.306288	0.287840	0.302279	0.311254	0.297243	0.300360	0.298680	0.299960	0.308049	0.305745	0.300497	0.284802	0.297765	0.286667	0.309489	0.305276	0.282789	0.297159	0.293511	0.284642	0.297887	0.296153	0.302035	0.291358	0.284127	0.281993	0.301006	0.298993	0.286405	0.299467	0.291509	0.288436	0.294306	0.297086	0.288451	0.291505	0.302170	0.295433	0.286521	0.287587	0.301116	0.285560	0.305734	0.292275	0.282030	0.286827	0.307022	0.290121	0.291263	0.278277	0.283380	0.285933	0.307124	0.301548	0.293170	0.303075	0.300981	0.300093	0.280592	0.298222	0.286347	0.300920	0.288762	0.288531	0.297769	0.305315	0.302444	0.287203	0.301396	0.288552	0.303547	
0.233759	0.225344	0.293910	0.287085	0.292662	0.229511	0.224916	0.285184	0.300769	0.227822	0.228467	0.235541	0.224780	0.298571	0.229038	0.236300	0.235013	0.292007	0.220610	0.297546	0.226560	0.227189	0.000000	0.229202	0.232865	0.279820	0.282677	0.279719	0.239088	0.228201	0.228988	0.227797	0.235381	0.219588	0.224019	0.303699	0.301089	0.294208	0.282177	0.298456	0.281490	0.301181	0.298027	0.280095	0.298152	0.297843	0.298860	0.274469	0.299371	0.301381	0.303394	0.291423	0.297735	0.292952	0.304298	0.297399	0.297225	0.277385	0.289744	0.278282	0.302225	0.301316	0.276314	0.289570	0.290491	0.279894	0.295410	0.299275	0.291572	0.284290	0.283920	0.280056	0.293550	0.291713	0.282688	0.288775	0.288272	0.285775	0.284345	0.288661	0.281035	0.293402	0.297104	0.292483	0.287400	0.283878	0.289884	0.274810	0.298211	0.281844	0.281555	0.284975	0.292807	0.284602	0.283287	0.274607	0.275766	0.285140	0.297695	0.291499	0.287120	0.295923	0.293969	0.298860	0.281316	0.297077	0.276798	0.303755	0.285512	0.280952	0.293735	0.295255	0.289202	0.279598	0.287896	0.284134	0.303179	
0.213988	0.206071	0.309060	0.301581	0.298069	0.201927	0.226365	0.287424	0.305225	0.214768	0.211644	0.210732	0.219011	0.307130	0.220435	0.210953	0.214334	0.294909	0.218866	0.306988	0.238786	0.227471	0.229202	0.000000	0.211671	0.280241	0.277344	0.281361	0.231780	0.202305	0.227953	0.225822	0.229915	0.231154	0.204906	0.310707	0.307392	0.297747	0.289186	0.305917	0.279123	0.305130	0.302137	0.289742	0.300697	0.303624	0.305071	0.277965	0.306178	0.307485	0.298694	0.303857	0.300773	0.302260	0.308981	0.302936	0.304448	0.285832	0.300494	0.289683	0.301120	0.305844	0.280716	0.300136	0.296843	0.283999	0.299069	0.295519	0.305089	0.292752	0.287542	0.287451	0.311084	0.295981	0.288459	0.302709	0.285928	0.287288	0.296092	0.299487	0.284648	0.288985	0.302642	0.298431	0.288055	0.290735	0.304283	0.287012	0.304764	0.286560	0.279121	0.285734	0.306276	0.282647	0.285559	0.276986	0.284578	0.295981	0.304819	0.300676	0.286031	0.302461	0.301083	0.303933	0.288585	0.304100	0.286623	0.307940	0.285011	0.286525	0.305884	0.306207	0.306172	0.285849	0.307588	0.288339	0.308004	
0.207579	0.207350	0.309986	0.308639	0.309172	0.208209	0.238826	0.291331	0.312406	0.207819	0.208201	0.209894	0.235163	0.313346	0.212667	0.221537	0.222059	0.302779	0.229650	0.312265	0.230365	0.242180	0.232865	0.211671	0.000000	0.291609	0.294302	0.293574	0.231354	0.215608	0.238193	0.233471	0.233429	0.234563	0.210605	0.317635	0.315239	0.313694	0.291705	0.318464	0.287224	0.313943	0.316600	0.294032	0.311138	0.310786	0.316025	0.287875	0.316097	0.316605	0.313559	0.306890	0.314533	0.307540	0.312256	0.315490	0.310798	0.296101	0.308530	0.298234	0.312061	0.309887	0.292003	0.306533	0.302884	0.295319	0.308751	0.308058	0.314159	0.303593	0.295771	0.289019	0.315671	0.304429	0.294853	0.307702	0.298651	0.293340	0.302978	0.309742	0.292367	0.301734	0.313725	0.308756	0.298297	0.291292	0.313232	0.290555	0.315127	0.296772	0.293073	0.300453	0.313275	0.298804	0.294768	0.292578	0.289575	0.301338	0.314970	0.309195	0.305365	0.313015	0.313838	0.307236	0.292138	0.310800	0.296329	0.311413	0.292361	0.289337	0.310527	0.307915	0.311675	0.292025	0.310999	0.294960	0.313921	
0.289593	0.296343	0.259444	0.261572	0.258353	0.282575	0.282660	0.256444	0.255268	0.288296	0.291667	0.294014	0.287335	0.267327	0.292563	0.292386	0.288488	0.254635	0.284332	0.257079	0.279434	0.283261	0.279820	0.280241	0.291609	0.000000	0.104193	0.096194	0.278625	0.292823	0.281698	0.283951	0.283684	0.279106	0.289749	0.267296	0.268226	0.267886	0.252229	0.268233	0.253562	0.277558	0.273826	0.258536	0.265601	0.269625	0.273918	0.255278	0.267151	0.273560	0.271133	0.261475	0.259810	0.261654	0.274283	0.266328	0.271841	0.257266	0.260633	0.256192	0.270319	0.272627	0.253386	0.268017	0.260694	0.260219	0.256101	0.264525	0.258988	0.265092	0.253119	0.251890	0.270396	0.268813	0.261282	0.262262	0.228225	0.226064	0.259558	0.264970	0.257348	0.263252	0.259290	0.259845	0.258825	0.257424	0.265997	0.257478	0.269700	0.260608	0.221161	0.257092	0.269330	0.251421	0.254025	0.249060	0.258082	0.257900	0.260579	0.270639	0.255723	0.267106	0.267226	0.261219	0.259049	0.265683	0.263394	0.267394	0.261171	0.258467	0.265541	0.272331	0.274429	0.254277	0.264081	0.260720	0.261659	
0.296109	0.296307	0.265206	0.263135	0.250396	0.287789	0.286401	0.254370	0.254911	0.287098	0.288810	0.292224	0.284240	0.266197	0.294569	0.292644	0.292418	0.257155	0.281347	0.255754	0.282344	0.289125	0.282677	0.277344	0.294302	0.104193	0.000000	0.099441	0.285324	0.294860	0.282380	0.287145	0.285165	0.281169	0.294041	0.271920	0.273086	0.269410	0.259994	0.263744	0.257486	0.275236	0.272483	0.260147	0.267315	0.270590	0.273060	0.259527	0.267450	0.275628	0.263180	0.260214	0.268171	0.263722	0.272245	0.276370	0.272572	0.256458	0.266362	0.261759	0.270075	0.272959	0.254335	0.269214	0.264525	0.259836	0.257005	0.262341	0.264857	0.263322	0.258169	0.260734	0.272007	0.265862	0.261827	0.264127	0.229555	0.227970	0.259259	0.269834	0.262288	0.265358	0.260008	0.256994	0.261692	0.261740	0.270824	0.259892	0.268351	0.262080	0.223397	0.256559	0.270765	0.251825	0.255075	0.254352	0.259605	0.256851	0.266513	0.272298	0.260800	0.268189	0.270546	0.265082	0.265569	0.267913	0.265803	0.272292	0.266237	0.259720	0.266913	0.266545	0.263975	0.257123	0.271675	0.263509	0.264806	
0.292841	0.296176	0.263034	0.257510	0.252330	0.285022	0.285129	0.257030	0.256699	0.282088	0.286540	0.286923	0.283582	0.265070	0.294260	0.292345	0.290436	0.258572	0.283224	0.257395	0.278622	0.286378	0.279719	0.281361	0.293574	0.096194	0.099441	0.000000	0.270838	0.285164	0.282110	0.282388	0.281435	0.275801	0.291246	0.269310	0.267035	0.259862	0.257693	0.265027	0.255048	0.273644	0.271691	0.261182	0.268502	0.269931	0.267448	0.252145	0.265881	0.272752	0.266399	0.252761	0.261607	0.259367	0.275295	0.270825	0.268584	0.254943	0.256191	0.258953	0.266380	0.271478	0.250657	0.264148	0.263343	0.256584	0.256581	0.263718	0.264533	0.262240	0.255743	0.256727	0.273130	0.271589	0.258647	0.265180	0.225411	0.223459	0.260882	0.265741	0.258676	0.259817	0.263012	0.256403	0.256932	0.260707	0.263810	0.257593	0.267783	0.260340	0.217124	0.251633	0.270088	0.252940	0.252814	0.248945	0.256152	0.256685	0.261737	0.261725	0.257868	0.264167	0.272727	0.267778	0.258819	0.273818	0.262792	0.273693	0.269630	0.254674	0.264057	0.270710	0.269321	0.249965	0.269161	0.260283	0.258997	
0.234371	0.235408	0.294069	0.287124	0.289841	0.227195	0.238057	0.294088	0.298419	0.231421	0.236530	0.245163	0.241448	0.299613	0.239989	0.235454	0.226743	0.299195	0.220150	0.296706	0.220556	0.226397	0.239088	0.231780	0.231354	0.278625	0.285324	0.270838	0.000000	0.241579	0.229112	0.215614	0.235134	0.207468	0.226621	0.303081	0.301708	0.305241	0.286558	0.300401	0.284091	0.306604	0.306907	0.285748	0.292934	0.301985	0.308834	0.271263	0.304110	0.309839	0.296025	0.295283	0.300596	0.295718	0.307692	0.304235	0.297349	0.277658	0.292671	0.282797	0.308862	0.311048	0.286188	0.298952	0.297806	0.298957	0.293238	0.289673	0.303657	0.282640	0.288831	0.285002	0.295805	0.290714	0.283127	0.291068	0.285305	0.277313	0.283875	0.289385	0.273697	0.279820	0.293951	0.282136	0.284018	0.286121	0.301001	0.283381	0.303843	0.290918	0.278294	0.277870	0.301826	0.286950	0.286124	0.277751	0.272361	0.289280	0.300427	0.297816	0.292234	0.289555	0.303103	0.298680	0.285850	0.300430	0.275829	0.308709	0.286059	0.285341	0.292878	0.302123	0.298084	0.282640	0.299952	0.282970	0.302800	
0.202836	0.214780	0.308934	0.306686	0.307246	0.205454	0.235294	0.288390	0.308950	0.211090	0.210557	0.216228	0.232195	0.307326	0.215828	0.217662	0.217105	0.301136	0.239076	0.308047	0.232262	0.235784	0.228201	0.202305	0.215608	0.292823	0.294860	0.285164	0.241579	0.000000	0.226754	0.229889	0.238633	0.232236	0.204229	0.317749	0.312305	0.303799	0.287954	0.305839	0.288737	0.307322	0.310905	0.293517	0.294888	0.306362	0.313173	0.272092	0.306311	0.309399	0.312979	0.302682	0.314367	0.306447	0.311130	0.306805	0.301712	0.287794	0.300954	0.293269	0.307209	0.308395	0.289242	0.298612	0.303579	0.288237	0.306915	0.302910	0.306289	0.293436	0.288990	0.290525	0.310950	0.303962	0.287920	0.304372	0.293173	0.298238	0.301248	0.309050	0.289534	0.288886	0.305425	0.304170	0.284226	0.292714	0.306857	0.288332	0.315535	0.291346	0.285776	0.290852	0.309022	0.293264	0.293664	0.284701	0.285552	0.297237	0.310410	0.299400	0.292409	0.303000	0.306714	0.305217	0.285858	0.308550	0.293787	0.309544	0.287379	0.293658	0.311111	0.307877	0.305390	0.294728	0.309466	0.294881	0.309976	
0.231806	0.235122	0.305442	0.292713	0.298464	0.226954	0.233510	0.281909	0.299446	0.239152	0.239034	0.237997	0.234586	0.300461	0.239089	0.239807	0.230918	0.298752	0.231387	0.294623	0.220842	0.228291	0.228988	0.227953	0.238193	0.281698	0.282380	0.282110	0.229112	0.226754	0.000000	0.227834	0.226312	0.229985	0.234093	0.311032	0.308291	0.302696	0.286594	0.296992	0.277535	0.307860	0.307271	0.284665	0.299032	0.299918	0.304720	0.272901	0.306293	0.310623	0.304193	0.294094	0.293236	0.301964	0.305656	0.300970	0.299589	0.283001	0.298705	0.283312	0.304878	0.303907	0.281080	0.296714	0.301313	0.284326	0.299891	0.297353	0.301884	0.286440	0.282787	0.287808	0.302745	0.295976	0.288084	0.304230	0.285636	0.287958	0.296054	0.301018	0.285911	0.287701	0.296134	0.296860	0.293319	0.289732	0.297449	0.283340	0.306756	0.284758	0.284390	0.281413	0.304828	0.280682	0.281477	0.275218	0.278892	0.284048	0.297601	0.299736	0.289849	0.301605	0.302623	0.300150	0.286899	0.300880	0.282230	0.305306	0.288584	0.285910	0.296429	0.302898	0.300832	0.287392	0.294263	0.285225	0.305003	
0.230056	0.233967	0.310529	0.306793	0.287447	0.228757	0.234174	0.280996	0.307173	0.235674	0.237173	0.234540	0.233018	0.311539	0.237131	0.237399	0.233079	0.302004	0.217434	0.296177	0.216456	0.230769	0.227797	0.225822	0.233471	0.283951	0.287145	0.282388	0.215614	0.229889	0.227834	0.000000	0.213508	0.214342	0.232175	0.306429	0.305569	0.297595	0.287160	0.299701	0.278050	0.303760	0.303645	0.280807	0.286538	0.297561	0.305381	0.283117	0.298619	0.299905	0.299605	0.293432	0.300413	0.300379	0.305341	0.301311	0.294752	0.284205	0.291734	0.278501	0.304183	0.305230	0.277550	0.299220	0.290965	0.285511	0.296759	0.300584	0.301491	0.289306	0.280840	0.283273	0.303715	0.294986	0.286506	0.301652	0.287540	0.284461	0.286183	0.296820	0.280298	0.286822	0.296887	0.298428	0.280927	0.289040	0.299920	0.278156	0.302484	0.287860	0.279036	0.284157	0.294404	0.283699	0.287031	0.279613	0.280000	0.275040	0.300935	0.285431	0.285760	0.299842	0.298602	0.300661	0.280121	0.301067	0.275085	0.308261	0.288903	0.284718	0.288462	0.300189	0.298693	0.289818	0.299714	0.292195	0.302009	
0.235889	0.231519	0.302015	0.299726	0.301368	0.227947	0.231949	0.286101	0.305267	0.239960	0.236584	0.240178	0.227409	0.304093	0.242031	0.236157	0.233756	0.305282	0.225838	0.295594	0.215054	0.234653	0.235381	0.229915	0.233429	0.283684	0.285165	0.281435	0.235134	0.238633	0.226312	0.213508	0.000000	0.224797	0.227428	0.308219	0.308758	0.302606	0.278921	0.304272	0.287645	0.304224	0.305773	0.291620	0.294497	0.299746	0.302414	0.285212	0.300048	0.299888	0.295056	0.295902	0.302885	0.300383	0.307592	0.307288	0.295473	0.286383	0.285367	0.288207	0.303380	0.305956	0.282754	0.298720	0.296230	0.288127	0.300431	0.298184	0.301240	0.288576	0.288992	0.284574	0.301101	0.296890	0.289941	0.300333	0.292384	0.290795	0.292764	0.295024	0.285257	0.296031	0.295754	0.301031	0.289878	0.288924	0.304620	0.288342	0.308538	0.287987	0.278770	0.285828	0.293338	0.287784	0.288600	0.286791	0.278725	0.288437	0.299792	0.294913	0.291243	0.298610	0.302720	0.301983	0.288489	0.303643	0.280163	0.309754	0.284882	0.294990	0.285926	0.308619	0.302891	0.281215	0.306044	0.292960	0.305796	
0.238749	0.236576	0.304167	0.291860	0.296678	0.228320	0.232927	0.292623	0.303085	0.235096	0.233945	0.238405	0.231047	0.305247	0.239813	0.247327	0.234189	0.301210	0.223491	0.300559	0.223587	0.239717	0.219588	0.231154	0.234563	0.279106	0.281169	0.275801	0.207468	0.232236	0.229985	0.214342	0.224797	0.000000	0.227459	0.306227	0.304646	0.293984	0.281655	0.305082	0.280852	0.302652	0.304787	0.293648	0.292435	0.297682	0.301271	0.272623	0.300440	0.310582	0.306107	0.290629	0.295677	0.294745	0.309292	0.306227	0.297933	0.280955	0.283929	0.281858	0.305078	0.298684	0.276794	0.293196	0.288927	0.290341	0.290286	0.293313	0.301061	0.286124	0.283422	0.278522	0.299105	0.294997	0.284732	0.295200	0.288266	0.287387	0.280053	0.286319	0.278954	0.285115	0.289509	0.299507	0.279052	0.287810	0.298011	0.281077	0.308703	0.282315	0.271053	0.284164	0.299980	0.279460	0.284289	0.283701	0.272450	0.278707	0.296839	0.278518	0.282834	0.295533	0.302237	0.292738	0.279786	0.300324	0.269045	0.309632	0.277896	0.283432	0.280777	0.295141	0.292188	0.281773	0.301566	0.285714	0.300344	
0.202561	0.206275	0.302170	0.303652	0.304282	0.210817	0.231044	0.289075	0.298623	0.204430	0.210244	0.204942	0.226737	0.304576	0.205943	0.212587	0.209350	0.295281	0.231138	0.302684	0.230088	0.236012	0.224019	0.204906	0.210605	0.289749	0.294041	0.291246	0.226621	0.204229	0.234093	0.232175	0.227428	0.227459	0.000000	0.312128	0.310578	0.302940	0.280005	0.305627	0.282117	0.308657	0.306428	0.289246	0.299931	0.303079	0.310568	0.284455	0.304354	0.310798	0.307202	0.294721	0.306665	0.295670	0.308763	0.310382	0.302746	0.288959	0.300985	0.290445	0.306552	0.312084	0.285540	0.305446	0.299533	0.285366	0.306045	0.306995	0.304235	0.293949	0.293998	0.291003	0.309643	0.302326	0.286492	0.301943	0.289881	0.292533	0.291841	0.298804	0.290768	0.294173	0.303470	0.302846	0.295417	0.291960	0.301430	0.288616	0.309756	0.286218	0.285439	0.284896	0.307938	0.292864	0.284351	0.283149	0.282461	0.297080	0.311335	0.304508	0.292952	0.304105	0.304803	0.299082	0.281057	0.305930	0.287591	0.308440	0.288224	0.290296	0.304953	0.302357	0.301053	0.285115	0.301574	0.289363	0.307598	
0.316932	0.318499	0.265758	0.255161	0.262354	0.312052	0.311020	0.267357	0.262012	0.310116	0.318194	0.315617	0.302779	0.266676	0.311958	0.315610	0.315692	0.264115	0.314812	0.267508	0.309886	0.302528	0.303699	0.310707	0.317635	0.267296	0.271920	0.269310	0.303081	0.317749	0.311032	0.306429	0.308219	0.306227	0.312128	0.000000	0.109781	0.244427	0.263607	0.243511	0.263798	0.245172	0.243364	0.269000	0.243488	0.243346	0.245566	0.262710	0.240535	0.241699	0.239895	0.238648	0.240221	0.247254	0.248833	0.244174	0.241429	0.272933	0.242642	0.271399	0.254131	0.251443	0.265279	0.254879	0.258094	0.265169	0.238400	0.247223	0.246884	0.258980	0.263296	0.261423	0.247740	0.242711	0.267491	0.255926	0.273328	0.276582	0.254879	0.247530	0.268145	0.268165	0.239450	0.260224	0.270534	0.266090	0.247301	0.267133	0.251213	0.267364	0.268939	0.271351	0.248039	0.264804	0.266096	0.270613	0.267707	0.270344	0.244947	0.251501	0.262723	0.244030	0.242711	0.246184	0.274614	0.255176	0.272674	0.253226	0.273428	0.269074	0.250290	0.245472	0.246636	0.267199	0.260995	0.266150	0.240347	
0.313399	0.314830	0.266252	0.261382	0.262122	0.304560	0.308359	0.269290	0.263717	0.308830	0.315484	0.310959	0.304595	0.271936	0.309564	0.313830	0.310345	0.260811	0.313213	0.264530	0.306095	0.302273	0.301089	0.307392	0.315239	0.268226	0.273086	0.267035	0.301708	0.312305	0.308291	0.305569	0.308758	0.304646	0.310578	0.109781	0.000000	0.243867	0.265014	0.244555	0.262462	0.243769	0.242213	0.268251	0.247176	0.244650	0.250424	0.263144	0.243151	0.243363	0.241271	0.239363	0.245817	0.244703	0.252067	0.241452	0.246552	0.269113	0.249655	0.264874	0.250525	0.250066	0.262241	0.256170	0.255144	0.267604	0.238226	0.249575	0.252721	0.256007	0.264656	0.261927	0.248492	0.244056	0.265798	0.254593	0.270899	0.270649	0.257566	0.241927	0.265963	0.267556	0.247344	0.260649	0.272092	0.258589	0.249506	0.268260	0.242627	0.266353	0.271372	0.266553	0.246079	0.258885	0.261654	0.271852	0.264200	0.273162	0.244510	0.252596	0.261234	0.249311	0.241325	0.249543	0.270306	0.254253	0.270891	0.251108	0.270152	0.269827	0.255220	0.248013	0.252286	0.262104	0.264374	0.267463	0.244059	
