1.206847	0.313402	-0.060880	-0.073028	-0.070445	0.313695	0.237535	-0.028531	-0.053930	0.317966	0.314635	0.324610	0.204646	-0.060964	0.326299	0.329957	0.311480	-0.076224	0.214103	-0.076384	0.182806	0.214503	0.187921	0.289071	0.341002	-0.039191	-0.055619	-0.046690	0.198586	0.367261	0.221399	0.227732	0.202271	0.172062	0.342745	-0.108389	-0.095970	-0.101214	-0.039537	-0.108464	-0.048830	-0.104221	-0.104105	-0.045054	-0.070854	-0.095205	-0.110592	-0.025339	-0.109837	-0.108256	-0.116931	-0.089287	-0.090960	-0.094272	-0.103093	-0.092581	-0.101656	-0.049213	-0.098726	-0.071157	-0.092805	-0.103164	-0.050763	-0.094928	-0.089398	-0.042100	-0.113694	-0.087845	-0.095836	-0.068267	-0.061601	-0.052663	-0.097220	-0.099679	-0.072568	-0.068628	-0.052825	-0.055032	-0.067731	-0.099122	-0.043170	-0.070295	-0.088686	-0.090551	-0.042534	-0.059507	-0.087447	-0.066830	-0.092726	-0.059829	-0.049015	-0.063923	-0.109462	-0.076277	-0.069588	-0.039016	-0.040219	-0.056220	-0.117672	-0.093731	-0.053331	-0.105244	-0.087831	-0.087117	-0.043874	-0.094094	-0.036210	-0.088401	-0.019192	-0.041633	-0.093250	-0.095052	-0.106642	-0.049942	-0.075879	-0.065956	-0.116724	
0.313402	1.190528	-0.058275	-0.064268	-0.059031	0.327233	0.241076	-0.008573	-0.065002	0.313881	0.335061	0.319017	0.249278	-0.066871	0.327985	0.304004	0.301327	-0.073159	0.217217	-0.059473	0.205793	0.224506	0.219901	0.311482	0.354271	-0.058940	-0.060334	-0.063732	0.186609	0.303575	0.212887	0.197590	0.220620	0.176342	0.324553	-0.114538	-0.106056	-0.098064	-0.058296	-0.086868	-0.059738	-0.090094	-0.089576	-0.046658	-0.091747	-0.099535	-0.099676	-0.045782	-0.095265	-0.096921	-0.108330	-0.107425	-0.107193	-0.086265	-0.101606	-0.116823	-0.110527	-0.052291	-0.099589	-0.051004	-0.098202	-0.110727	-0.052352	-0.090775	-0.072469	-0.029705	-0.101299	-0.092127	-0.109860	-0.072227	-0.081087	-0.064870	-0.101725	-0.100449	-0.037378	-0.079854	-0.064222	-0.046670	-0.073579	-0.110127	-0.060891	-0.052731	-0.093848	-0.052434	-0.049321	-0.058743	-0.087639	-0.061331	-0.100023	-0.055731	-0.042589	-0.059967	-0.094696	-0.052050	-0.044068	-0.056498	-0.050457	-0.058072	-0.098611	-0.099551	-0.057144	-0.109019	-0.092774	-0.094123	-0.025576	-0.083213	-0.047974	-0.100184	-0.031156	-0.047456	-0.097065	-0.095601	-0.093824	-0.046450	-0.068046	-0.049486	-0.106728	
-0.060880	-0.058275	1.056741	0.180948	0.203399	-0.067250	-0.045251	-0.032503	0.184943	-0.075296	-0.072855	-0.069345	-0.060173	0.177447	-0.070406	-0.066574	-0.085929	0.192184	-0.076179	0.200267	-0.066298	-0.066757	-0.047831	-0.091207	-0.073925	0.019074	-0.000708	-0.000702	-0.036991	-0.075352	-0.073150	-0.087418	-0.060224	-0.069904	-0.066881	-0.009769	-0.008043	-0.006938	-0.019377	-0.013237	-0.020822	0.027985	0.008592	-0.023544	0.015452	-0.009138	-0.001647	-0.029357	-0.014499	0.020100	0.027305	-0.001630	0.016538	-0.017363	0.016431	-0.002949	-0.003583	-0.013440	0.012518	-0.044050	-0.002638	-0.011895	0.007796	-0.016692	-0.030007	-0.017334	0.000025	-0.007758	0.014467	-0.016758	-0.043535	-0.035202	0.007552	-0.005694	-0.037292	-0.009867	0.019895	0.030410	-0.026695	-0.011370	-0.045556	-0.044436	-0.019450	0.202368	-0.020892	-0.042884	0.034187	-0.057082	0.021186	-0.043727	0.001739	-0.044836	-0.007513	-0.022098	-0.035045	-0.033191	-0.029119	-0.051023	0.007133	0.012195	-0.043566	0.010141	0.007802	0.028203	-0.023087	0.008950	-0.047392	0.000200	-0.035206	-0.019925	-0.002418	-0.016316	0.007843	-0.023102	-0.000168	-0.043856	-0.008512	
-0.073028	-0.064268	0.180948	0.982034	0.191276	-0.070929	-0.048622	-0.021581	0.175066	-0.069508	-0.085367	-0.071316	-0.057785	0.177242	-0.064560	-0.082048	-0.084348	0.184583	-0.066433	0.178463	-0.068088	-0.067117	-0.036550	-0.077251	-0.081750	-0.013512	-0.010683	0.001097	-0.038612	-0.090304	-0.055986	-0.090815	-0.069173	-0.047295	-0.084942	0.008343	-0.001992	0.008397	-0.025716	0.021627	-0.039550	0.009746	-0.004489	-0.045044	0.013299	0.002059	-0.001409	-0.036412	0.019244	0.019015	0.007678	0.012329	0.022194	0.013058	0.000842	0.009354	0.014784	-0.044960	0.019492	-0.038169	-0.004727	0.001066	-0.023778	0.015274	-0.028844	-0.027157	0.031983	-0.000126	0.005321	-0.015727	-0.043156	-0.033439	0.018962	-0.000530	-0.038397	-0.015323	0.008530	0.015877	-0.032654	0.007613	-0.034717	-0.016943	-0.004204	0.141135	-0.039517	-0.023334	0.024807	-0.044511	0.017513	-0.029761	0.006623	-0.049536	-0.009301	-0.017047	-0.030084	-0.047019	-0.004337	-0.036913	0.007869	0.013612	-0.030099	0.022327	0.003769	0.020332	-0.027717	0.011327	-0.041746	-0.003737	-0.021987	-0.049907	0.037079	0.008262	0.019241	-0.035253	0.000257	-0.048906	0.000679	
-0.070445	-0.059031	0.203399	0.191276	1.008580	-0.070951	-0.050834	-0.023671	0.165933	-0.076740	-0.080686	-0.074722	-0.068621	0.178194	-0.072374	-0.066615	-0.085041	0.193765	-0.059133	0.183129	-0.058352	-0.073409	-0.065679	-0.075415	-0.085912	-0.007374	0.034118	0.023095	-0.045516	-0.094375	-0.070050	-0.041979	-0.072501	-0.062874	-0.081460	-0.001188	-0.001667	0.015329	-0.046638	0.006387	-0.046161	0.024649	0.016808	-0.029596	-0.016872	-0.010356	0.021879	-0.031168	0.019670	0.006416	0.007746	0.006690	-0.000272	0.010955	0.021356	0.032920	-0.003999	-0.024240	0.016710	-0.022008	-0.020246	-0.008384	-0.032173	-0.007948	0.005957	-0.035401	0.004369	0.006065	0.017916	-0.008861	-0.039192	-0.045103	-0.003871	-0.007768	-0.017529	-0.026943	0.005722	0.013845	-0.024721	0.003376	-0.025944	-0.026663	-0.014476	0.184374	-0.025357	-0.027803	-0.022873	-0.030946	0.021319	-0.040363	0.004902	-0.013291	-0.003757	-0.015369	-0.031169	-0.020393	-0.013597	-0.043073	0.006017	0.009490	-0.050172	0.001601	-0.015920	0.017888	-0.035768	0.012797	-0.038447	-0.014828	-0.032123	-0.021752	-0.002741	0.000661	0.007654	-0.040459	0.015778	-0.043300	-0.002555	
0.313695	0.327233	-0.067250	-0.070929	-0.070951	1.130787	0.219849	-0.013796	-0.073199	0.306519	0.314364	0.304826	0.210462	-0.072722	0.320761	0.304122	0.271322	-0.062285	0.226106	-0.089764	0.206213	0.202628	0.182909	0.288446	0.325919	-0.035984	-0.053967	-0.048440	0.189061	0.301136	0.220237	0.195599	0.214686	0.173931	0.284890	-0.107146	-0.090245	-0.095631	-0.029522	-0.092520	-0.039964	-0.096855	-0.106101	-0.034690	-0.078769	-0.086786	-0.111186	-0.041057	-0.086446	-0.097538	-0.094986	-0.103640	-0.088098	-0.086316	-0.090855	-0.099753	-0.101451	-0.040025	-0.097200	-0.058165	-0.107774	-0.110042	-0.032021	-0.079838	-0.072816	-0.031700	-0.089738	-0.085131	-0.094004	-0.068045	-0.055191	-0.049257	-0.099614	-0.100054	-0.051993	-0.064902	-0.041985	-0.048781	-0.065866	-0.101353	-0.057210	-0.054614	-0.108096	-0.067394	-0.032576	-0.051809	-0.087407	-0.054267	-0.108732	-0.041455	-0.035260	-0.042617	-0.120933	-0.051134	-0.051729	-0.036487	-0.045031	-0.041875	-0.093827	-0.073942	-0.051976	-0.105380	-0.107033	-0.099127	-0.045067	-0.082043	-0.060599	-0.088894	-0.044378	-0.056064	-0.098878	-0.081866	-0.090338	-0.046451	-0.086130	-0.042670	-0.099569	
0.237535	0.241076	-0.045251	-0.048622	-0.050834	0.219849	1.103415	-0.018565	-0.063943	0.194817	0.196222	0.195034	0.226193	-0.059742	0.206212	0.208863	0.223481	-0.056004	0.225191	-0.054351	0.200203	0.202865	0.210910	0.198448	0.187185	-0.037765	-0.043056	-0.041047	0.177787	0.168717	0.193100	0.193875	0.208314	0.179150	0.191711	-0.104803	-0.102589	-0.072874	-0.046954	-0.093414	-0.041573	-0.079577	-0.082964	-0.036737	-0.073603	-0.079216	-0.076089	-0.032868	-0.072895	-0.066642	-0.067710	-0.068415	-0.085670	-0.098128	-0.072793	-0.073049	-0.099741	-0.038117	-0.070800	-0.038146	-0.097626	-0.080817	-0.028880	-0.062291	-0.061042	-0.026304	-0.099576	-0.062677	-0.075451	-0.051475	-0.046964	-0.054752	-0.080181	-0.062401	-0.051610	-0.058832	-0.050505	-0.048817	-0.061416	-0.079947	-0.020876	-0.049212	-0.102447	-0.055871	-0.038728	-0.065949	-0.068579	-0.034436	-0.080218	-0.032787	-0.028913	-0.023470	-0.093293	-0.028289	-0.042766	-0.018167	-0.026448	-0.035483	-0.089337	-0.072818	-0.051025	-0.081577	-0.081221	-0.081542	-0.018928	-0.045909	-0.012365	-0.093928	-0.030003	-0.022558	-0.094770	-0.089510	-0.088482	-0.044653	-0.057803	-0.032382	-0.080688	
-0.028531	-0.008573	-0.032503	-0.021581	-0.023671	-0.013796	-0.018565	0.960571	-0.039490	-0.055856	-0.053362	-0.047863	-0.019512	-0.028654	-0.038860	-0.027944	-0.020302	-0.046309	-0.022746	-0.029988	-0.036071	-0.034633	-0.058457	-0.045623	-0.036756	0.000167	0.011268	-0.015977	-0.056340	-0.041357	-0.028376	-0.024413	-0.034799	-0.056639	-0.046121	-0.030136	-0.035822	-0.038977	0.017195	-0.030778	0.035940	-0.031196	-0.019252	0.060162	-0.015745	-0.027958	-0.017554	0.030345	-0.016359	-0.013626	-0.031241	-0.022237	-0.014114	-0.017931	-0.032086	-0.053339	-0.012127	0.045398	-0.043880	0.056571	-0.020309	-0.015216	0.019917	-0.027126	0.015815	0.063045	-0.018419	-0.051332	-0.024854	0.019015	0.022331	0.014508	-0.020927	-0.021641	0.041804	0.008198	-0.021115	-0.020570	0.009925	-0.032347	0.029727	0.039694	-0.013028	-0.049434	0.034729	0.053227	-0.009909	0.051335	-0.002039	0.037256	-0.001591	0.021192	-0.043365	0.040272	0.032195	0.022145	0.017473	0.037754	-0.010600	-0.002331	0.053676	-0.039039	-0.039258	-0.024020	0.024832	-0.012235	0.048576	-0.031419	0.029742	0.035539	-0.032638	-0.026801	-0.006938	0.036574	0.015725	0.047562	-0.038943	
-0.053930	-0.065002	0.184943	0.175066	0.165933	-0.073199	-0.063943	-0.039490	1.032903	-0.083952	-0.071826	-0.076409	-0.037177	0.194357	-0.068438	-0.045009	-0.072707	0.174561	-0.078991	0.183974	-0.042648	-0.068492	-0.068798	-0.080516	-0.081271	0.012177	0.027555	0.006278	-0.048003	-0.076166	-0.058223	-0.082528	-0.071974	-0.073168	-0.054226	-0.004535	0.000188	-0.020555	-0.028101	-0.003268	-0.016848	0.001749	0.001849	-0.026473	-0.002267	0.002731	-0.014114	-0.031495	0.014424	0.017049	-0.001982	0.023831	-0.000499	0.022040	0.013247	0.011115	0.001279	-0.035157	0.021879	-0.049251	-0.008239	-0.006831	-0.015945	-0.000999	-0.009212	-0.032839	0.001875	0.004019	0.010346	-0.011972	-0.037191	-0.045170	0.010678	-0.013284	-0.049085	-0.028940	0.022445	0.027990	-0.014132	0.007517	-0.042714	-0.050987	-0.018622	0.187357	-0.020798	-0.017255	0.020548	-0.040556	0.016877	-0.035877	0.012001	-0.049798	0.010225	-0.028310	-0.015125	-0.019517	-0.034346	-0.026948	0.028924	-0.001469	-0.055557	-0.016793	-0.014122	0.035876	-0.030061	-0.000321	-0.044486	0.005905	-0.023792	-0.027278	0.017257	0.002100	0.002316	-0.028737	-0.003793	-0.043711	-0.017583	
0.317966	0.313881	-0.075296	-0.069508	-0.076740	0.306519	0.194817	-0.055856	-0.083952	1.138162	0.768880	0.758177	0.208834	-0.080580	0.272496	0.264563	0.273930	-0.080013	0.217117	-0.076587	0.188339	0.178271	0.185660	0.244888	0.305654	-0.043956	-0.033033	-0.035230	0.170590	0.299299	0.175515	0.170120	0.168862	0.168020	0.292140	-0.101402	-0.102538	-0.084475	-0.063340	-0.089452	-0.056566	-0.103663	-0.108447	-0.073722	-0.081585	-0.091383	-0.102906	-0.053075	-0.100845	-0.094896	-0.097687	-0.097764	-0.109725	-0.105298	-0.109250	-0.114160	-0.090411	-0.075799	-0.088580	-0.066507	-0.087794	-0.081125	-0.064613	-0.088568	-0.061142	-0.052568	-0.094940	-0.072951	-0.088305	-0.079983	-0.068943	-0.068910	-0.109689	-0.103005	-0.070347	-0.073922	-0.043681	-0.046645	-0.075106	-0.073737	-0.057251	-0.053765	-0.104631	-0.066557	-0.042865	-0.070131	-0.097281	-0.043864	-0.090229	-0.075172	-0.041016	-0.037946	-0.098731	-0.044797	-0.063057	-0.057605	-0.048648	-0.070494	-0.114326	-0.098461	-0.067783	-0.114968	-0.120947	-0.100810	-0.068029	-0.086062	-0.053213	-0.102752	-0.071009	-0.061097	-0.102728	-0.108477	-0.097831	-0.051741	-0.086090	-0.049925	-0.098854	
0.314635	0.335061	-0.072855	-0.085367	-0.080686	0.314364	0.196222	-0.053362	-0.071826	0.768880	1.202954	0.770274	0.230330	-0.062420	0.306266	0.295926	0.285049	-0.060811	0.219603	-0.067309	0.177181	0.190317	0.208428	0.282051	0.325452	-0.040917	-0.037425	-0.040461	0.183811	0.303389	0.187622	0.181477	0.202523	0.189458	0.285460	-0.112558	-0.106677	-0.104763	-0.065617	-0.102051	-0.056892	-0.100941	-0.103464	-0.055977	-0.090553	-0.106015	-0.098802	-0.041936	-0.117200	-0.104831	-0.118150	-0.113206	-0.105973	-0.113463	-0.114109	-0.123595	-0.104801	-0.077702	-0.086773	-0.067881	-0.102685	-0.098451	-0.055348	-0.090665	-0.077224	-0.034828	-0.112137	-0.093284	-0.088478	-0.075621	-0.065880	-0.080358	-0.112953	-0.100991	-0.073822	-0.065394	-0.051532	-0.050330	-0.084357	-0.081838	-0.069300	-0.056186	-0.109437	-0.072186	-0.059061	-0.067045	-0.100499	-0.050910	-0.101101	-0.070429	-0.038229	-0.040783	-0.103316	-0.055935	-0.064803	-0.071615	-0.052802	-0.070691	-0.118263	-0.095982	-0.090804	-0.112038	-0.109142	-0.108150	-0.060755	-0.123527	-0.045285	-0.115934	-0.057014	-0.043979	-0.114034	-0.120742	-0.096825	-0.062770	-0.086694	-0.058149	-0.119672	
0.324610	0.319017	-0.069345	-0.071316	-0.074722	0.304826	0.195034	-0.047863	-0.076409	0.758177	0.770274	1.177702	0.214075	-0.065890	0.299167	0.308321	0.265294	-0.055511	0.220591	-0.065023	0.174422	0.206428	0.172755	0.277614	0.315655	-0.047239	-0.047099	-0.038346	0.133993	0.282537	0.185138	0.188682	0.172709	0.156758	0.299942	-0.111334	-0.097548	-0.090293	-0.056842	-0.102220	-0.049691	-0.109180	-0.109009	-0.063724	-0.081893	-0.092190	-0.096576	-0.049918	-0.103686	-0.105702	-0.103758	-0.110382	-0.110762	-0.110862	-0.100525	-0.104927	-0.105064	-0.078554	-0.108575	-0.066205	-0.101039	-0.087583	-0.052041	-0.097781	-0.076708	-0.054728	-0.109010	-0.092389	-0.103804	-0.078627	-0.066569	-0.065288	-0.109289	-0.099737	-0.073209	-0.066896	-0.063986	-0.069602	-0.075330	-0.086801	-0.075331	-0.045925	-0.112078	-0.070216	-0.062725	-0.069301	-0.091162	-0.038690	-0.087810	-0.072322	-0.056890	-0.056670	-0.097658	-0.056153	-0.069831	-0.062685	-0.058663	-0.077686	-0.110092	-0.089044	-0.064196	-0.103498	-0.100468	-0.093990	-0.056469	-0.105416	-0.036546	-0.103573	-0.063370	-0.047432	-0.110637	-0.115953	-0.098032	-0.076973	-0.091638	-0.053739	-0.116985	
0.204646	0.249278	-0.060173	-0.057785	-0.068621	0.210462	0.226193	-0.019512	-0.037177	0.208834	0.230330	0.214075	1.150563	-0.055103	0.203397	0.229320	0.248561	-0.055852	0.199740	-0.055380	0.226312	0.221148	0.207442	0.239900	0.218262	-0.040725	-0.038379	-0.034793	0.162953	0.208155	0.204185	0.198643	0.229657	0.187634	0.221280	-0.076599	-0.085145	-0.073849	-0.031618	-0.089175	-0.030134	-0.084176	-0.101435	-0.048437	-0.076332	-0.091345	-0.088333	-0.036206	-0.070170	-0.087573	-0.085860	-0.082317	-0.090913	-0.066133	-0.102737	-0.087282	-0.086988	-0.065907	-0.077173	-0.037717	-0.084554	-0.086204	-0.036427	-0.076898	-0.066293	-0.040302	-0.091199	-0.069946	-0.090918	-0.047099	-0.049597	-0.040360	-0.071121	-0.073988	-0.050826	-0.052514	-0.035879	-0.032054	-0.065677	-0.095291	-0.044894	-0.038511	-0.081091	-0.044107	-0.044516	-0.022203	-0.086453	-0.059134	-0.098958	-0.050649	-0.034847	-0.045979	-0.101981	-0.058447	-0.050470	-0.043278	-0.035175	-0.034224	-0.082494	-0.065562	-0.041468	-0.077314	-0.076093	-0.081302	-0.036934	-0.080771	-0.007790	-0.085763	-0.029585	-0.042929	-0.093656	-0.081155	-0.075780	-0.033055	-0.066756	-0.039618	-0.102834	
-0.060964	-0.066871	0.177447	0.177242	0.178194	-0.072722	-0.059742	-0.028654	0.194357	-0.080580	-0.062420	-0.065890	-0.055103	1.064911	-0.084518	-0.051219	-0.080850	0.195161	-0.081422	0.186947	-0.059591	-0.069900	-0.060559	-0.079743	-0.081097	-0.003213	0.010786	0.011663	-0.053560	-0.075834	-0.058595	-0.077149	-0.057434	-0.075565	-0.067256	0.001290	-0.019636	-0.001120	-0.025719	0.011148	-0.038051	0.004561	0.010107	-0.026648	0.010347	0.001225	-0.001676	-0.020228	0.021370	-0.001811	0.019752	-0.006633	-0.005854	-0.005771	-0.005583	0.001657	0.004066	-0.041821	0.013701	-0.039576	0.006368	0.007119	-0.028367	-0.000974	-0.010872	-0.011726	-0.005884	-0.009193	0.006599	-0.013598	-0.042652	-0.032882	-0.003239	0.013245	-0.031753	-0.008665	0.020955	0.025640	-0.043524	0.004860	-0.046954	-0.043434	-0.009354	0.172612	-0.040038	-0.021579	0.041276	-0.038181	0.009748	-0.036008	0.000677	-0.033752	-0.002345	-0.047808	-0.025246	-0.042758	-0.004862	-0.036218	0.013658	-0.014628	-0.021221	0.024545	0.005591	0.012240	-0.026574	0.027056	-0.056887	0.007480	-0.038774	-0.021893	-0.003645	0.019457	-0.000856	-0.034771	-0.021201	-0.040055	-0.004880	
0.326299	0.327985	-0.070406	-0.064560	-0.072374	0.320761	0.206212	-0.038860	-0.068438	0.272496	0.306266	0.299167	0.203397	-0.084518	1.213224	0.315860	0.290779	-0.067007	0.210597	-0.050471	0.165368	0.224564	0.211697	0.264983	0.334886	-0.042161	-0.041642	-0.051632	0.178059	0.292876	0.189371	0.171611	0.172621	0.161114	0.322382	-0.084147	-0.083536	-0.084510	-0.045920	-0.109295	-0.050611	-0.105185	-0.104309	-0.039975	-0.087554	-0.111736	-0.095445	-0.047672	-0.090205	-0.095979	-0.093610	-0.095864	-0.099298	-0.104456	-0.087949	-0.102864	-0.100883	-0.053218	-0.090477	-0.061985	-0.096791	-0.092885	-0.057734	-0.098132	-0.057421	-0.050003	-0.095310	-0.081618	-0.083505	-0.052649	-0.065745	-0.062072	-0.093228	-0.091048	-0.073727	-0.079381	-0.042643	-0.023610	-0.071470	-0.093683	-0.037136	-0.063600	-0.098128	-0.073881	-0.047980	-0.051031	-0.093827	-0.040521	-0.091128	-0.060927	-0.041355	-0.058858	-0.081241	-0.064485	-0.069908	-0.044590	-0.030328	-0.026998	-0.108719	-0.084935	-0.065611	-0.100406	-0.105846	-0.076980	-0.042783	-0.080350	-0.056272	-0.100993	-0.037177	-0.053167	-0.099755	-0.087732	-0.083037	-0.054501	-0.077066	-0.034816	-0.100751	
0.329957	0.304004	-0.066574	-0.082048	-0.066615	0.304122	0.208863	-0.027944	-0.045009	0.264563	0.295926	0.308321	0.229320	-0.051219	0.315860	1.208781	0.263234	-0.048205	0.231281	-0.049057	0.199512	0.208753	0.195090	0.300952	0.299782	-0.042520	-0.042554	-0.052558	0.180136	0.296592	0.184979	0.208777	0.207534	0.140265	0.301254	-0.102498	-0.089133	-0.103951	-0.031820	-0.110427	-0.046651	-0.097993	-0.096508	-0.049095	-0.085903	-0.090537	-0.099145	-0.045049	-0.098101	-0.102546	-0.093468	-0.097845	-0.084667	-0.096954	-0.097350	-0.096056	-0.100847	-0.048181	-0.101741	-0.065678	-0.086069	-0.098532	-0.045244	-0.092215	-0.070064	-0.028794	-0.117506	-0.081054	-0.105238	-0.056326	-0.051114	-0.046158	-0.085659	-0.075309	-0.066664	-0.082688	-0.037979	-0.026256	-0.066551	-0.100706	-0.065556	-0.053866	-0.089451	-0.053543	-0.062968	-0.049270	-0.091284	-0.041172	-0.088180	-0.062692	-0.047622	-0.057884	-0.104103	-0.073465	-0.057981	-0.047528	-0.056937	-0.054460	-0.112004	-0.091561	-0.059265	-0.097171	-0.083495	-0.096830	-0.058754	-0.083070	-0.041170	-0.093008	-0.031540	-0.027885	-0.087936	-0.082766	-0.099972	-0.029418	-0.081543	-0.036051	-0.098818	
0.311480	0.301327	-0.085929	-0.084348	-0.085041	0.271322	0.223481	-0.020302	-0.072707	0.273930	0.285049	0.265294	0.248561	-0.080850	0.290779	0.263234	1.206948	-0.082157	0.219543	-0.073044	0.196737	0.247387	0.204054	0.275374	0.294448	-0.029892	-0.040833	-0.044910	0.200262	0.280893	0.236400	0.197516	0.220678	0.181207	0.310989	-0.104799	-0.091463	-0.084399	-0.049207	-0.087770	-0.052066	-0.100246	-0.099471	-0.013402	-0.081913	-0.081152	-0.100382	-0.069029	-0.078362	-0.112345	-0.094071	-0.102748	-0.096663	-0.102957	-0.083250	-0.098978	-0.095647	-0.050456	-0.088822	-0.044013	-0.089978	-0.093481	-0.032251	-0.091921	-0.059382	-0.039534	-0.088801	-0.075473	-0.083615	-0.069169	-0.041424	-0.057112	-0.086865	-0.084275	-0.060444	-0.067892	-0.052829	-0.059018	-0.073145	-0.100773	-0.047817	-0.041159	-0.099601	-0.084321	-0.041036	-0.058253	-0.075832	-0.045956	-0.101300	-0.045298	-0.042654	-0.055816	-0.093392	-0.059185	-0.048132	-0.058221	-0.045344	-0.049881	-0.090286	-0.075702	-0.054490	-0.096477	-0.089060	-0.098102	-0.045102	-0.072160	-0.030522	-0.092837	-0.053681	-0.061830	-0.094487	-0.106190	-0.092501	-0.049768	-0.074049	-0.021496	-0.084554	
-0.076224	-0.073159	0.192184	0.184583	0.193765	-0.062285	-0.056004	-0.046309	0.174561	-0.080013	-0.060811	-0.055511	-0.055852	0.195161	-0.067007	-0.048205	-0.082157	1.028256	-0.070004	0.195742	-0.074335	-0.066147	-0.052402	-0.063618	-0.066663	0.016160	0.013863	0.006785	-0.059295	-0.075575	-0.063312	-0.078100	-0.081152	-0.067509	-0.057263	-0.005159	-0.003827	-0.015116	-0.045355	0.014454	-0.036244	-0.025652	-0.006730	-0.034102	-0.004633	0.006402	-0.013832	-0.025365	0.004094	-0.006624	0.010355	0.013374	-0.001161	0.005462	0.020696	-0.023329	0.006569	-0.031774	0.022649	-0.035322	0.000241	0.000366	-0.010910	0.033017	-0.004115	-0.016074	0.001519	-0.012863	-0.011805	-0.021015	-0.039463	-0.029720	0.005869	-0.008082	-0.025341	-0.026705	0.031975	0.032942	-0.023800	-0.010660	-0.041559	-0.037092	-0.018596	0.186719	-0.030907	-0.018632	0.022547	-0.027900	0.012968	-0.038578	0.034704	-0.030606	0.011353	-0.028725	-0.045416	-0.042152	-0.040494	-0.016820	-0.006048	-0.008972	-0.030729	-0.001632	0.003955	0.020089	-0.023454	0.030069	-0.061733	0.011167	-0.038492	-0.040291	0.010232	0.005670	-0.014305	-0.024769	-0.009422	-0.043905	0.006391	
0.214103	0.217217	-0.076179	-0.066433	-0.059133	0.226106	0.225191	-0.022746	-0.078991	0.217117	0.219603	0.220591	0.199740	-0.081422	0.210597	0.231281	0.219543	-0.070004	1.194221	-0.051740	0.232813	0.242912	0.249033	0.255208	0.240844	-0.029920	-0.019656	-0.031506	0.253548	0.215141	0.204152	0.245118	0.236250	0.230492	0.218671	-0.114645	-0.109361	-0.076485	-0.033355	-0.081228	-0.044739	-0.101961	-0.094491	-0.061890	-0.089169	-0.085128	-0.099969	-0.032020	-0.065761	-0.092726	-0.097125	-0.090145	-0.087427	-0.073982	-0.099079	-0.101885	-0.084101	-0.017616	-0.081144	-0.030875	-0.080644	-0.081784	-0.050012	-0.081232	-0.064599	-0.042122	-0.102177	-0.092695	-0.073806	-0.054251	-0.022493	-0.038394	-0.116947	-0.100409	-0.048191	-0.071734	-0.043119	-0.052554	-0.042933	-0.075203	-0.023509	-0.047277	-0.094428	-0.073056	-0.034017	-0.033631	-0.080568	-0.036342	-0.091831	-0.048841	-0.034498	-0.039119	-0.100071	-0.041069	-0.056151	-0.044138	-0.020544	-0.051350	-0.104561	-0.080208	-0.032698	-0.092121	-0.100189	-0.069571	-0.038812	-0.061554	-0.009003	-0.098932	-0.033766	-0.045257	-0.062871	-0.077141	-0.094811	-0.052449	-0.104771	-0.040631	-0.092280	
-0.076384	-0.059473	0.200267	0.178463	0.183129	-0.089764	-0.054351	-0.029988	0.183974	-0.076587	-0.067309	-0.065023	-0.055380	0.186947	-0.050471	-0.049057	-0.073044	0.195742	-0.051740	1.040694	-0.046174	-0.058169	-0.051618	-0.083020	-0.068099	0.023612	0.029885	0.036060	-0.052569	-0.077231	-0.045992	-0.055648	-0.046077	-0.058586	-0.077454	-0.007315	-0.001045	-0.006638	-0.045739	0.005221	-0.047458	0.001071	-0.002705	-0.031045	0.008701	0.002117	-0.011400	-0.031695	-0.001578	0.017533	-0.001112	-0.005437	-0.002310	0.031348	0.003769	0.000468	0.013327	-0.027825	-0.005385	-0.023225	-0.012822	-0.025786	-0.015515	0.016350	-0.024960	-0.023440	0.018060	0.003785	0.000235	-0.034104	-0.038252	-0.046624	0.012680	0.000185	-0.043369	-0.011669	0.021002	0.020289	-0.028409	0.022366	-0.026879	-0.027463	-0.006900	0.154187	-0.043116	-0.028014	0.021543	-0.037368	0.015353	-0.046943	0.022969	-0.036048	-0.002758	-0.028177	-0.041049	-0.043784	-0.021602	-0.033503	-0.000424	-0.015101	-0.036733	-0.010962	-0.017024	0.030300	-0.035513	0.026478	-0.057735	-0.026201	-0.048035	-0.045551	0.018145	0.012377	0.013906	-0.039079	-0.011268	-0.045747	-0.005402	
0.182806	0.205793	-0.066298	-0.068088	-0.058352	0.206213	0.200203	-0.036071	-0.042648	0.188339	0.177181	0.174422	0.226312	-0.059591	0.165368	0.199512	0.196737	-0.074335	0.232813	-0.046174	1.095993	0.241543	0.189829	0.151157	0.216206	-0.027008	-0.041486	-0.021481	0.187318	0.191232	0.245696	0.230551	0.233901	0.206790	0.209396	-0.100157	-0.090030	-0.074541	-0.045060	-0.076929	-0.047532	-0.076949	-0.086096	-0.043660	-0.064923	-0.069573	-0.082773	-0.039668	-0.088691	-0.081373	-0.087506	-0.083252	-0.068921	-0.078526	-0.069586	-0.088234	-0.069181	-0.034629	-0.046426	-0.017929	-0.097066	-0.090489	-0.039789	-0.067621	-0.063698	-0.037268	-0.080588	-0.078627	-0.084374	-0.034671	-0.051775	-0.044557	-0.076992	-0.070508	-0.038447	-0.068526	-0.054476	-0.053337	-0.059516	-0.078497	-0.044773	-0.036533	-0.092503	-0.042496	-0.042729	-0.043087	-0.073154	-0.062163	-0.089115	-0.032593	-0.017822	-0.020799	-0.076825	-0.027028	-0.024862	-0.030776	-0.041714	-0.030677	-0.094791	-0.063479	-0.033150	-0.070924	-0.076202	-0.085575	-0.044531	-0.070557	-0.006707	-0.092141	-0.025867	-0.036905	-0.064817	-0.081607	-0.079307	-0.038265	-0.077043	-0.036927	-0.078252	
0.214503	0.224506	-0.066757	-0.067117	-0.073409	0.202628	0.202865	-0.034633	-0.068492	0.178271	0.190317	0.206428	0.221148	-0.069900	0.224564	0.208753	0.247387	-0.066147	0.242912	-0.058169	0.241543	1.137842	0.228269	0.220563	0.210168	-0.021415	-0.039917	-0.029004	0.212407	0.203761	0.224864	0.210809	0.191813	0.167209	0.203275	-0.075780	-0.074522	-0.070893	-0.037686	-0.097157	-0.021548	-0.070790	-0.096315	-0.040303	-0.079157	-0.069036	-0.094259	-0.048221	-0.078003	-0.103869	-0.068577	-0.096741	-0.074990	-0.085116	-0.090269	-0.084689	-0.082864	-0.037759	-0.069440	-0.038090	-0.097463	-0.085334	-0.041876	-0.064354	-0.061126	-0.026796	-0.081791	-0.058187	-0.082534	-0.058114	-0.038765	-0.033711	-0.067200	-0.078034	-0.049933	-0.074477	-0.046451	-0.046199	-0.050269	-0.064158	-0.040455	-0.051842	-0.087727	-0.054146	-0.032734	-0.047707	-0.083389	-0.039490	-0.079614	-0.056712	-0.016895	-0.031609	-0.086342	-0.059017	-0.048201	-0.025019	-0.033919	-0.026697	-0.094623	-0.077154	-0.047524	-0.089724	-0.086372	-0.075633	-0.016689	-0.063044	-0.026921	-0.063324	-0.033267	-0.046991	-0.074335	-0.082337	-0.077290	-0.047802	-0.073928	-0.045195	-0.080956	
0.187921	0.219901	-0.047831	-0.036550	-0.065679	0.182909	0.210910	-0.058457	-0.068798	0.185660	0.208428	0.172755	0.207442	-0.060559	0.211697	0.195090	0.204054	-0.052402	0.249033	-0.051618	0.189829	0.228269	1.078100	0.188163	0.209690	-0.027252	-0.046361	-0.031650	0.160312	0.187910	0.192652	0.193488	0.164880	0.213698	0.217513	-0.090606	-0.082917	-0.068240	-0.042695	-0.076046	-0.041468	-0.086410	-0.085749	-0.027752	-0.086600	-0.086649	-0.077601	-0.027954	-0.081657	-0.083770	-0.100930	-0.074495	-0.079520	-0.075566	-0.092436	-0.076902	-0.079484	-0.018041	-0.065976	-0.030788	-0.085408	-0.084620	-0.023626	-0.053409	-0.066491	-0.026561	-0.087909	-0.081109	-0.062563	-0.055052	-0.043464	-0.037262	-0.061409	-0.064428	-0.050346	-0.055982	-0.052148	-0.044072	-0.037632	-0.053205	-0.035330	-0.061596	-0.079755	-0.059851	-0.050698	-0.044216	-0.055850	-0.029220	-0.069846	-0.034737	-0.022397	-0.045150	-0.068330	-0.045154	-0.044625	-0.023849	-0.035177	-0.026592	-0.076222	-0.070088	-0.049882	-0.077781	-0.068920	-0.081204	-0.033579	-0.074196	-0.018633	-0.092830	-0.049122	-0.030796	-0.077917	-0.064910	-0.056173	-0.032668	-0.047646	-0.043007	-0.092584	
0.289071	0.311482	-0.091207	-0.077251	-0.075415	0.288446	0.198448	-0.045623	-0.080516	0.244888	0.282051	0.277614	0.239900	-0.079743	0.264983	0.300952	0.275374	-0.063618	0.255208	-0.083020	0.151157	0.220563	0.188163	1.145757	0.304156	-0.022275	-0.014356	-0.027411	0.193685	0.334997	0.197852	0.195812	0.200464	0.174583	0.301997	-0.109670	-0.102754	-0.073879	-0.056734	-0.098231	-0.031077	-0.102555	-0.082814	-0.062015	-0.092530	-0.097137	-0.093581	-0.027370	-0.094097	-0.095943	-0.077860	-0.106460	-0.080414	-0.086162	-0.104480	-0.086977	-0.098807	-0.047888	-0.090171	-0.057455	-0.069331	-0.085718	-0.044689	-0.088110	-0.079476	-0.033752	-0.092407	-0.071195	-0.091064	-0.070394	-0.049034	-0.052411	-0.110260	-0.068397	-0.056317	-0.074900	-0.040346	-0.040746	-0.069141	-0.079389	-0.045090	-0.043086	-0.092085	-0.072416	-0.048302	-0.058070	-0.100984	-0.046440	-0.082562	-0.048573	-0.029001	-0.041830	-0.103083	-0.040185	-0.053375	-0.017690	-0.045784	-0.062029	-0.097132	-0.085498	-0.043321	-0.092887	-0.088088	-0.081900	-0.039837	-0.085167	-0.042855	-0.090266	-0.030826	-0.040830	-0.091318	-0.094581	-0.097615	-0.052332	-0.095145	-0.044107	-0.105298	
0.341002	0.354271	-0.073925	-0.081750	-0.085912	0.325919	0.187185	-0.036756	-0.081271	0.305654	0.325452	0.315655	0.218262	-0.081097	0.334886	0.299782	0.294448	-0.066663	0.240844	-0.068099	0.216206	0.210168	0.209690	0.304156	1.222147	-0.032531	-0.048671	-0.046702	0.225954	0.313082	0.198167	0.218153	0.210159	0.221479	0.308940	-0.104335	-0.098753	-0.098682	-0.045751	-0.114283	-0.037174	-0.104205	-0.114716	-0.050110	-0.102491	-0.095952	-0.108916	-0.031574	-0.107875	-0.103397	-0.103636	-0.100844	-0.104023	-0.090923	-0.088895	-0.101113	-0.091058	-0.054232	-0.090658	-0.055426	-0.095615	-0.093338	-0.052730	-0.088485	-0.078663	-0.050638	-0.096233	-0.085816	-0.104549	-0.075047	-0.060546	-0.037811	-0.103761	-0.083332	-0.060800	-0.082600	-0.051234	-0.039806	-0.070800	-0.093073	-0.049052	-0.058207	-0.100520	-0.085692	-0.048631	-0.034721	-0.106779	-0.043700	-0.097912	-0.058653	-0.045149	-0.054942	-0.100418	-0.065965	-0.066035	-0.046319	-0.036393	-0.060291	-0.102074	-0.086399	-0.071911	-0.104778	-0.106410	-0.083252	-0.038872	-0.080283	-0.048562	-0.090101	-0.042877	-0.036225	-0.099634	-0.077237	-0.090340	-0.041893	-0.086906	-0.050190	-0.102101	
-0.039191	-0.058940	0.019074	-0.013512	-0.007374	-0.035984	-0.037765	0.000167	0.012177	-0.043956	-0.040917	-0.047239	-0.040725	-0.003213	-0.042161	-0.042520	-0.029892	0.016160	-0.029920	0.023612	-0.027008	-0.021415	-0.027252	-0.022275	-0.032531	0.953163	0.560396	0.578610	-0.020376	-0.060358	-0.027981	-0.041175	-0.029024	-0.029947	-0.056188	-0.022096	-0.037509	-0.033825	0.004606	-0.034224	-0.009471	-0.058904	-0.044948	-0.006442	-0.034868	-0.038495	-0.043332	-0.017417	-0.027692	-0.046803	-0.053019	-0.029014	-0.015384	-0.027261	-0.046829	-0.014116	-0.038533	-0.006499	-0.026447	0.002308	-0.034194	-0.041208	-0.012192	-0.027508	-0.008690	-0.006907	-0.014157	-0.023882	-0.013109	-0.031006	0.004167	0.008422	-0.042607	-0.044356	-0.026214	-0.021132	0.119820	0.122238	-0.007523	-0.018130	0.001030	-0.026518	-0.016704	-0.005128	0.001076	-0.005490	-0.033875	-0.003735	-0.036919	-0.016708	0.108044	-0.006363	-0.037717	0.008301	-0.005071	0.009024	-0.020686	-0.001443	-0.010256	-0.038944	-0.006563	-0.040926	-0.042619	-0.020641	-0.004518	-0.015016	-0.019837	-0.015770	-0.006788	-0.006438	-0.042983	-0.046490	-0.050362	0.001090	-0.019444	-0.012233	-0.016692	
-0.055619	-0.060334	-0.000708	-0.010683	0.034118	-0.053967	-0.043056	0.011268	0.027555	-0.033033	-0.037425	-0.047099	-0.038379	0.010786	-0.041642	-0.042554	-0.040833	0.013863	-0.019656	0.029885	-0.041486	-0.039917	-0.046361	-0.014356	-0.048671	0.560396	0.976455	0.575239	-0.042339	-0.060923	-0.023505	-0.050807	-0.031753	-0.034752	-0.064955	-0.036451	-0.041877	-0.033553	-0.018393	-0.013179	-0.009665	-0.038658	-0.033727	-0.005380	-0.035758	-0.041334	-0.040331	-0.025244	-0.026443	-0.047419	-0.022727	-0.021328	-0.034986	-0.020246	-0.042656	-0.043981	-0.039083	-0.000427	-0.025777	-0.007334	-0.033278	-0.042562	-0.008924	-0.029903	-0.014819	-0.008741	-0.006321	-0.006718	-0.023574	-0.027438	-0.007315	-0.012105	-0.041328	-0.036389	-0.019421	-0.014515	0.129661	0.123461	-0.001146	-0.024866	-0.012570	-0.026084	-0.015540	0.012391	0.004519	-0.014009	-0.047476	-0.006066	-0.020876	-0.010987	0.112998	0.000239	-0.039280	0.009472	-0.003109	-0.003414	-0.017236	0.006214	-0.023272	-0.037856	-0.004780	-0.040020	-0.044087	-0.022237	-0.018864	-0.013291	-0.013065	-0.024598	-0.028996	-0.003534	-0.038002	-0.025449	-0.019445	-0.011865	-0.034912	-0.010123	-0.023824	
-0.046690	-0.063732	-0.000702	0.001097	0.023095	-0.048440	-0.041047	-0.015977	0.006278	-0.035230	-0.040461	-0.038346	-0.034793	0.011663	-0.051632	-0.052558	-0.044910	0.006785	-0.031506	0.036060	-0.021481	-0.029004	-0.031650	-0.027411	-0.046702	0.578610	0.575239	0.948578	-0.023783	-0.045668	-0.027278	-0.045017	-0.026283	-0.030356	-0.062670	-0.032018	-0.028911	-0.014847	-0.020417	-0.031357	-0.005717	-0.049914	-0.038922	-0.017202	-0.044544	-0.040024	-0.032158	-0.012180	-0.028933	-0.047335	-0.045116	-0.008150	-0.018148	-0.016724	-0.045298	-0.032560	-0.029446	-0.005294	-0.011526	-0.005452	-0.033815	-0.044594	-0.000728	-0.016723	-0.019670	-0.008590	-0.012413	-0.023119	-0.029684	-0.027510	-0.005672	-0.006263	-0.048044	-0.054429	-0.023458	-0.027475	0.131704	0.129878	-0.010601	-0.019203	-0.002327	-0.015745	-0.024106	0.006247	0.001865	-0.009001	-0.023670	-0.005267	-0.024846	-0.017510	0.125805	0.008205	-0.043607	0.005382	-0.002506	0.000656	-0.016289	0.009866	-0.014835	-0.017235	-0.008423	-0.028956	-0.053310	-0.038146	-0.008672	-0.038697	-0.017758	-0.038076	-0.036596	-0.005903	-0.037597	-0.039435	-0.039890	0.006089	-0.029879	-0.012920	-0.006955	
0.198586	0.186609	-0.036991	-0.038612	-0.045516	0.189061	0.177787	-0.056340	-0.048003	0.170590	0.183811	0.133993	0.162953	-0.053560	0.178059	0.180136	0.200262	-0.059295	0.253548	-0.052569	0.187318	0.212407	0.160312	0.193685	0.225954	-0.020376	-0.042339	-0.023783	1.102899	0.160737	0.186971	0.260987	0.164262	0.252185	0.193367	-0.081157	-0.082145	-0.096386	-0.042962	-0.091604	-0.038938	-0.100110	-0.088730	-0.038177	-0.086506	-0.087964	-0.108400	-0.014638	-0.092148	-0.080067	-0.069880	-0.077278	-0.082071	-0.071164	-0.093095	-0.082684	-0.071845	0.001437	-0.068832	-0.041342	-0.085504	-0.107507	-0.047163	-0.079408	-0.073980	-0.062192	-0.067124	-0.059790	-0.095829	-0.026220	-0.049324	-0.041917	-0.063334	-0.064939	-0.046707	-0.052278	-0.028186	-0.022655	-0.044321	-0.051367	-0.028751	-0.028315	-0.066060	-0.028708	-0.039615	-0.026772	-0.078053	-0.044073	-0.081228	-0.052636	-0.031760	-0.018696	-0.077355	-0.043563	-0.044997	-0.036153	-0.006615	-0.053342	-0.081340	-0.071960	-0.060908	-0.064781	-0.083925	-0.063259	-0.027079	-0.080751	-0.021268	-0.085390	-0.046952	-0.032414	-0.082936	-0.066470	-0.063917	-0.040614	-0.083747	-0.037074	-0.087071	
0.367261	0.303575	-0.075352	-0.090304	-0.094375	0.301136	0.168717	-0.041357	-0.076166	0.299299	0.303389	0.282537	0.208155	-0.075834	0.292876	0.296592	0.280893	-0.075575	0.215141	-0.077231	0.191232	0.203761	0.187910	0.334997	0.313082	-0.060358	-0.060923	-0.045668	0.160737	1.202178	0.230630	0.207358	0.196279	0.205413	0.327474	-0.107968	-0.089842	-0.080543	-0.043877	-0.092176	-0.054537	-0.097194	-0.105922	-0.063676	-0.063236	-0.098487	-0.109737	-0.011383	-0.076936	-0.089212	-0.111348	-0.099604	-0.113763	-0.101619	-0.094887	-0.088948	-0.078029	-0.043476	-0.085265	-0.056475	-0.082328	-0.093552	-0.048451	-0.071737	-0.082342	-0.044641	-0.107110	-0.081938	-0.087324	-0.062831	-0.057354	-0.060098	-0.100712	-0.091089	-0.051193	-0.083114	-0.046361	-0.064258	-0.079826	-0.090483	-0.049951	-0.041146	-0.091796	-0.080855	-0.033002	-0.063935	-0.091600	-0.046110	-0.110887	-0.056382	-0.034024	-0.049345	-0.093405	-0.058583	-0.064598	-0.034534	-0.051285	-0.051918	-0.100913	-0.063101	-0.056989	-0.084269	-0.097061	-0.081314	-0.027238	-0.088154	-0.045750	-0.082627	-0.028047	-0.058215	-0.101761	-0.080413	-0.081855	-0.062724	-0.099011	-0.049755	-0.102518	
0.221399	0.212887	-0.073150	-0.055986	-0.070050	0.220237	0.193100	-0.028376	-0.058223	0.175515	0.187622	0.185138	0.204185	-0.058595	0.189371	0.184979	0.236400	-0.063312	0.204152	-0.045992	0.245696	0.224864	0.192652	0.197852	0.198167	-0.027981	-0.023505	-0.027278	0.186971	0.230630	1.131890	0.201633	0.216884	0.175934	0.184724	-0.091679	-0.082693	-0.075686	-0.038401	-0.067284	-0.024221	-0.098449	-0.093452	-0.030447	-0.079076	-0.078786	-0.086808	-0.013874	-0.081929	-0.091107	-0.086259	-0.083829	-0.045280	-0.087146	-0.080490	-0.080520	-0.079475	-0.023769	-0.081575	-0.037107	-0.084955	-0.078344	-0.027925	-0.069280	-0.083597	-0.030140	-0.087676	-0.065382	-0.081495	-0.048851	-0.030689	-0.051780	-0.079418	-0.066736	-0.055026	-0.080456	-0.032881	-0.043307	-0.064898	-0.078016	-0.039288	-0.044308	-0.081560	-0.059191	-0.055053	-0.050276	-0.067836	-0.029344	-0.083363	-0.033394	-0.042516	-0.024941	-0.088058	-0.026053	-0.024305	-0.017180	-0.024559	-0.031330	-0.061995	-0.076205	-0.052295	-0.093739	-0.092309	-0.074664	-0.032809	-0.072906	-0.022070	-0.074177	-0.050230	-0.041310	-0.068773	-0.076783	-0.068740	-0.044238	-0.056128	-0.040314	-0.094934	
0.227732	0.197590	-0.087418	-0.090815	-0.041979	0.195599	0.193875	-0.024413	-0.082528	0.170120	0.181477	0.188682	0.198643	-0.077149	0.171611	0.208777	0.197516	-0.078100	0.245118	-0.055648	0.230551	0.210809	0.193488	0.195812	0.218153	-0.041175	-0.050807	-0.045017	0.260987	0.207358	0.201633	1.112681	0.233074	0.217721	0.188746	-0.089981	-0.079831	-0.080267	-0.058748	-0.080137	-0.035729	-0.089544	-0.088026	-0.029508	-0.049641	-0.082291	-0.097666	-0.055174	-0.074461	-0.062089	-0.089343	-0.075765	-0.077794	-0.087395	-0.089275	-0.077841	-0.067839	-0.039219	-0.072256	-0.022155	-0.084377	-0.090264	-0.042890	-0.079116	-0.046925	-0.039860	-0.092142	-0.070539	-0.086750	-0.050755	-0.025553	-0.037632	-0.087150	-0.064691	-0.051577	-0.082982	-0.042671	-0.036667	-0.036992	-0.069898	-0.038383	-0.034132	-0.070996	-0.063714	-0.025682	-0.049525	-0.076199	-0.032225	-0.082431	-0.043790	-0.022447	-0.028157	-0.064697	-0.037647	-0.051028	-0.025758	-0.032054	-0.004844	-0.083591	-0.048194	-0.045269	-0.086422	-0.072586	-0.081823	-0.028237	-0.075123	-0.006649	-0.075417	-0.044181	-0.044392	-0.068900	-0.078272	-0.079753	-0.065403	-0.065937	-0.055248	-0.069373	
0.202271	0.220620	-0.060224	-0.069173	-0.072501	0.214686	0.208314	-0.034799	-0.071974	0.168862	0.202523	0.172709	0.229657	-0.057434	0.172621	0.207534	0.220678	-0.081152	0.236250	-0.046077	0.233901	0.191813	0.164880	0.200464	0.210159	-0.029024	-0.031753	-0.026283	0.164262	0.196279	0.216884	0.233074	1.120729	0.180790	0.238875	-0.088514	-0.082741	-0.083135	-0.018441	-0.082256	-0.051049	-0.077488	-0.073309	-0.052289	-0.073309	-0.072780	-0.069603	-0.041991	-0.077582	-0.065503	-0.064647	-0.073095	-0.085999	-0.078322	-0.090254	-0.085709	-0.052796	-0.049927	-0.039162	-0.050095	-0.078637	-0.092402	-0.041263	-0.067892	-0.053172	-0.040683	-0.088391	-0.065155	-0.080138	-0.052192	-0.044054	-0.046865	-0.068592	-0.073056	-0.053567	-0.068891	-0.046633	-0.052500	-0.063522	-0.066749	-0.044478	-0.064263	-0.071121	-0.073236	-0.035408	-0.042166	-0.093228	-0.047513	-0.095131	-0.044707	-0.019195	-0.037033	-0.065688	-0.038695	-0.056092	-0.049523	-0.014914	-0.036381	-0.070822	-0.074649	-0.043305	-0.077660	-0.087323	-0.080008	-0.037030	-0.075279	-0.025562	-0.078663	-0.013718	-0.065751	-0.042095	-0.090097	-0.079385	-0.022317	-0.076818	-0.050797	-0.091627	
0.172062	0.176342	-0.069904	-0.047295	-0.062874	0.173931	0.179150	-0.056639	-0.073168	0.168020	0.189458	0.156758	0.187634	-0.075565	0.161114	0.140265	0.181207	-0.067509	0.230492	-0.058586	0.206790	0.167209	0.213698	0.174583	0.221479	-0.029947	-0.034752	-0.030356	0.252185	0.205413	0.175934	0.217721	0.180790	1.084552	0.226697	-0.092869	-0.090734	-0.066813	-0.037929	-0.096970	-0.039911	-0.086198	-0.090915	-0.069176	-0.071372	-0.081453	-0.084067	-0.022593	-0.084434	-0.101420	-0.106743	-0.062938	-0.074718	-0.073593	-0.091476	-0.090439	-0.075531	-0.036471	-0.052763	-0.037057	-0.091016	-0.072382	-0.026415	-0.062683	-0.044866	-0.056545	-0.062581	-0.056848	-0.084394	-0.050624	-0.044868	-0.038284	-0.065609	-0.076030	-0.056448	-0.060162	-0.036496	-0.037908	-0.032508	-0.038973	-0.019183	-0.035804	-0.059101	-0.079905	-0.017821	-0.045111	-0.080795	-0.046676	-0.088939	-0.039849	-0.013482	-0.040091	-0.089738	-0.016029	-0.033891	-0.039215	-0.020975	-0.026093	-0.082963	-0.038700	-0.031946	-0.074314	-0.083836	-0.053045	-0.016501	-0.067092	-0.003866	-0.086443	-0.014675	-0.035994	-0.044829	-0.065190	-0.053023	-0.031049	-0.070997	-0.038856	-0.079730	
