0.000000	0.214547	0.302748	0.303260	0.305751	0.208480	0.234898	0.293519	0.309338	0.202144	0.238322	0.308210	0.205482	0.205792	0.222496	0.306281	0.234537	0.307052	0.236456	0.241133	0.240777	0.216611	0.209673	0.293116	0.239522	0.204382	0.223984	0.234905	0.237466	0.248020	0.212863	0.315242	0.309715	0.292214	0.316115	0.288025	0.296061	0.310888	0.310007	0.311005	0.288475	0.315782	0.315082	0.309627	0.301998	0.305274	0.305664	0.318341	0.302938	0.304342	0.293279	0.305827	0.296659	0.314075	0.291241	0.314327	0.302129	0.293046	0.308537	0.308270	0.309181	0.297321	0.289405	0.312301	0.310969	0.295049	0.300273	0.302519	0.301957	0.306033	0.291933	0.298714	0.315090	0.305715	0.287495	0.293753	0.307124	0.292976	0.306592	0.296729	0.295918	0.295205	0.319112	0.301308	0.295807	0.288574	0.291931	0.308116	0.311814	0.303930	0.292028	0.314866	0.301078	0.289076	0.308060	0.297314	0.316213	0.284424	0.295681	0.313609	0.308845	0.289337	0.304097	0.296627	0.316696	
0.214547	0.000000	0.311598	0.312447	0.307179	0.206286	0.237403	0.298940	0.319005	0.208680	0.235703	0.315610	0.224750	0.218754	0.224624	0.307254	0.236562	0.306002	0.239419	0.244935	0.240168	0.213883	0.220379	0.295167	0.248161	0.214349	0.236005	0.241007	0.241113	0.251234	0.223436	0.322936	0.320799	0.300251	0.317740	0.293274	0.300905	0.321731	0.313913	0.314409	0.299610	0.316392	0.323775	0.321344	0.316775	0.317781	0.317107	0.321126	0.310696	0.319810	0.296662	0.314390	0.296466	0.325838	0.294502	0.317258	0.311117	0.297768	0.313040	0.318865	0.315552	0.303734	0.298801	0.315137	0.311661	0.301163	0.310211	0.304098	0.309712	0.313989	0.300980	0.302021	0.317250	0.303396	0.296820	0.299152	0.310084	0.301215	0.313179	0.299708	0.299156	0.308175	0.312049	0.296796	0.299566	0.298421	0.299653	0.312868	0.322462	0.310212	0.303688	0.318093	0.305536	0.292854	0.309554	0.302673	0.322460	0.297427	0.299637	0.321066	0.314933	0.294813	0.312944	0.298204	0.318855	
0.302748	0.311598	0.000000	0.224084	0.210758	0.299286	0.286737	0.270564	0.224290	0.290066	0.289751	0.218073	0.302706	0.302930	0.306010	0.212293	0.311062	0.218490	0.300625	0.312639	0.302981	0.308620	0.312785	0.258497	0.310097	0.312083	0.298583	0.309980	0.304476	0.310497	0.306344	0.263675	0.257734	0.268978	0.258511	0.265523	0.271083	0.257462	0.272741	0.254248	0.266552	0.263626	0.262009	0.251246	0.262970	0.259712	0.263854	0.257399	0.253904	0.256194	0.266939	0.260834	0.272363	0.259647	0.257864	0.265924	0.269515	0.271107	0.256322	0.260754	0.260590	0.261726	0.262124	0.261433	0.259317	0.278467	0.267599	0.265451	0.257054	0.271650	0.271059	0.273891	0.267707	0.216866	0.275787	0.269525	0.254372	0.277630	0.253082	0.275152	0.253232	0.272301	0.262909	0.267201	0.262811	0.270198	0.274103	0.281557	0.260009	0.267274	0.272409	0.255716	0.252599	0.271671	0.254324	0.282269	0.258430	0.270083	0.267958	0.268471	0.261486	0.270885	0.258717	0.279751	0.262813	
0.303260	0.312447	0.224084	0.000000	0.220420	0.305944	0.292223	0.269645	0.232097	0.296882	0.297126	0.219274	0.316356	0.313675	0.307372	0.219854	0.301267	0.222561	0.304594	0.306305	0.297658	0.307068	0.308866	0.254155	0.295460	0.304303	0.295733	0.308893	0.304816	0.303446	0.314065	0.266218	0.254007	0.268642	0.257684	0.272489	0.269289	0.261984	0.267325	0.257480	0.263709	0.263875	0.262521	0.259167	0.261304	0.256878	0.261885	0.262274	0.257793	0.260678	0.271854	0.255524	0.279083	0.264000	0.271291	0.260906	0.263817	0.278453	0.252655	0.260594	0.254553	0.268390	0.270509	0.263977	0.256212	0.279623	0.269505	0.257048	0.263180	0.262854	0.271393	0.270661	0.268860	0.223956	0.272325	0.274790	0.257944	0.273054	0.264434	0.274790	0.251943	0.271425	0.269820	0.270729	0.271644	0.274627	0.275729	0.283972	0.258195	0.266446	0.271029	0.259249	0.257640	0.279306	0.264759	0.275142	0.265871	0.271198	0.276475	0.256728	0.261473	0.269464	0.265823	0.278443	0.264333	
0.305751	0.307179	0.210758	0.220420	0.000000	0.301739	0.283360	0.275943	0.232558	0.297990	0.294374	0.231386	0.306846	0.304973	0.308696	0.220193	0.305141	0.219536	0.303442	0.306422	0.302582	0.311767	0.311326	0.250466	0.305035	0.308079	0.293440	0.295015	0.297088	0.296559	0.312660	0.265501	0.257886	0.267455	0.259726	0.271123	0.268472	0.264933	0.265679	0.253775	0.266815	0.258414	0.270631	0.256881	0.258635	0.261975	0.259695	0.261612	0.251634	0.254662	0.272510	0.258653	0.275517	0.271841	0.273357	0.259130	0.262307	0.278862	0.253337	0.256208	0.261828	0.264369	0.273763	0.262975	0.254948	0.272257	0.274401	0.267657	0.257483	0.262130	0.262783	0.270451	0.269103	0.217103	0.269580	0.275805	0.258659	0.271411	0.261746	0.273800	0.256238	0.271868	0.265525	0.271847	0.269704	0.275935	0.273800	0.281732	0.260270	0.262736	0.274671	0.250977	0.247368	0.273898	0.254497	0.276849	0.259346	0.273686	0.278736	0.265512	0.264457	0.271250	0.268242	0.275618	0.265451	
0.208480	0.206286	0.299286	0.305944	0.301739	0.000000	0.226228	0.287164	0.306319	0.201276	0.226634	0.308426	0.207384	0.210489	0.221069	0.302086	0.228201	0.308399	0.237246	0.239130	0.237333	0.208251	0.208637	0.288681	0.240069	0.208493	0.226046	0.235304	0.237358	0.234492	0.208724	0.311923	0.300181	0.286633	0.311960	0.281237	0.292284	0.308052	0.310244	0.302819	0.285055	0.311036	0.314936	0.308834	0.311359	0.306372	0.304493	0.310521	0.300812	0.306766	0.293693	0.304754	0.289905	0.312605	0.284181	0.304476	0.299562	0.293359	0.307251	0.304895	0.308855	0.297415	0.286854	0.312063	0.301445	0.291203	0.297392	0.294492	0.295940	0.304507	0.296838	0.298418	0.315988	0.304372	0.289470	0.292959	0.311280	0.292426	0.305206	0.291824	0.289370	0.293500	0.319895	0.291678	0.292446	0.294567	0.290579	0.302419	0.310428	0.306397	0.300983	0.307249	0.303917	0.286621	0.300632	0.298892	0.312186	0.291307	0.297032	0.314877	0.302611	0.291300	0.303666	0.294562	0.310045	
0.234898	0.237403	0.286737	0.292223	0.283360	0.226228	0.000000	0.284526	0.298928	0.226025	0.226741	0.292371	0.229817	0.239308	0.233976	0.291601	0.236637	0.290465	0.233287	0.241108	0.219984	0.233281	0.243049	0.280375	0.250203	0.237712	0.224195	0.232669	0.232909	0.242676	0.229967	0.306960	0.297578	0.278341	0.301242	0.276281	0.278392	0.296156	0.294200	0.299455	0.276808	0.303722	0.298910	0.296192	0.289862	0.299608	0.293138	0.308332	0.292109	0.296221	0.281578	0.301528	0.277582	0.301610	0.277234	0.294486	0.290257	0.279215	0.296660	0.294099	0.297259	0.285490	0.278098	0.296285	0.291595	0.286475	0.291214	0.287738	0.288270	0.298424	0.283075	0.285225	0.307632	0.296987	0.286095	0.292535	0.300392	0.281294	0.297411	0.286537	0.273815	0.276147	0.306780	0.283344	0.283993	0.283010	0.285870	0.294004	0.296495	0.301578	0.284831	0.299155	0.288599	0.275808	0.288555	0.284486	0.305124	0.281250	0.283978	0.313825	0.301089	0.282470	0.290453	0.282599	0.295433	
0.293519	0.298940	0.270564	0.269645	0.275943	0.287164	0.284526	0.000000	0.279135	0.282876	0.287199	0.276235	0.303633	0.297791	0.299404	0.273983	0.294480	0.278605	0.292327	0.301348	0.297703	0.300749	0.304221	0.261320	0.308633	0.302104	0.291704	0.291418	0.298144	0.303030	0.302154	0.267388	0.267816	0.246283	0.273630	0.250144	0.236531	0.260178	0.268788	0.266983	0.250937	0.268808	0.272570	0.268148	0.263877	0.270921	0.267377	0.270672	0.264778	0.266532	0.247963	0.270949	0.244995	0.266570	0.247734	0.269019	0.256213	0.252242	0.265589	0.267965	0.267800	0.249168	0.251696	0.269603	0.263150	0.254134	0.256650	0.264101	0.251080	0.267648	0.255118	0.253066	0.276086	0.276852	0.255036	0.242114	0.265546	0.248806	0.260525	0.253998	0.253390	0.249928	0.273413	0.245245	0.249456	0.248868	0.249856	0.256018	0.268014	0.269915	0.253051	0.266030	0.265508	0.243867	0.261052	0.254110	0.272623	0.255062	0.250505	0.272255	0.268145	0.252233	0.255193	0.252448	0.270399	
0.309338	0.319005	0.224290	0.232097	0.232558	0.306319	0.298928	0.279135	0.000000	0.304465	0.303748	0.229541	0.314479	0.305168	0.309963	0.223258	0.318491	0.225220	0.305056	0.310374	0.310710	0.316686	0.315072	0.250761	0.305190	0.315578	0.302812	0.310007	0.311074	0.314956	0.315676	0.267089	0.264883	0.275299	0.266835	0.273213	0.273597	0.262227	0.261461	0.263867	0.271692	0.272074	0.265091	0.267435	0.254589	0.265318	0.262781	0.263764	0.262193	0.259603	0.276759	0.255507	0.279439	0.268650	0.267097	0.267564	0.272300	0.273779	0.254187	0.263936	0.264539	0.270259	0.266441	0.268966	0.261152	0.282599	0.269959	0.259154	0.265974	0.264201	0.273331	0.276572	0.276659	0.224319	0.272882	0.277942	0.259935	0.275191	0.258092	0.276575	0.261976	0.277504	0.259202	0.270577	0.271762	0.274669	0.280687	0.283355	0.261725	0.270238	0.279237	0.262965	0.258693	0.280102	0.266007	0.278168	0.269274	0.271707	0.274916	0.273618	0.266020	0.270464	0.269707	0.279668	0.261482	
0.202144	0.208680	0.290066	0.296882	0.297990	0.201276	0.226025	0.282876	0.304465	0.000000	0.222423	0.299449	0.202716	0.216176	0.213907	0.297257	0.222488	0.298134	0.233528	0.227098	0.227059	0.203144	0.208929	0.276225	0.234043	0.210976	0.221708	0.226291	0.221038	0.226264	0.203420	0.303901	0.297984	0.284980	0.309211	0.283074	0.286028	0.297633	0.303611	0.301713	0.277607	0.307591	0.312363	0.303110	0.304106	0.305257	0.304596	0.299140	0.301176	0.298475	0.285186	0.302789	0.289311	0.306029	0.287677	0.300103	0.295169	0.290332	0.299060	0.300908	0.305170	0.291281	0.284061	0.306688	0.299647	0.290370	0.294229	0.292215	0.288453	0.293183	0.287758	0.288315	0.309510	0.300248	0.284074	0.287326	0.301795	0.281140	0.304373	0.292186	0.282712	0.285609	0.307495	0.287234	0.292611	0.283826	0.283121	0.299306	0.309945	0.300503	0.291797	0.299956	0.293620	0.281347	0.297341	0.288397	0.308918	0.289926	0.289868	0.311022	0.301699	0.285443	0.296742	0.287850	0.306335	
0.238322	0.235703	0.289751	0.297126	0.294374	0.226634	0.226741	0.287199	0.303748	0.222423	0.000000	0.295927	0.232100	0.236353	0.230924	0.292807	0.239981	0.298066	0.231353	0.235591	0.238547	0.231281	0.240712	0.285924	0.247436	0.238730	0.226379	0.231865	0.234071	0.236885	0.235764	0.303734	0.299688	0.288933	0.308982	0.281664	0.284901	0.299480	0.304224	0.295348	0.284818	0.302100	0.315287	0.301384	0.295839	0.304011	0.299231	0.299942	0.295493	0.301556	0.294938	0.300119	0.294152	0.307132	0.279886	0.306213	0.294101	0.288470	0.302126	0.299216	0.297057	0.287740	0.288201	0.306693	0.301531	0.293477	0.295907	0.294329	0.297040	0.300075	0.290225	0.292297	0.306551	0.292039	0.287249	0.286182	0.301003	0.297656	0.298874	0.285205	0.284480	0.292464	0.305764	0.287909	0.291488	0.286209	0.286691	0.301618	0.302776	0.297635	0.289882	0.301031	0.295296	0.285017	0.296482	0.290367	0.301493	0.288511	0.295646	0.312548	0.300669	0.288905	0.299757	0.292053	0.307187	
0.308210	0.315610	0.218073	0.219274	0.231386	0.308426	0.292371	0.276235	0.229541	0.299449	0.295927	0.000000	0.307940	0.316332	0.316291	0.215193	0.313492	0.223294	0.307859	0.314439	0.307748	0.316801	0.318672	0.265625	0.308802	0.313127	0.298720	0.318741	0.309504	0.312475	0.314602	0.274747	0.264360	0.272727	0.263850	0.268750	0.272727	0.262528	0.265357	0.258163	0.269951	0.263692	0.272475	0.259872	0.262619	0.270482	0.266039	0.259839	0.258100	0.262660	0.273492	0.265806	0.276602	0.262975	0.270019	0.261708	0.268879	0.273551	0.258832	0.264195	0.268535	0.272562	0.274106	0.266509	0.264874	0.280101	0.269791	0.263276	0.270836	0.270365	0.278576	0.275118	0.272879	0.225548	0.277561	0.276723	0.257736	0.278234	0.266861	0.277546	0.260839	0.276433	0.270489	0.280134	0.271267	0.277239	0.278295	0.286144	0.264470	0.272576	0.275930	0.251604	0.255566	0.279356	0.260293	0.278263	0.267229	0.278035	0.278536	0.273112	0.262939	0.273750	0.270631	0.282542	0.271689	
0.205482	0.224750	0.302706	0.316356	0.306846	0.207384	0.229817	0.303633	0.314479	0.202716	0.232100	0.307940	0.000000	0.212262	0.226439	0.308304	0.240487	0.307420	0.248941	0.237850	0.237420	0.219736	0.218016	0.291531	0.249236	0.221511	0.233648	0.242407	0.248881	0.248205	0.215300	0.312570	0.312341	0.297211	0.320108	0.292457	0.301019	0.313978	0.317871	0.308938	0.294839	0.320932	0.315119	0.313644	0.308278	0.321760	0.313355	0.313741	0.308317	0.310807	0.295662	0.312334	0.301683	0.318857	0.290502	0.318073	0.301638	0.295563	0.309615	0.310701	0.311460	0.300797	0.294033	0.312480	0.310642	0.300208	0.308681	0.301332	0.308880	0.315082	0.297903	0.304133	0.322334	0.313561	0.286422	0.302163	0.314510	0.291307	0.311405	0.296326	0.295103	0.304147	0.319447	0.304327	0.297699	0.299694	0.290127	0.309109	0.320523	0.311602	0.303305	0.305973	0.306887	0.290493	0.311413	0.307093	0.312708	0.294335	0.298282	0.329050	0.308401	0.296438	0.310581	0.299539	0.314135	
0.205792	0.218754	0.302930	0.313675	0.304973	0.210489	0.239308	0.297791	0.305168	0.216176	0.236353	0.316332	0.212262	0.000000	0.231687	0.308291	0.237705	0.312134	0.240839	0.242961	0.241471	0.215206	0.221561	0.296140	0.238650	0.219538	0.238102	0.237074	0.239062	0.252404	0.220322	0.317393	0.302502	0.296710	0.320338	0.289262	0.294839	0.315503	0.309447	0.309772	0.292408	0.318851	0.321247	0.314919	0.307184	0.313103	0.313750	0.316217	0.311617	0.311971	0.299147	0.314370	0.297654	0.320837	0.290277	0.317645	0.305056	0.295182	0.309376	0.313100	0.319932	0.302777	0.294309	0.314956	0.308880	0.305453	0.313723	0.304800	0.304887	0.313344	0.304045	0.294700	0.316577	0.309594	0.288249	0.295394	0.312810	0.296930	0.315008	0.303116	0.292985	0.304194	0.315700	0.306578	0.299631	0.300100	0.291596	0.307010	0.321879	0.311640	0.299756	0.313492	0.309175	0.296839	0.312057	0.296755	0.318936	0.290047	0.296584	0.320682	0.309534	0.291332	0.308463	0.294292	0.317146	
0.222496	0.224624	0.306010	0.307372	0.308696	0.221069	0.233976	0.299404	0.309963	0.213907	0.230924	0.316291	0.226439	0.231687	0.000000	0.306177	0.231958	0.309994	0.235733	0.240234	0.241493	0.219638	0.225708	0.283220	0.242184	0.217182	0.222316	0.236821	0.237077	0.239240	0.219293	0.312500	0.303818	0.294457	0.311824	0.285675	0.292713	0.310734	0.305491	0.302769	0.287089	0.315340	0.318775	0.307354	0.310019	0.313425	0.311367	0.314134	0.304695	0.309524	0.295271	0.300574	0.300523	0.317336	0.285812	0.311929	0.300431	0.302370	0.305257	0.306223	0.309372	0.294061	0.292028	0.311579	0.305548	0.298284	0.301576	0.298808	0.300425	0.312815	0.292525	0.295017	0.309543	0.311260	0.286859	0.296967	0.301425	0.294953	0.313850	0.298188	0.296404	0.299339	0.320109	0.292361	0.292767	0.294886	0.295523	0.301317	0.312030	0.299751	0.295231	0.310973	0.309915	0.293596	0.306757	0.294538	0.313605	0.296554	0.296408	0.318453	0.305929	0.296469	0.303205	0.292589	0.310744	
0.306281	0.307254	0.212293	0.219854	0.220193	0.302086	0.291601	0.273983	0.223258	0.297257	0.292807	0.215193	0.308304	0.308291	0.306177	0.000000	0.304002	0.209136	0.302066	0.307005	0.303467	0.300114	0.306013	0.254783	0.305631	0.309131	0.295947	0.306018	0.303111	0.315987	0.306562	0.268061	0.250104	0.273108	0.264587	0.267820	0.267606	0.257787	0.261693	0.260821	0.268732	0.262158	0.264291	0.254223	0.251668	0.263062	0.265226	0.256065	0.262474	0.260402	0.274203	0.253570	0.272101	0.264056	0.265627	0.255902	0.264382	0.277249	0.253669	0.262167	0.264175	0.268153	0.268559	0.264952	0.260193	0.275702	0.265914	0.252325	0.260585	0.261284	0.273888	0.273833	0.272905	0.220388	0.274884	0.271739	0.256267	0.272804	0.257195	0.275848	0.249965	0.274633	0.267390	0.270601	0.268837	0.274590	0.273311	0.279431	0.261878	0.264220	0.271445	0.258729	0.260145	0.266779	0.251296	0.283159	0.259563	0.273946	0.271850	0.265594	0.262453	0.271751	0.269886	0.276218	0.268037	
0.234537	0.236562	0.311062	0.301267	0.305141	0.228201	0.236637	0.294480	0.318491	0.222488	0.239981	0.313492	0.240487	0.237705	0.231958	0.304002	0.000000	0.305656	0.226373	0.236549	0.222154	0.224834	0.233599	0.289288	0.220887	0.234710	0.223011	0.219667	0.214298	0.227898	0.234434	0.316119	0.305027	0.285287	0.315170	0.288959	0.296744	0.311037	0.310319	0.311466	0.286504	0.309363	0.317890	0.312509	0.309765	0.309406	0.308427	0.313412	0.305551	0.304849	0.285563	0.305764	0.283866	0.318291	0.291418	0.310179	0.304210	0.300194	0.307704	0.311128	0.312226	0.296058	0.285117	0.315837	0.311900	0.295984	0.307119	0.297167	0.294824	0.301913	0.294321	0.294751	0.315813	0.303391	0.286014	0.294153	0.307762	0.286013	0.314025	0.288249	0.289454	0.296987	0.310587	0.290950	0.291103	0.289707	0.292887	0.299153	0.305472	0.302785	0.292013	0.306423	0.298496	0.288222	0.304602	0.279247	0.314473	0.291950	0.295138	0.300832	0.304905	0.293661	0.312239	0.288657	0.309627	
0.307052	0.306002	0.218490	0.222561	0.219536	0.308399	0.290465	0.278605	0.225220	0.298134	0.298066	0.223294	0.307420	0.312134	0.309994	0.209136	0.305656	0.000000	0.299908	0.304701	0.297652	0.308986	0.313884	0.254416	0.300752	0.307092	0.294068	0.297231	0.294416	0.303812	0.311413	0.270785	0.259005	0.271222	0.258246	0.268572	0.273016	0.253700	0.264107	0.261725	0.270028	0.265275	0.261553	0.259801	0.256079	0.261515	0.259295	0.256802	0.254244	0.262707	0.269301	0.263589	0.271384	0.268171	0.268199	0.261981	0.273007	0.274765	0.250000	0.254621	0.250838	0.267008	0.266390	0.264612	0.260515	0.278550	0.267823	0.265599	0.262013	0.260435	0.264306	0.270267	0.267872	0.217439	0.276590	0.274218	0.258535	0.273004	0.259566	0.278682	0.254766	0.268131	0.264853	0.272626	0.267461	0.276189	0.273066	0.280779	0.265586	0.268216	0.278497	0.259526	0.249587	0.269311	0.256279	0.277071	0.264512	0.273768	0.278077	0.265187	0.261649	0.266897	0.269061	0.274997	0.258778	
0.236456	0.239419	0.300625	0.304594	0.303442	0.237246	0.233287	0.292327	0.305056	0.233528	0.231353	0.307859	0.248941	0.240839	0.235733	0.302066	0.226373	0.299908	0.000000	0.237572	0.225186	0.235636	0.231895	0.281391	0.239072	0.234005	0.226019	0.219472	0.217210	0.232227	0.229809	0.308438	0.299502	0.291585	0.299623	0.289222	0.295355	0.306301	0.306018	0.302041	0.288639	0.305391	0.311875	0.301031	0.305568	0.303950	0.306073	0.308676	0.300790	0.303523	0.288661	0.293854	0.284108	0.314429	0.283900	0.312309	0.301351	0.293457	0.302156	0.304928	0.304488	0.299071	0.284978	0.309383	0.299939	0.290579	0.301724	0.294235	0.287947	0.301145	0.286498	0.295824	0.308530	0.302989	0.289886	0.299637	0.302134	0.289745	0.304671	0.289649	0.285169	0.287810	0.303810	0.287900	0.291017	0.285562	0.291862	0.297186	0.315838	0.293208	0.292094	0.300396	0.296995	0.290529	0.302666	0.280962	0.310433	0.287993	0.290939	0.299024	0.296111	0.289800	0.308625	0.295847	0.311617	
0.241133	0.244935	0.312639	0.306305	0.306422	0.239130	0.241108	0.301348	0.310374	0.227098	0.235591	0.314439	0.237850	0.242961	0.240234	0.307005	0.236549	0.304701	0.237572	0.000000	0.235024	0.236183	0.241691	0.290719	0.236513	0.234251	0.229934	0.230707	0.233366	0.247377	0.242809	0.314559	0.298773	0.299861	0.317850	0.291073	0.298631	0.311413	0.311455	0.307289	0.289827	0.313176	0.318610	0.313609	0.308625	0.310186	0.309320	0.310044	0.306541	0.306572	0.294291	0.306640	0.293023	0.315746	0.291103	0.310854	0.304037	0.301748	0.310899	0.307597	0.308824	0.294118	0.292936	0.313592	0.303901	0.299735	0.304732	0.302082	0.300621	0.300769	0.295002	0.295300	0.314922	0.304312	0.290264	0.292053	0.309458	0.293489	0.311487	0.299350	0.286653	0.295543	0.316398	0.291766	0.298609	0.287314	0.295835	0.300826	0.317111	0.314267	0.297099	0.315358	0.302428	0.291539	0.304033	0.288643	0.312949	0.296499	0.300901	0.307554	0.305959	0.291615	0.308821	0.297772	0.312144	
0.240777	0.240168	0.302981	0.297658	0.302582	0.237333	0.219984	0.297703	0.310710	0.227059	0.238547	0.307748	0.237420	0.241471	0.241493	0.303467	0.222154	0.297652	0.225186	0.235024	0.000000	0.229298	0.242728	0.284960	0.234157	0.232792	0.221355	0.230984	0.231352	0.228212	0.240029	0.311086	0.298639	0.285308	0.308959	0.281566	0.290878	0.303422	0.302088	0.305082	0.283293	0.301255	0.308480	0.310870	0.295918	0.305082	0.303340	0.309372	0.301397	0.303151	0.284648	0.299618	0.284985	0.310547	0.285329	0.302466	0.297900	0.287753	0.299558	0.306936	0.302934	0.296799	0.284698	0.308723	0.300743	0.296387	0.296848	0.301567	0.286726	0.302563	0.284589	0.294949	0.304701	0.299561	0.283138	0.292277	0.301544	0.288711	0.296154	0.291080	0.286493	0.293322	0.308478	0.290003	0.293975	0.288138	0.287016	0.295676	0.303466	0.293167	0.288109	0.299258	0.300865	0.286452	0.301587	0.282433	0.304570	0.295108	0.294009	0.306963	0.301109	0.283400	0.299729	0.292218	0.309809	
0.216611	0.213883	0.308620	0.307068	0.311767	0.208251	0.233281	0.300749	0.316686	0.203144	0.231281	0.316801	0.219736	0.215206	0.219638	0.300114	0.224834	0.308986	0.235636	0.236183	0.229298	0.000000	0.216683	0.283770	0.230639	0.205835	0.225501	0.232102	0.226295	0.230799	0.213247	0.315921	0.302650	0.292233	0.311922	0.288667	0.300235	0.312412	0.315120	0.308118	0.290586	0.317127	0.322241	0.310072	0.309945	0.310931	0.315804	0.310262	0.306165	0.315979	0.295295	0.301528	0.294846	0.316053	0.286741	0.309068	0.302022	0.292205	0.308611	0.308130	0.307498	0.291046	0.284406	0.314087	0.304856	0.292288	0.303302	0.296836	0.299876	0.305168	0.291510	0.291285	0.311616	0.311206	0.287368	0.297496	0.307682	0.288892	0.306859	0.293092	0.285334	0.295073	0.314412	0.287754	0.295356	0.286395	0.290287	0.299073	0.311701	0.302279	0.299449	0.310038	0.304246	0.280922	0.308442	0.292876	0.312146	0.287979	0.288809	0.315229	0.311151	0.288523	0.305910	0.297893	0.309808	
0.209673	0.220379	0.312785	0.308866	0.311326	0.208637	0.243049	0.304221	0.315072	0.208929	0.240712	0.318672	0.218016	0.221561	0.225708	0.306013	0.233599	0.313884	0.231895	0.241691	0.242728	0.216683	0.000000	0.290148	0.237064	0.216713	0.239769	0.233371	0.232943	0.244751	0.211264	0.317694	0.312705	0.292401	0.320159	0.283808	0.300564	0.315951	0.317277	0.311934	0.286678	0.317988	0.315312	0.312896	0.311866	0.311366	0.308961	0.312439	0.307374	0.308625	0.294363	0.309172	0.299604	0.317292	0.293981	0.313340	0.296673	0.299490	0.310563	0.311142	0.313256	0.303278	0.292723	0.316536	0.309540	0.298809	0.303948	0.302345	0.304103	0.310957	0.292497	0.301130	0.318795	0.309556	0.288815	0.293584	0.313970	0.295279	0.309875	0.294433	0.294886	0.299449	0.320249	0.305525	0.294175	0.296523	0.297650	0.313509	0.317478	0.315553	0.300884	0.311188	0.304455	0.290672	0.309649	0.304101	0.317471	0.298329	0.297271	0.319515	0.313135	0.297075	0.308603	0.295838	0.318853	
0.293116	0.295167	0.258497	0.254155	0.250466	0.288681	0.280375	0.261320	0.250761	0.276225	0.285924	0.265625	0.291531	0.296140	0.283220	0.254783	0.289288	0.254416	0.281391	0.290719	0.284960	0.283770	0.290148	0.000000	0.281151	0.287589	0.280173	0.284140	0.285196	0.283153	0.287835	0.269079	0.261931	0.253031	0.259764	0.254056	0.253628	0.265038	0.265223	0.264669	0.254510	0.264087	0.274455	0.264644	0.257969	0.268735	0.259040	0.259917	0.255968	0.266798	0.254411	0.259552	0.260587	0.271481	0.253763	0.264965	0.267827	0.259369	0.259704	0.264263	0.260065	0.259527	0.251023	0.270598	0.267365	0.260629	0.258676	0.224713	0.253616	0.264151	0.247801	0.260336	0.262586	0.251825	0.260857	0.253095	0.257763	0.259427	0.260336	0.258024	0.216515	0.252012	0.271429	0.255540	0.248690	0.250748	0.261666	0.261127	0.263495	0.268559	0.258633	0.263374	0.253966	0.259364	0.265297	0.259242	0.258151	0.262101	0.263922	0.268415	0.267173	0.252498	0.265145	0.257723	0.263604	
0.239522	0.248161	0.310097	0.295460	0.305035	0.240069	0.250203	0.308633	0.305190	0.234043	0.247436	0.308802	0.249236	0.238650	0.242184	0.305631	0.220887	0.300752	0.239072	0.236513	0.234157	0.230639	0.237064	0.281151	0.000000	0.238335	0.236601	0.209354	0.234577	0.219947	0.242090	0.308485	0.301860	0.290215	0.314558	0.287117	0.290979	0.312379	0.314293	0.309620	0.280182	0.315259	0.324408	0.309165	0.301788	0.318007	0.307196	0.318513	0.302036	0.305028	0.290043	0.295963	0.290315	0.325883	0.292293	0.313659	0.314779	0.301511	0.301176	0.306788	0.311041	0.304337	0.291397	0.312739	0.304901	0.308696	0.300024	0.296081	0.297227	0.301595	0.281160	0.295967	0.312365	0.300501	0.287842	0.289890	0.310876	0.292164	0.307249	0.298162	0.281971	0.295748	0.310225	0.290135	0.300990	0.288144	0.290330	0.296928	0.311047	0.308909	0.307193	0.313102	0.298429	0.291817	0.311052	0.291697	0.315412	0.297501	0.294936	0.312759	0.310394	0.283936	0.306587	0.298611	0.311031	
0.204382	0.214349	0.312083	0.304303	0.308079	0.208493	0.237712	0.302104	0.315578	0.210976	0.238730	0.313127	0.221511	0.219538	0.217182	0.309131	0.234710	0.307092	0.234005	0.234251	0.232792	0.205835	0.216713	0.287589	0.238335	0.000000	0.223914	0.229869	0.239038	0.233448	0.215666	0.319907	0.307436	0.300291	0.312110	0.290036	0.298837	0.305282	0.313062	0.305527	0.287938	0.308118	0.319907	0.314572	0.308540	0.318129	0.309949	0.310767	0.300991	0.306874	0.292125	0.301830	0.293163	0.319071	0.290809	0.309552	0.297663	0.297695	0.308858	0.308229	0.313234	0.299431	0.292662	0.319732	0.311770	0.293454	0.308105	0.306508	0.299304	0.312681	0.291387	0.291940	0.313965	0.305556	0.288720	0.290983	0.313496	0.294675	0.308877	0.297891	0.287329	0.295478	0.315073	0.297380	0.296318	0.292561	0.296253	0.301559	0.315472	0.304348	0.291156	0.308950	0.302278	0.292947	0.307333	0.296157	0.316186	0.291152	0.301047	0.316850	0.310840	0.298867	0.305657	0.301541	0.313257	
0.223984	0.236005	0.298583	0.295733	0.293440	0.226046	0.224195	0.291704	0.302812	0.221708	0.226379	0.298720	0.233648	0.238102	0.222316	0.295947	0.223011	0.294068	0.226019	0.229934	0.221355	0.225501	0.239769	0.280173	0.236601	0.223914	0.000000	0.224009	0.231397	0.236971	0.232161	0.304536	0.302436	0.284058	0.300626	0.282642	0.281076	0.307573	0.296977	0.301227	0.273298	0.304433	0.307305	0.299399	0.295303	0.295688	0.301632	0.306546	0.299315	0.292662	0.280858	0.296613	0.279410	0.306992	0.280780	0.299085	0.292432	0.283053	0.299119	0.301802	0.298375	0.290001	0.280285	0.304682	0.302384	0.290871	0.296714	0.291255	0.290129	0.294186	0.280938	0.285355	0.304578	0.295262	0.287379	0.281851	0.298976	0.280297	0.303874	0.287629	0.289080	0.279268	0.303220	0.274330	0.284932	0.278420	0.282964	0.287799	0.304465	0.301693	0.276562	0.301291	0.295502	0.279354	0.296816	0.281142	0.306557	0.286985	0.285594	0.299638	0.298968	0.288945	0.295769	0.285774	0.301652	
0.234905	0.241007	0.309980	0.308893	0.295015	0.235304	0.232669	0.291418	0.310007	0.226291	0.231865	0.318741	0.242407	0.237074	0.236821	0.306018	0.219667	0.297231	0.219472	0.230707	0.230984	0.232102	0.233371	0.284140	0.209354	0.229869	0.224009	0.000000	0.218123	0.213631	0.241972	0.306519	0.304890	0.295356	0.308986	0.280829	0.289402	0.296146	0.299503	0.300753	0.288397	0.307010	0.309654	0.306382	0.299984	0.308873	0.303434	0.307015	0.293985	0.297958	0.287773	0.300016	0.286179	0.313779	0.283037	0.308650	0.304412	0.292298	0.305824	0.308138	0.305515	0.292817	0.286242	0.311576	0.301741	0.292486	0.297678	0.298556	0.287488	0.297900	0.278762	0.289720	0.303001	0.301679	0.278585	0.291473	0.305129	0.285462	0.297684	0.291814	0.286015	0.285714	0.304709	0.284001	0.289848	0.283296	0.285462	0.288344	0.298712	0.293198	0.288580	0.304130	0.297535	0.286106	0.297752	0.279016	0.305204	0.292913	0.294288	0.295710	0.303463	0.293900	0.303284	0.294600	0.305404	
0.237466	0.241113	0.304476	0.304816	0.297088	0.237358	0.232909	0.298144	0.311074	0.221038	0.234071	0.309504	0.248881	0.239062	0.237077	0.303111	0.214298	0.294416	0.217210	0.233366	0.231352	0.226295	0.232943	0.285196	0.234577	0.239038	0.231397	0.218123	0.000000	0.225813	0.233903	0.308114	0.298232	0.285484	0.309735	0.280801	0.292903	0.298498	0.302176	0.307109	0.289780	0.299094	0.303877	0.307195	0.295849	0.302095	0.303597	0.312049	0.297704	0.297153	0.285528	0.292563	0.287859	0.311050	0.283341	0.303065	0.292451	0.296284	0.305466	0.300938	0.307893	0.286478	0.287514	0.301698	0.301752	0.297078	0.296010	0.299462	0.286972	0.294455	0.277058	0.293651	0.304095	0.293919	0.284811	0.292514	0.299480	0.282528	0.306624	0.290774	0.282905	0.285622	0.296497	0.292188	0.287455	0.288031	0.291781	0.293554	0.303291	0.299691	0.292826	0.304975	0.296767	0.288770	0.304559	0.280251	0.307668	0.291203	0.295800	0.298656	0.308250	0.289927	0.308003	0.292872	0.309948	
0.248020	0.251234	0.310497	0.303446	0.296559	0.234492	0.242676	0.303030	0.314956	0.226264	0.236885	0.312475	0.248205	0.252404	0.239240	0.315987	0.227898	0.303812	0.232227	0.247377	0.228212	0.230799	0.244751	0.283153	0.219947	0.233448	0.236971	0.213631	0.225813	0.000000	0.238715	0.309105	0.302849	0.290416	0.310957	0.285770	0.291103	0.298985	0.315423	0.307292	0.281565	0.304483	0.319729	0.315188	0.300636	0.306282	0.303019	0.313594	0.304609	0.298739	0.292683	0.290845	0.290650	0.314962	0.288773	0.309755	0.303847	0.301744	0.302537	0.309344	0.308821	0.301569	0.291756	0.307811	0.297276	0.297429	0.298649	0.299142	0.287545	0.300098	0.288618	0.289647	0.297360	0.302411	0.289571	0.294300	0.308738	0.294676	0.310165	0.288781	0.282046	0.298090	0.306127	0.287607	0.288387	0.286736	0.290054	0.295288	0.301434	0.288146	0.292299	0.307125	0.291811	0.292513	0.300019	0.284321	0.304071	0.293922	0.301643	0.297265	0.306032	0.284941	0.303077	0.297988	0.306871	
0.212863	0.223436	0.306344	0.314065	0.312660	0.208724	0.229967	0.302154	0.315676	0.203420	0.235764	0.314602	0.215300	0.220322	0.219293	0.306562	0.234434	0.311413	0.229809	0.242809	0.240029	0.213247	0.211264	0.287835	0.242090	0.215666	0.232161	0.241972	0.233903	0.238715	0.000000	0.318543	0.309018	0.292383	0.318492	0.290264	0.296539	0.307649	0.312387	0.309653	0.287151	0.315017	0.319286	0.317056	0.310728	0.317244	0.306416	0.316028	0.309920	0.314685	0.296782	0.305608	0.293054	0.321664	0.289631	0.312658	0.298615	0.304184	0.312544	0.312378	0.311512	0.300912	0.295607	0.316098	0.305268	0.294829	0.309663	0.299831	0.299485	0.306993	0.297206	0.300210	0.313556	0.309885	0.294647	0.304378	0.310562	0.300014	0.316157	0.297935	0.293595	0.296560	0.316372	0.299676	0.294043	0.296809	0.296193	0.308079	0.319678	0.310920	0.303772	0.305061	0.300306	0.284909	0.309430	0.300272	0.321314	0.295031	0.298658	0.312926	0.304530	0.294593	0.311775	0.296679	0.311257	
0.315242	0.322936	0.263675	0.266218	0.265501	0.311923	0.306960	0.267388	0.267089	0.303901	0.303734	0.274747	0.312570	0.317393	0.312500	0.268061	0.316119	0.270785	0.308438	0.314559	0.311086	0.315921	0.317694	0.269079	0.308485	0.319907	0.304536	0.306519	0.308114	0.309105	0.318543	0.000000	0.243959	0.267066	0.247420	0.266321	0.270079	0.253140	0.247043	0.241028	0.262434	0.251602	0.247924	0.243593	0.237592	0.247569	0.246020	0.253463	0.240415	0.243011	0.273053	0.246200	0.264883	0.257272	0.262678	0.250995	0.258999	0.269594	0.245571	0.244720	0.244010	0.263554	0.260745	0.252353	0.247199	0.270882	0.259410	0.269188	0.262578	0.248108	0.261340	0.264385	0.249284	0.265021	0.270096	0.266476	0.243528	0.265072	0.244135	0.265006	0.267621	0.270023	0.247596	0.256506	0.257945	0.270069	0.269718	0.272357	0.249517	0.254889	0.265666	0.243025	0.245516	0.272627	0.248150	0.267660	0.249661	0.276889	0.267850	0.261648	0.249490	0.272566	0.262878	0.269273	0.248669	
0.309715	0.320799	0.257734	0.254007	0.257886	0.300181	0.297578	0.267816	0.264883	0.297984	0.299688	0.264360	0.312341	0.302502	0.303818	0.250104	0.305027	0.259005	0.299502	0.298773	0.298639	0.302650	0.312705	0.261931	0.301860	0.307436	0.302436	0.304890	0.298232	0.302849	0.309018	0.243959	0.000000	0.259853	0.247530	0.253533	0.266522	0.245532	0.240666	0.244550	0.262286	0.245037	0.245590	0.234231	0.241818	0.238875	0.243734	0.240789	0.241567	0.242519	0.260410	0.242072	0.261562	0.249898	0.252100	0.246343	0.249794	0.270001	0.233424	0.241955	0.243722	0.261700	0.261526	0.242840	0.239204	0.263618	0.252301	0.269510	0.252575	0.239425	0.257923	0.262228	0.240228	0.257568	0.262015	0.266549	0.242627	0.264205	0.247383	0.264694	0.257343	0.261283	0.248654	0.259909	0.262295	0.260553	0.258792	0.268940	0.242708	0.240504	0.265541	0.239531	0.237038	0.267552	0.246009	0.271763	0.246075	0.264698	0.265797	0.247750	0.239316	0.262787	0.262807	0.268813	0.247484	
0.292214	0.300251	0.268978	0.268642	0.267455	0.286633	0.278341	0.246283	0.275299	0.284980	0.288933	0.272727	0.297211	0.296710	0.294457	0.273108	0.285287	0.271222	0.291585	0.299861	0.285308	0.292233	0.292401	0.253031	0.290215	0.300291	0.284058	0.295356	0.285484	0.290416	0.292383	0.267066	0.259853	0.000000	0.263022	0.235166	0.237602	0.254319	0.263072	0.268571	0.244062	0.260175	0.271822	0.260959	0.261620	0.264234	0.265323	0.261310	0.266439	0.259801	0.241969	0.261068	0.243440	0.272391	0.238575	0.256723	0.252728	0.248564	0.258997	0.260336	0.262046	0.246607	0.241473	0.267294	0.265205	0.245713	0.253774	0.254403	0.241769	0.265761	0.241545	0.242726	0.256991	0.271467	0.244758	0.243357	0.261287	0.237652	0.265437	0.244890	0.250861	0.242697	0.262066	0.242428	0.235923	0.238273	0.243457	0.247647	0.263405	0.260848	0.245412	0.260107	0.253197	0.244466	0.254458	0.247414	0.262536	0.247724	0.240885	0.267299	0.260787	0.240862	0.254096	0.243280	0.262618	
0.316115	0.317740	0.258511	0.257684	0.259726	0.311960	0.301242	0.273630	0.266835	0.309211	0.308982	0.263850	0.320108	0.320338	0.311824	0.264587	0.315170	0.258246	0.299623	0.317850	0.308959	0.311922	0.320159	0.259764	0.314558	0.312110	0.300626	0.308986	0.309735	0.310957	0.318492	0.247420	0.247530	0.263022	0.000000	0.261597	0.264402	0.242362	0.249086	0.244207	0.263251	0.245067	0.250509	0.244965	0.243236	0.245561	0.246949	0.246579	0.240474	0.249082	0.266392	0.240079	0.263497	0.247751	0.262887	0.248530	0.253850	0.273954	0.234806	0.241914	0.250275	0.257677	0.263925	0.247860	0.244381	0.272727	0.251727	0.267088	0.255760	0.251212	0.258338	0.261367	0.246979	0.259304	0.262194	0.265536	0.244165	0.271092	0.243092	0.270333	0.260063	0.262478	0.248989	0.259854	0.258576	0.266868	0.274457	0.277957	0.246181	0.251473	0.270799	0.243796	0.248375	0.274671	0.245461	0.266215	0.251625	0.266162	0.265795	0.256599	0.248137	0.268849	0.258972	0.271726	0.238763	
0.288025	0.293274	0.265523	0.272489	0.271123	0.281237	0.276281	0.250144	0.273213	0.283074	0.281664	0.268750	0.292457	0.289262	0.285675	0.267820	0.288959	0.268572	0.289222	0.291073	0.281566	0.288667	0.283808	0.254056	0.287117	0.290036	0.282642	0.280829	0.280801	0.285770	0.290264	0.266321	0.253533	0.235166	0.261597	0.000000	0.244901	0.264495	0.257582	0.257450	0.237043	0.258333	0.269094	0.255325	0.261856	0.264190	0.262054	0.266694	0.256046	0.264244	0.245423	0.254020	0.244217	0.266721	0.236846	0.266016	0.253069	0.239825	0.260686	0.260336	0.252759	0.235834	0.239831	0.266694	0.263965	0.236229	0.249728	0.257811	0.247177	0.256730	0.237437	0.247237	0.263402	0.278004	0.246095	0.238686	0.265259	0.240913	0.266111	0.238556	0.247658	0.247030	0.260602	0.240529	0.235778	0.247134	0.248774	0.247331	0.262649	0.262915	0.243773	0.253048	0.259043	0.242608	0.259534	0.251108	0.262028	0.238240	0.241370	0.267003	0.257598	0.237706	0.252902	0.243453	0.257385	
0.296061	0.300905	0.271083	0.269289	0.268472	0.292284	0.278392	0.236531	0.273597	0.286028	0.284901	0.272727	0.301019	0.294839	0.292713	0.267606	0.296744	0.273016	0.295355	0.298631	0.290878	0.300235	0.300564	0.253628	0.290979	0.298837	0.281076	0.289402	0.292903	0.291103	0.296539	0.270079	0.266522	0.237602	0.264402	0.244901	0.000000	0.262598	0.266114	0.261863	0.245262	0.265075	0.272294	0.273881	0.265879	0.267945	0.265687	0.267461	0.269661	0.268659	0.253205	0.264961	0.246322	0.267669	0.241168	0.264213	0.254069	0.254267	0.263531	0.260739	0.268229	0.250000	0.241205	0.268013	0.262266	0.247945	0.259138	0.261964	0.258056	0.269192	0.241507	0.244275	0.268948	0.270879	0.245345	0.241328	0.260381	0.245801	0.266066	0.245507	0.254235	0.250717	0.264865	0.246285	0.245412	0.246657	0.246118	0.254627	0.266372	0.265098	0.240867	0.262006	0.266459	0.246116	0.265644	0.248930	0.268949	0.247657	0.244272	0.267979	0.261432	0.239178	0.255418	0.242746	0.268069	
0.310888	0.321731	0.257462	0.261984	0.264933	0.308052	0.296156	0.260178	0.262227	0.297633	0.299480	0.262528	0.313978	0.315503	0.310734	0.257787	0.311037	0.253700	0.306301	0.311413	0.303422	0.312412	0.315951	0.265038	0.312379	0.305282	0.307573	0.296146	0.298498	0.298985	0.307649	0.253140	0.245532	0.254319	0.242362	0.264495	0.262598	0.000000	0.243597	0.241014	0.258947	0.249965	0.244653	0.242680	0.245363	0.234323	0.246281	0.249087	0.246615	0.242018	0.269011	0.241007	0.265587	0.245570	0.259667	0.245000	0.251742	0.270046	0.240459	0.235741	0.244867	0.261773	0.264250	0.245818	0.238920	0.269786	0.255366	0.274310	0.254373	0.250507	0.269963	0.260304	0.245829	0.255942	0.258633	0.264304	0.247851	0.260629	0.247964	0.257860	0.264919	0.265698	0.241891	0.264530	0.264093	0.266145	0.266123	0.279374	0.246579	0.253098	0.267540	0.235408	0.237204	0.267121	0.240205	0.270060	0.247695	0.270720	0.264779	0.254387	0.238561	0.255072	0.251657	0.271121	0.246405	
0.310007	0.313913	0.272741	0.267325	0.265679	0.310244	0.294200	0.268788	0.261461	0.303611	0.304224	0.265357	0.317871	0.309447	0.305491	0.261693	0.310319	0.264107	0.306018	0.311455	0.302088	0.315120	0.317277	0.265223	0.314293	0.313062	0.296977	0.299503	0.302176	0.315423	0.312387	0.247043	0.240666	0.263072	0.249086	0.257582	0.266114	0.243597	0.000000	0.245495	0.260509	0.252109	0.247251	0.243537	0.245332	0.249898	0.247083	0.248928	0.250681	0.243710	0.271077	0.249858	0.267282	0.250750	0.256814	0.254414	0.263317	0.271425	0.237940	0.247690	0.246632	0.264818	0.265278	0.252447	0.245291	0.269047	0.254674	0.262356	0.256678	0.244898	0.260727	0.257524	0.242931	0.261840	0.264244	0.264422	0.241049	0.260265	0.250715	0.266404	0.270616	0.268718	0.251424	0.261604	0.264806	0.262636	0.268734	0.270512	0.244322	0.253646	0.274945	0.240311	0.244613	0.268567	0.237151	0.264051	0.246206	0.267739	0.262485	0.254025	0.250882	0.267636	0.258433	0.265062	0.253441	
0.311005	0.314409	0.254248	0.257480	0.253775	0.302819	0.299455	0.266983	0.263867	0.301713	0.295348	0.258163	0.308938	0.309772	0.302769	0.260821	0.311466	0.261725	0.302041	0.307289	0.305082	0.308118	0.311934	0.264669	0.309620	0.305527	0.301227	0.300753	0.307109	0.307292	0.309653	0.241028	0.244550	0.268571	0.244207	0.257450	0.261863	0.241014	0.245495	0.000000	0.251496	0.242168	0.253228	0.240468	0.242760	0.239059	0.239083	0.243258	0.237473	0.241093	0.266648	0.246772	0.265706	0.244617	0.258108	0.245247	0.248313	0.269267	0.236742	0.243104	0.240924	0.256256	0.264814	0.249762	0.244575	0.264022	0.253015	0.265898	0.256953	0.245789	0.261113	0.264995	0.248878	0.255990	0.257182	0.260592	0.238316	0.267094	0.244834	0.260226	0.263570	0.265287	0.242097	0.262225	0.260161	0.270237	0.257108	0.268563	0.245008	0.251435	0.268293	0.246345	0.238115	0.268788	0.241143	0.267454	0.237366	0.269490	0.264470	0.249852	0.247046	0.264338	0.246734	0.273234	0.241892	
0.288475	0.299610	0.266552	0.263709	0.266815	0.285055	0.276808	0.250937	0.271692	0.277607	0.284818	0.269951	0.294839	0.292408	0.287089	0.268732	0.286504	0.270028	0.288639	0.289827	0.283293	0.290586	0.286678	0.254510	0.280182	0.287938	0.273298	0.288397	0.289780	0.281565	0.287151	0.262434	0.262286	0.244062	0.263251	0.237043	0.245262	0.258947	0.260509	0.251496	0.000000	0.264445	0.267558	0.258632	0.261614	0.259696	0.258816	0.263735	0.257412	0.266512	0.242458	0.262132	0.244535	0.268526	0.240648	0.257653	0.257245	0.243125	0.257100	0.261635	0.261415	0.242362	0.243763	0.265793	0.261084	0.243899	0.247723	0.254851	0.244354	0.264828	0.249041	0.238232	0.254672	0.270248	0.243047	0.242309	0.260107	0.246173	0.261232	0.242886	0.247657	0.247235	0.264233	0.238135	0.239244	0.244071	0.242879	0.252806	0.267228	0.270772	0.252607	0.254418	0.253875	0.242853	0.259731	0.250443	0.265046	0.237354	0.242519	0.265137	0.266167	0.244275	0.256442	0.251465	0.261856	
0.315782	0.316392	0.263626	0.263875	0.258414	0.311036	0.303722	0.268808	0.272074	0.307591	0.302100	0.263692	0.320932	0.318851	0.315340	0.262158	0.309363	0.265275	0.305391	0.313176	0.301255	0.317127	0.317988	0.264087	0.315259	0.308118	0.304433	0.307010	0.299094	0.304483	0.315017	0.251602	0.245037	0.260175	0.245067	0.258333	0.265075	0.249965	0.252109	0.242168	0.264445	0.000000	0.240551	0.244979	0.245888	0.247327	0.246387	0.246427	0.245077	0.250239	0.262598	0.240883	0.264570	0.251163	0.259638	0.254980	0.258194	0.271121	0.244878	0.242598	0.252245	0.259717	0.258758	0.257857	0.246063	0.260732	0.259229	0.270937	0.253676	0.247712	0.263353	0.257108	0.248976	0.261047	0.268544	0.268113	0.246297	0.265278	0.245386	0.265175	0.267983	0.273933	0.247853	0.264698	0.261640	0.265100	0.262425	0.270400	0.247648	0.254321	0.265608	0.245066	0.244487	0.272827	0.241488	0.268690	0.247756	0.271233	0.265189	0.252632	0.252352	0.269672	0.263259	0.265702	0.245724	
