1.156849	0.315703	-0.068308	-0.065796	-0.077512	0.309374	0.197274	-0.042502	-0.065118	0.329166	0.179547	-0.061999	0.339607	0.346805	0.274350	-0.075368	0.218980	-0.072409	0.198802	0.206541	0.175765	0.279187	0.334353	-0.052484	0.204547	0.335437	0.220096	0.204253	0.181225	0.160117	0.324459	-0.107427	-0.104128	-0.059854	-0.108199	-0.052009	-0.051283	-0.092709	-0.083495	-0.099369	-0.043485	-0.106116	-0.093778	-0.097251	-0.084490	-0.077789	-0.084143	-0.109694	-0.089261	-0.072785	-0.051271	-0.092922	-0.073195	-0.098417	-0.062348	-0.108522	-0.081369	-0.047036	-0.102786	-0.087146	-0.097515	-0.070788	-0.053376	-0.102765	-0.101379	-0.052982	-0.070093	-0.059969	-0.079099	-0.088802	-0.052283	-0.063213	-0.110386	-0.074027	-0.037400	-0.055388	-0.089990	-0.060467	-0.072598	-0.062163	-0.059599	-0.049597	-0.116450	-0.083845	-0.070343	-0.042485	-0.051896	-0.079528	-0.096827	-0.074483	-0.041006	-0.109283	-0.082167	-0.040086	-0.092007	-0.057767	-0.110686	-0.015489	-0.052108	-0.088758	-0.090512	-0.035186	-0.072214	-0.046770	-0.114507	
0.315703	1.239037	-0.078365	-0.070516	-0.068325	0.357350	0.214735	-0.034550	-0.083293	0.311538	0.233388	-0.078211	0.299888	0.337976	0.289710	-0.068577	0.219938	-0.052105	0.203088	0.226769	0.193857	0.318143	0.323332	-0.046130	0.187535	0.319437	0.195368	0.198699	0.190747	0.158448	0.306423	-0.108612	-0.110886	-0.071643	-0.094938	-0.049867	-0.060178	-0.112488	-0.087855	-0.099071	-0.065688	-0.095649	-0.099482	-0.115705	-0.100409	-0.101322	-0.098703	-0.108784	-0.091663	-0.110955	-0.038889	-0.099881	-0.046285	-0.109257	-0.045035	-0.094193	-0.082101	-0.040646	-0.100140	-0.100761	-0.091393	-0.070601	-0.061462	-0.085085	-0.088651	-0.046428	-0.087063	-0.055795	-0.076450	-0.092649	-0.064535	-0.057737	-0.097913	-0.053833	-0.049685	-0.054156	-0.082659	-0.055489	-0.085654	-0.056022	-0.054918	-0.065589	-0.087153	-0.055918	-0.051910	-0.061277	-0.060877	-0.067751	-0.116824	-0.080967	-0.066823	-0.107414	-0.082577	-0.036267	-0.088431	-0.061195	-0.104894	-0.046709	-0.058832	-0.099259	-0.093466	-0.044356	-0.084856	-0.043115	-0.097195	
-0.068308	-0.078365	1.030622	0.167751	0.219500	-0.069061	-0.037582	-0.027475	0.153493	-0.060652	-0.046068	0.193512	-0.056661	-0.052368	-0.073530	0.207840	-0.094298	0.171715	-0.062110	-0.088314	-0.073158	-0.087988	-0.087579	0.017463	-0.057927	-0.085619	-0.080468	-0.082515	-0.076410	-0.076439	-0.070949	0.001041	-0.005863	-0.034393	0.003115	-0.034294	-0.027326	0.006912	-0.014674	0.015201	-0.029770	-0.002334	0.011361	0.018124	-0.015151	0.001206	-0.007783	0.019598	0.003203	0.004556	-0.016762	-0.009685	-0.032789	0.010806	-0.010854	-0.017866	-0.035380	-0.018266	-0.005826	0.003765	0.002585	-0.019699	-0.016186	0.010983	-0.007127	-0.039623	-0.015406	0.003667	-0.005341	-0.011607	-0.038256	-0.041283	-0.009821	0.178567	-0.042704	-0.022820	0.016542	-0.063636	0.024130	-0.042965	0.023145	-0.036165	-0.009533	-0.032885	-0.009785	-0.027850	-0.041638	-0.049563	0.021227	-0.008082	-0.033347	-0.000137	0.012351	-0.032026	0.008386	-0.042673	0.016036	-0.019444	-0.013413	0.019317	-0.001858	-0.039293	0.006861	-0.050638	-0.003947	
-0.065796	-0.070516	0.167751	1.046401	0.173432	-0.081830	-0.049913	-0.017831	0.152635	-0.065509	-0.049283	0.198428	-0.079564	-0.076144	-0.066809	0.189545	-0.054411	0.176148	-0.069254	-0.061641	-0.048085	-0.069693	-0.069861	0.017145	-0.032114	-0.067880	-0.065658	-0.080030	-0.068301	-0.053085	-0.084496	-0.002059	0.008065	-0.024883	0.010437	-0.046450	-0.032999	0.006694	-0.016936	0.017289	-0.014917	0.002688	0.006305	0.005459	-0.008001	0.020023	0.000196	-0.001387	-0.003641	-0.004837	-0.035538	0.007769	-0.053797	0.012111	-0.041980	-0.002278	-0.005118	-0.042069	0.013144	-0.005765	0.008361	-0.031082	-0.033318	0.006482	0.007393	-0.044225	-0.017547	0.035984	-0.014587	0.002937	-0.034728	-0.020717	-0.010876	0.153706	-0.031840	-0.045060	0.007191	-0.030963	-0.000756	-0.036185	0.024617	-0.027838	-0.017321	-0.029346	-0.044348	-0.043659	-0.038831	-0.045451	0.016481	-0.005541	-0.031925	0.002304	0.000517	-0.044600	-0.021572	-0.032574	-0.003146	-0.020272	-0.033184	0.035162	0.009472	-0.025850	0.000789	-0.038643	0.001094	
-0.077512	-0.068325	0.219500	0.173432	1.036586	-0.065236	-0.027235	-0.028573	0.150748	-0.069479	-0.047678	0.159132	-0.071558	-0.062631	-0.077283	0.184804	-0.062360	0.182540	-0.073367	-0.064046	-0.067185	-0.090646	-0.081677	0.037412	-0.068059	-0.081385	-0.061293	-0.048717	-0.053432	-0.049161	-0.085707	-0.000465	0.006593	-0.024132	0.004861	-0.038784	-0.020873	-0.008085	-0.007337	0.024359	-0.026713	0.021790	-0.014798	0.008250	-0.009013	-0.006501	-0.001929	0.011453	0.012868	0.016361	-0.025349	0.003667	-0.032106	-0.015711	-0.050251	0.005199	-0.010589	-0.042837	0.008281	0.006875	-0.000512	-0.018278	-0.051160	0.005939	0.007568	-0.028288	-0.042071	-0.001813	-0.005075	0.002259	-0.018390	-0.023180	-0.011281	0.180656	-0.020183	-0.037935	0.000702	-0.043050	0.000391	-0.041250	0.010844	-0.025910	-0.011371	-0.047763	-0.036796	-0.051415	-0.038242	-0.040580	0.006714	0.003221	-0.032192	0.021602	0.024817	-0.039304	0.010098	-0.032902	0.011201	-0.026265	-0.049625	0.020834	0.008144	-0.036230	-0.012885	-0.035947	-0.016631	
0.309374	0.357350	-0.069061	-0.081830	-0.065236	1.142421	0.195858	-0.031131	-0.066939	0.295943	0.236327	-0.077218	0.324965	0.325994	0.263072	-0.070436	0.225371	-0.079482	0.184427	0.215920	0.184500	0.319688	0.314164	-0.051136	0.180569	0.303250	0.207982	0.185585	0.184336	0.177299	0.324598	-0.093547	-0.078977	-0.040422	-0.096059	-0.036696	-0.053204	-0.095198	-0.100465	-0.082186	-0.041473	-0.094248	-0.104042	-0.097203	-0.105811	-0.089494	-0.087797	-0.096601	-0.077917	-0.094932	-0.061907	-0.099881	-0.051380	-0.095283	-0.038380	-0.086298	-0.077868	-0.054859	-0.100846	-0.088434	-0.100211	-0.071693	-0.054234	-0.098810	-0.083036	-0.040521	-0.065403	-0.048701	-0.061805	-0.089537	-0.064157	-0.068510	-0.112505	-0.074454	-0.047268	-0.056166	-0.109864	-0.058708	-0.082913	-0.058198	-0.047379	-0.052757	-0.118687	-0.053055	-0.062712	-0.062253	-0.051288	-0.063467	-0.092086	-0.091877	-0.075212	-0.099938	-0.097449	-0.035715	-0.079630	-0.065861	-0.092683	-0.040752	-0.069969	-0.098573	-0.082410	-0.055889	-0.078518	-0.057002	-0.099758	
0.197274	0.214735	-0.037582	-0.049913	-0.027235	0.195858	1.087902	-0.042771	-0.045543	0.189434	0.224838	-0.045932	0.191779	0.200544	0.210655	-0.049252	0.169344	-0.049335	0.191645	0.193428	0.225176	0.174490	0.156516	-0.036657	0.167500	0.168887	0.209425	0.196274	0.188559	0.149992	0.205096	-0.100595	-0.086035	-0.038111	-0.083793	-0.023574	-0.032532	-0.081477	-0.071939	-0.085491	-0.026300	-0.093140	-0.078879	-0.073698	-0.069008	-0.084781	-0.071156	-0.111939	-0.074498	-0.082346	-0.035669	-0.084856	-0.025947	-0.074232	-0.033333	-0.070346	-0.055289	-0.018868	-0.090917	-0.068405	-0.085032	-0.051504	-0.038995	-0.071744	-0.067945	-0.040587	-0.050289	-0.037875	-0.063378	-0.082987	-0.046252	-0.045778	-0.102075	-0.065788	-0.051575	-0.061452	-0.093484	-0.042099	-0.071875	-0.052905	-0.027225	-0.003054	-0.100999	-0.044053	-0.060100	-0.041469	-0.050230	-0.047888	-0.067767	-0.090130	-0.035184	-0.091872	-0.070114	-0.023433	-0.055272	-0.027329	-0.086826	-0.031203	-0.029902	-0.111152	-0.096159	-0.041895	-0.061338	-0.024784	-0.069553	
-0.042502	-0.034550	-0.027475	-0.017831	-0.028573	-0.031131	-0.042771	0.972150	-0.021341	-0.036050	-0.038036	-0.022739	-0.061385	-0.044309	-0.044250	-0.030167	-0.041855	-0.040280	-0.046614	-0.057416	-0.064355	-0.055927	-0.057053	-0.003699	-0.069941	-0.069947	-0.053313	-0.039660	-0.061030	-0.040195	-0.059979	-0.018274	-0.035083	0.023968	-0.033293	0.010739	0.073358	-0.004325	-0.028696	-0.018249	0.017340	-0.018672	-0.017369	-0.032038	-0.015863	-0.020297	-0.023530	-0.026988	-0.017800	-0.024713	0.033272	-0.038025	0.045504	-0.007803	0.024888	-0.022397	0.012443	0.029746	-0.028702	-0.030525	-0.022093	0.037205	0.026614	-0.016860	-0.005717	0.023991	0.012628	0.002422	0.027900	-0.022338	0.011200	0.030910	-0.037723	-0.036079	0.016326	0.052548	-0.023784	0.035492	0.003024	0.024050	0.013082	0.034240	-0.031665	0.044163	0.021705	0.031881	0.032456	0.036988	-0.009876	-0.012745	0.023051	-0.032185	-0.032067	0.046574	-0.006027	0.028240	-0.030205	0.028617	0.040180	-0.021520	-0.024447	0.033738	0.024986	0.030685	-0.024748	
-0.065118	-0.083293	0.153493	0.152635	0.150748	-0.066939	-0.045543	-0.021341	1.085447	-0.079666	-0.061832	0.177808	-0.074042	-0.036736	-0.070769	0.161976	-0.088990	0.156790	-0.058168	-0.063178	-0.072193	-0.092489	-0.081092	0.042627	-0.039143	-0.083970	-0.063589	-0.077515	-0.073436	-0.072139	-0.071095	0.004420	-0.004078	-0.030404	-0.011198	-0.030439	-0.033816	-0.003391	0.003977	0.012083	-0.025451	-0.013697	0.015623	-0.013741	0.012260	0.005033	0.010906	0.006495	-0.005316	0.009210	-0.030823	0.015954	-0.048543	-0.005334	-0.014504	-0.003299	-0.022627	-0.014289	0.010233	0.001068	-0.002479	-0.016731	-0.019873	-0.001900	-0.001298	-0.045856	-0.012154	0.032421	-0.014911	0.006582	-0.038607	-0.038401	-0.026968	0.168176	-0.029638	-0.037687	0.016302	-0.033700	0.018467	-0.036417	0.015438	-0.038056	0.015242	-0.022735	-0.020622	-0.029565	-0.043461	-0.018856	0.013638	-0.008330	-0.045545	-0.003867	0.019821	-0.047301	-0.004332	-0.021340	-0.006634	-0.012060	-0.031290	0.003478	0.008744	-0.022571	-0.001845	-0.039619	0.004364	
0.329166	0.311538	-0.060652	-0.065509	-0.069479	0.295943	0.189434	-0.036050	-0.079666	1.074365	0.223889	-0.064117	0.329268	0.270782	0.283567	-0.077809	0.231256	-0.076668	0.186375	0.231401	0.213639	0.295963	0.312690	-0.022390	0.186795	0.297550	0.205691	0.200639	0.219074	0.200359	0.311367	-0.086965	-0.089961	-0.055566	-0.112843	-0.045897	-0.057723	-0.083782	-0.093871	-0.098150	-0.039953	-0.103004	-0.107711	-0.099270	-0.105312	-0.099195	-0.102152	-0.078301	-0.106442	-0.090824	-0.044020	-0.099679	-0.058774	-0.098006	-0.065270	-0.079198	-0.065974	-0.055795	-0.095867	-0.085311	-0.098889	-0.068878	-0.052494	-0.098747	-0.086702	-0.059692	-0.073997	-0.051373	-0.054291	-0.065575	-0.057687	-0.054069	-0.110830	-0.078516	-0.050227	-0.049919	-0.095761	-0.036530	-0.091824	-0.070522	-0.046477	-0.042476	-0.107888	-0.059219	-0.071895	-0.046569	-0.039211	-0.070427	-0.110622	-0.080047	-0.067689	-0.086266	-0.085395	-0.044904	-0.083864	-0.049388	-0.102630	-0.058062	-0.051758	-0.106151	-0.095746	-0.050814	-0.071653	-0.047506	-0.096553	
0.179547	0.233388	-0.046068	-0.049283	-0.047678	0.236327	0.224838	-0.038036	-0.061832	0.223889	1.124122	-0.037987	0.218988	0.217024	0.225455	-0.045050	0.193276	-0.054650	0.221267	0.227442	0.174143	0.208747	0.207996	-0.043547	0.167920	0.177461	0.215268	0.187946	0.203019	0.176664	0.209814	-0.077520	-0.084355	-0.046013	-0.100419	-0.036326	-0.036932	-0.070635	-0.080585	-0.067881	-0.045461	-0.078717	-0.100253	-0.080589	-0.075712	-0.084613	-0.079389	-0.076441	-0.075091	-0.087279	-0.055363	-0.084545	-0.052317	-0.089701	-0.022941	-0.080995	-0.056118	-0.044948	-0.086630	-0.077497	-0.075189	-0.053286	-0.052562	-0.087327	-0.085622	-0.049588	-0.062763	-0.033762	-0.069076	-0.071879	-0.057437	-0.056594	-0.093875	-0.035644	-0.043774	-0.021114	-0.080294	-0.076117	-0.080923	-0.031191	-0.027434	-0.052552	-0.092971	-0.053365	-0.067326	-0.043269	-0.035846	-0.050753	-0.072672	-0.055331	-0.049553	-0.088988	-0.075134	-0.032085	-0.079605	-0.046917	-0.074360	-0.032119	-0.069997	-0.092246	-0.067494	-0.055453	-0.069374	-0.049191	-0.092198	
-0.061999	-0.078211	0.193512	0.198428	0.159132	-0.077218	-0.045932	-0.022739	0.177808	-0.064117	-0.037987	1.053257	-0.067477	-0.078705	-0.088085	0.202426	-0.081871	0.169031	-0.067312	-0.073945	-0.065567	-0.094402	-0.093270	-0.007222	-0.042521	-0.082911	-0.063629	-0.094833	-0.070350	-0.081635	-0.076054	-0.032009	-0.001761	-0.025102	0.012131	-0.023951	-0.028031	0.013684	0.011268	0.019980	-0.019515	0.007776	-0.006788	0.015866	0.001948	-0.016015	0.003852	0.028875	0.008141	0.017163	-0.015736	-0.006780	-0.039123	0.021686	-0.016066	0.012651	-0.011933	-0.021149	0.003349	0.018483	-0.009053	-0.029270	-0.035282	0.014889	0.000348	-0.037474	-0.009863	0.022540	-0.032552	-0.007618	-0.042990	-0.031192	-0.018165	0.162270	-0.039168	-0.038069	0.022112	-0.050495	0.003293	-0.037597	0.011057	-0.033649	-0.010235	-0.050748	-0.029962	-0.041839	-0.027879	-0.042560	0.017839	-0.017836	-0.024516	0.032803	0.026100	-0.036310	0.010369	-0.031934	0.005021	-0.043063	-0.033149	0.003761	0.013034	-0.021869	-0.005759	-0.048603	-0.019095	
0.339607	0.299888	-0.056661	-0.079564	-0.071558	0.324965	0.191779	-0.061385	-0.074042	0.329268	0.218988	-0.067477	1.204527	0.316860	0.275052	-0.072385	0.201602	-0.073373	0.169630	0.231083	0.210418	0.286535	0.333983	-0.037087	0.180262	0.291975	0.196191	0.169170	0.153163	0.171788	0.318166	-0.077182	-0.092189	-0.067931	-0.102302	-0.051817	-0.059453	-0.101195	-0.103321	-0.080660	-0.055642	-0.111525	-0.086680	-0.091812	-0.087743	-0.115056	-0.091199	-0.079358	-0.093827	-0.093177	-0.043287	-0.100168	-0.070440	-0.092509	-0.050662	-0.112881	-0.061964	-0.042114	-0.092161	-0.088635	-0.093164	-0.069184	-0.054537	-0.064093	-0.087372	-0.054505	-0.081411	-0.042945	-0.088166	-0.100279	-0.055960	-0.068173	-0.118437	-0.079870	-0.024116	-0.061166	-0.100661	-0.028698	-0.071095	-0.061174	-0.049980	-0.063415	-0.103261	-0.071697	-0.061514	-0.064545	-0.037380	-0.052637	-0.106659	-0.082407	-0.070823	-0.085325	-0.093356	-0.031779	-0.098484	-0.077116	-0.092577	-0.039634	-0.056678	-0.120865	-0.086972	-0.053018	-0.084058	-0.054958	-0.094662	
0.346805	0.337976	-0.052368	-0.076144	-0.062631	0.325994	0.200544	-0.044309	-0.036736	0.270782	0.217024	-0.078705	0.316860	1.200160	0.234509	-0.069918	0.218164	-0.077818	0.193204	0.201322	0.196271	0.296742	0.301641	-0.050649	0.222234	0.294967	0.172025	0.196816	0.195985	0.138318	0.304420	-0.090946	-0.078526	-0.060182	-0.112700	-0.040571	-0.043638	-0.096629	-0.083775	-0.087548	-0.047833	-0.111786	-0.102740	-0.100017	-0.089977	-0.098582	-0.091513	-0.090591	-0.094990	-0.090867	-0.052763	-0.106814	-0.051523	-0.100477	-0.038631	-0.103627	-0.063649	-0.036754	-0.094740	-0.085639	-0.108942	-0.071420	-0.056967	-0.091474	-0.084781	-0.073220	-0.100926	-0.054293	-0.074384	-0.089731	-0.069117	-0.041512	-0.101146	-0.070211	-0.031038	-0.054550	-0.088747	-0.053624	-0.090881	-0.071138	-0.035859	-0.069275	-0.091799	-0.080356	-0.070871	-0.059776	-0.036526	-0.057278	-0.105335	-0.083385	-0.055191	-0.092000	-0.097616	-0.046027	-0.095708	-0.054513	-0.104811	-0.016891	-0.046414	-0.095489	-0.079601	-0.035345	-0.074614	-0.034779	-0.103882	
0.274350	0.289710	-0.073530	-0.066809	-0.077283	0.263072	0.210655	-0.044250	-0.070769	0.283567	0.225455	-0.088085	0.275052	0.234509	1.165097	-0.072599	0.225020	-0.082399	0.202784	0.231135	0.194822	0.270972	0.275972	-0.015317	0.186437	0.282637	0.239836	0.202444	0.195526	0.192589	0.297243	-0.087788	-0.083973	-0.050020	-0.093891	-0.039798	-0.042281	-0.089309	-0.078842	-0.080702	-0.036061	-0.096070	-0.105648	-0.090690	-0.098006	-0.098844	-0.098933	-0.096199	-0.087993	-0.088546	-0.044361	-0.075383	-0.068516	-0.098136	-0.038107	-0.094177	-0.056772	-0.061226	-0.093173	-0.074942	-0.090787	-0.065024	-0.044505	-0.097117	-0.079492	-0.057805	-0.067847	-0.049625	-0.067904	-0.095717	-0.058069	-0.054252	-0.080434	-0.082907	-0.028006	-0.056175	-0.064532	-0.057631	-0.102782	-0.062973	-0.061120	-0.063462	-0.116291	-0.050170	-0.053432	-0.058833	-0.061491	-0.045522	-0.091426	-0.052990	-0.054262	-0.089323	-0.100599	-0.048521	-0.088557	-0.040871	-0.097822	-0.060978	-0.056573	-0.098866	-0.078729	-0.059696	-0.064715	-0.035189	-0.083132	
-0.075368	-0.068577	0.207840	0.189545	0.184804	-0.070436	-0.049252	-0.030167	0.161976	-0.077809	-0.045050	0.202426	-0.072385	-0.069918	-0.072599	1.008582	-0.074202	0.211210	-0.064815	-0.072147	-0.075399	-0.061336	-0.064962	0.023677	-0.073819	-0.082092	-0.062862	-0.080956	-0.070271	-0.093308	-0.071906	-0.009853	0.029355	-0.040846	-0.004815	-0.036746	-0.024656	0.009426	0.011732	0.000170	-0.030167	0.004772	0.001833	0.007487	0.018999	-0.001335	-0.014106	0.020295	-0.013273	-0.001366	-0.034157	0.024436	-0.036107	0.003574	-0.025268	0.024710	-0.013702	-0.034338	0.005770	-0.011668	-0.017168	-0.033823	-0.039450	-0.002529	-0.006743	-0.035746	-0.012039	0.050853	-0.006257	0.002408	-0.048261	-0.037886	-0.024396	0.162887	-0.042706	-0.027339	0.005718	-0.035295	0.012098	-0.039565	0.029022	-0.036866	-0.004409	-0.044133	-0.031270	-0.038207	-0.037155	-0.032063	0.001134	0.003591	-0.028527	0.001632	-0.007804	-0.011234	0.020339	-0.044512	0.013427	-0.024399	-0.036451	0.008365	0.004542	-0.030581	-0.009266	-0.035910	-0.025632	
0.218980	0.219938	-0.094298	-0.054411	-0.062360	0.225371	0.169344	-0.041855	-0.088990	0.231256	0.193276	-0.081871	0.201602	0.218164	0.225020	-0.074202	1.167089	-0.075256	0.240586	0.229803	0.252633	0.237140	0.229273	-0.033909	0.284087	0.218708	0.237050	0.239982	0.258162	0.230231	0.225248	-0.109359	-0.087062	-0.035463	-0.100682	-0.053258	-0.058648	-0.096842	-0.093696	-0.102142	-0.033739	-0.088776	-0.098810	-0.103549	-0.105513	-0.086355	-0.085880	-0.093171	-0.095824	-0.089086	-0.031407	-0.087010	-0.030425	-0.104549	-0.047544	-0.092207	-0.072480	-0.055355	-0.100281	-0.096321	-0.091975	-0.062874	-0.026868	-0.100867	-0.105509	-0.048282	-0.090809	-0.037318	-0.057207	-0.067834	-0.050039	-0.042112	-0.109470	-0.068054	-0.017834	-0.037776	-0.080037	-0.038176	-0.102942	-0.032340	-0.033827	-0.047428	-0.106590	-0.040738	-0.050394	-0.048415	-0.036260	-0.051119	-0.077432	-0.078343	-0.034376	-0.091198	-0.069409	-0.025409	-0.079938	-0.012279	-0.088246	-0.039577	-0.052094	-0.063419	-0.075360	-0.045402	-0.099798	-0.019451	-0.095227	
-0.072409	-0.052105	0.171715	0.176148	0.182540	-0.079482	-0.049335	-0.040280	0.156790	-0.076668	-0.054650	0.169031	-0.073373	-0.077818	-0.082399	0.211210	-0.075256	1.005974	-0.050466	-0.062598	-0.060882	-0.082546	-0.079960	0.027440	-0.057580	-0.076764	-0.048224	-0.058528	-0.052151	-0.059856	-0.077103	-0.009307	-0.006060	-0.039987	0.015847	-0.035982	-0.037105	0.028110	-0.007118	-0.003705	-0.038408	0.001369	0.017012	-0.007727	0.005959	-0.002485	0.010860	0.012781	0.012022	-0.001004	-0.010867	-0.016140	-0.023526	-0.007755	-0.025264	0.016326	-0.032573	-0.034077	0.010684	0.011944	0.017041	-0.021456	-0.029304	-0.000532	0.002252	-0.047675	-0.017753	0.001474	-0.013665	0.009442	-0.016765	-0.019168	-0.013676	0.175040	-0.048902	-0.032199	-0.001657	-0.034187	0.021711	-0.050235	0.018090	-0.021987	-0.003292	-0.033963	-0.032430	-0.048995	-0.029537	-0.037343	-0.009601	-0.013743	-0.053540	-0.004865	0.026569	-0.019419	0.009939	-0.032630	-0.000270	-0.039687	-0.037878	0.009122	0.003668	-0.019022	-0.008055	-0.026999	0.008106	
0.198802	0.203088	-0.062110	-0.069254	-0.073367	0.184427	0.191645	-0.046614	-0.058168	0.186375	0.221267	-0.067312	0.169630	0.193204	0.202784	-0.064815	0.240586	-0.050466	1.099141	0.216533	0.229407	0.188728	0.232006	-0.026803	0.189680	0.205636	0.213789	0.235508	0.240589	0.215757	0.242157	-0.084043	-0.074180	-0.056880	-0.063081	-0.054548	-0.054128	-0.085085	-0.083264	-0.067154	-0.049388	-0.083611	-0.088112	-0.076304	-0.089794	-0.069480	-0.084601	-0.090711	-0.085662	-0.078648	-0.040627	-0.065996	-0.035598	-0.092507	-0.042411	-0.095829	-0.063920	-0.043169	-0.081812	-0.085128	-0.082337	-0.072527	-0.028637	-0.084488	-0.069429	-0.044579	-0.066221	-0.040635	-0.044744	-0.083408	-0.040960	-0.058444	-0.091388	-0.062055	-0.036796	-0.065428	-0.075172	-0.050853	-0.084863	-0.049643	-0.025370	-0.030682	-0.078777	-0.049953	-0.041965	-0.031602	-0.053962	-0.046079	-0.111432	-0.061048	-0.054310	-0.076022	-0.073641	-0.046761	-0.079204	-0.028188	-0.087781	-0.038995	-0.030954	-0.063335	-0.059941	-0.052206	-0.089298	-0.047121	-0.096664	
0.206541	0.226769	-0.088314	-0.061641	-0.064046	0.215920	0.193428	-0.057416	-0.063178	0.231401	0.227442	-0.073945	0.231083	0.201322	0.231135	-0.072147	0.229803	-0.062598	0.216533	1.209237	0.244774	0.220809	0.239768	-0.028290	0.220146	0.236313	0.230546	0.223952	0.217347	0.165170	0.210483	-0.090267	-0.064187	-0.067751	-0.095768	-0.041106	-0.056199	-0.095120	-0.082899	-0.088882	-0.046834	-0.088457	-0.091544	-0.103677	-0.088277	-0.085691	-0.079638	-0.076515	-0.091465	-0.085520	-0.039559	-0.084528	-0.033069	-0.087114	-0.048906	-0.078222	-0.072992	-0.058102	-0.091876	-0.085374	-0.080145	-0.045714	-0.046050	-0.086973	-0.079898	-0.057096	-0.077553	-0.044224	-0.063848	-0.049551	-0.058396	-0.053478	-0.089535	-0.050889	-0.037916	-0.044650	-0.089610	-0.049414	-0.087116	-0.060652	-0.026494	-0.046323	-0.099430	-0.051560	-0.060322	-0.020497	-0.049352	-0.038948	-0.105770	-0.091858	-0.040666	-0.107242	-0.080820	-0.037121	-0.080155	-0.028875	-0.078690	-0.033335	-0.057331	-0.062932	-0.071875	-0.037527	-0.076528	-0.048086	-0.086269	
0.175765	0.193857	-0.073158	-0.048085	-0.067185	0.184500	0.225176	-0.064355	-0.072193	0.213639	0.174143	-0.065567	0.210418	0.196271	0.194822	-0.075399	0.252633	-0.060882	0.229407	0.244774	1.129191	0.225012	0.188369	-0.032390	0.210461	0.195126	0.217572	0.217974	0.194083	0.229412	0.201946	-0.094633	-0.072225	-0.038808	-0.089735	-0.028296	-0.045633	-0.084835	-0.069202	-0.082843	-0.040819	-0.070058	-0.080749	-0.104227	-0.069118	-0.086303	-0.084294	-0.093184	-0.086420	-0.072833	-0.034951	-0.075634	-0.038442	-0.076029	-0.038692	-0.075295	-0.073459	-0.030304	-0.078429	-0.086693	-0.085271	-0.071717	-0.032369	-0.093835	-0.075824	-0.057684	-0.067793	-0.059591	-0.042194	-0.078763	-0.034660	-0.063871	-0.078444	-0.064603	-0.032455	-0.055367	-0.075899	-0.050422	-0.054519	-0.047896	-0.039762	-0.057555	-0.089937	-0.047502	-0.060497	-0.048415	-0.037654	-0.037809	-0.072212	-0.053024	-0.034898	-0.078320	-0.085389	-0.036189	-0.078617	-0.018123	-0.079827	-0.063153	-0.044798	-0.087254	-0.068613	-0.019456	-0.059680	-0.041085	-0.096623	
0.279187	0.318143	-0.087988	-0.069693	-0.090646	0.319688	0.174490	-0.055927	-0.092489	0.295963	0.208747	-0.094402	0.286535	0.296742	0.270972	-0.061336	0.237140	-0.082546	0.188728	0.220809	0.225012	1.143341	0.295565	-0.031113	0.233522	0.314548	0.203818	0.196279	0.220707	0.193650	0.301690	-0.100949	-0.084514	-0.049483	-0.093947	-0.048934	-0.070412	-0.105445	-0.102004	-0.095308	-0.052626	-0.108286	-0.113061	-0.104372	-0.102231	-0.094076	-0.099767	-0.090452	-0.097761	-0.116217	-0.063274	-0.084252	-0.060890	-0.094610	-0.053324	-0.091116	-0.078566	-0.027486	-0.106373	-0.091525	-0.093642	-0.054424	-0.035586	-0.090780	-0.078954	-0.049046	-0.078714	-0.042397	-0.068232	-0.088727	-0.049884	-0.045276	-0.097003	-0.092308	-0.036293	-0.065760	-0.100248	-0.038339	-0.069183	-0.059218	-0.025380	-0.051150	-0.108233	-0.049623	-0.066972	-0.029479	-0.037956	-0.042480	-0.100504	-0.066820	-0.077446	-0.100410	-0.090426	-0.018363	-0.097235	-0.049163	-0.090790	-0.027203	-0.029467	-0.098963	-0.100671	-0.044354	-0.080047	-0.056716	-0.088083	
0.334353	0.323332	-0.087579	-0.069861	-0.081677	0.314164	0.156516	-0.057053	-0.081092	0.312690	0.207996	-0.093270	0.333983	0.301641	0.275972	-0.064962	0.229273	-0.079960	0.232006	0.239768	0.188369	0.295565	1.218080	-0.032381	0.200370	0.300310	0.172270	0.208576	0.196277	0.177352	0.331574	-0.104058	-0.103383	-0.043772	-0.108842	-0.025109	-0.062724	-0.104719	-0.105210	-0.099633	-0.027852	-0.105861	-0.076294	-0.101034	-0.099764	-0.088184	-0.084644	-0.090727	-0.090142	-0.081413	-0.045954	-0.099302	-0.058744	-0.096199	-0.051567	-0.089925	-0.046945	-0.044684	-0.092452	-0.091687	-0.100212	-0.076392	-0.044558	-0.100564	-0.088530	-0.052905	-0.073875	-0.060002	-0.072848	-0.092436	-0.047038	-0.063635	-0.103545	-0.082411	-0.030099	-0.037128	-0.100090	-0.048965	-0.078292	-0.049881	-0.051910	-0.053511	-0.106639	-0.086254	-0.056768	-0.060786	-0.055471	-0.079350	-0.104527	-0.096058	-0.055109	-0.094213	-0.090848	-0.037268	-0.082773	-0.071051	-0.106768	-0.055629	-0.048231	-0.106629	-0.090578	-0.063851	-0.077755	-0.039390	-0.106493	
-0.052484	-0.046130	0.017463	0.017145	0.037412	-0.051136	-0.036657	-0.003699	0.042627	-0.022390	-0.043547	-0.007222	-0.037087	-0.050649	-0.015317	0.023677	-0.033909	0.027440	-0.026803	-0.028290	-0.032390	-0.031113	-0.032381	0.959858	-0.016214	-0.043792	-0.030471	-0.033884	-0.034680	-0.029253	-0.031138	-0.017201	-0.016045	0.002868	-0.006874	-0.000641	-0.001133	-0.016147	-0.016701	-0.021617	-0.002680	-0.011005	-0.036126	-0.033871	-0.006361	-0.036808	-0.005913	-0.003892	-0.004573	-0.026867	0.002999	-0.013185	-0.006677	-0.024118	-0.008870	-0.020729	-0.021471	-0.005369	-0.017643	-0.017856	-0.012847	-0.018144	0.004821	-0.032989	-0.033763	0.006614	-0.007249	0.139871	0.004605	-0.017979	0.022028	-0.019756	-0.012944	0.031272	-0.021651	0.010069	0.002797	-0.012215	-0.006532	0.002338	0.138084	0.011986	-0.030588	-0.008690	0.015372	0.013985	-0.009137	0.003822	-0.011884	-0.030976	-0.004662	-0.024196	-0.008923	-0.004467	-0.029687	0.003119	0.008019	-0.011274	-0.019030	-0.024152	-0.032253	0.011930	-0.014207	0.007763	-0.015668	
0.204547	0.187535	-0.057927	-0.032114	-0.068059	0.180569	0.167500	-0.069941	-0.039143	0.186795	0.167920	-0.042521	0.180262	0.222234	0.186437	-0.073819	0.284087	-0.057580	0.189680	0.220146	0.210461	0.233522	0.200370	-0.016214	1.178684	0.208813	0.174092	0.275384	0.189511	0.258906	0.181405	-0.079796	-0.074152	-0.041887	-0.094315	-0.046403	-0.048074	-0.096184	-0.098728	-0.079380	-0.000625	-0.101566	-0.106301	-0.087027	-0.060564	-0.105252	-0.079548	-0.096122	-0.079994	-0.083020	-0.028465	-0.061185	-0.032253	-0.107982	-0.048393	-0.092421	-0.107044	-0.049954	-0.068981	-0.078899	-0.092068	-0.078389	-0.039992	-0.089095	-0.082717	-0.067707	-0.060432	-0.037994	-0.066448	-0.046083	-0.032143	-0.056355	-0.083818	-0.051369	-0.029921	-0.033997	-0.095266	-0.046479	-0.088088	-0.054565	-0.008895	-0.052188	-0.092884	-0.032814	-0.077653	-0.044136	-0.026503	-0.051998	-0.078891	-0.094773	-0.082457	-0.096416	-0.061030	-0.028236	-0.102516	-0.041552	-0.093536	-0.046117	-0.041240	-0.089683	-0.076254	-0.021064	-0.080921	-0.043771	-0.095706	
0.335437	0.319437	-0.085619	-0.067880	-0.081385	0.303250	0.168887	-0.069947	-0.083970	0.297550	0.177461	-0.082911	0.291975	0.294967	0.282637	-0.082092	0.218708	-0.076764	0.205636	0.236313	0.195126	0.314548	0.300310	-0.043792	0.208813	1.168748	0.230324	0.218878	0.182819	0.209630	0.313086	-0.110775	-0.082299	-0.070960	-0.097488	-0.052476	-0.067599	-0.082645	-0.094281	-0.084422	-0.048070	-0.078407	-0.109993	-0.107419	-0.097349	-0.108326	-0.096246	-0.093364	-0.078668	-0.088763	-0.049696	-0.079108	-0.047223	-0.101629	-0.048859	-0.092414	-0.054081	-0.062422	-0.094974	-0.090890	-0.096738	-0.066105	-0.053784	-0.111026	-0.103737	-0.033116	-0.088138	-0.073505	-0.058553	-0.094916	-0.054287	-0.047917	-0.100900	-0.073964	-0.027908	-0.045021	-0.094608	-0.057219	-0.086557	-0.067147	-0.039667	-0.049013	-0.103341	-0.064143	-0.061054	-0.051251	-0.058383	-0.053159	-0.098388	-0.064903	-0.038264	-0.091515	-0.081426	-0.045298	-0.093021	-0.050714	-0.102227	-0.030876	-0.064099	-0.090724	-0.089700	-0.060539	-0.083032	-0.064326	-0.103406	
0.220096	0.195368	-0.080468	-0.065658	-0.061293	0.207982	0.209425	-0.053313	-0.063589	0.205691	0.215268	-0.063629	0.196191	0.172025	0.239836	-0.062862	0.237050	-0.048224	0.213789	0.230546	0.217572	0.203818	0.172270	-0.030471	0.174092	0.230324	1.069369	0.212096	0.192382	0.175808	0.201140	-0.085415	-0.095526	-0.042655	-0.082648	-0.051506	-0.029900	-0.106236	-0.071598	-0.091980	-0.022776	-0.083408	-0.083642	-0.081614	-0.082743	-0.065221	-0.086961	-0.097286	-0.091355	-0.065630	-0.032712	-0.078719	-0.025784	-0.083100	-0.035424	-0.073913	-0.060350	-0.028000	-0.091880	-0.090105	-0.083279	-0.060931	-0.030665	-0.081908	-0.093005	-0.053981	-0.068865	-0.043720	-0.062230	-0.063688	-0.034605	-0.045505	-0.094480	-0.057417	-0.051554	-0.034481	-0.077169	-0.024599	-0.091544	-0.058534	-0.057851	-0.018028	-0.092187	-0.014099	-0.045472	-0.028746	-0.026745	-0.021963	-0.085021	-0.080704	-0.012957	-0.089884	-0.078250	-0.030579	-0.078087	-0.024590	-0.088079	-0.053185	-0.039397	-0.073869	-0.079546	-0.054463	-0.069375	-0.039317	-0.085737	
0.204253	0.198699	-0.082515	-0.080030	-0.048717	0.185585	0.196274	-0.039660	-0.077515	0.200639	0.187946	-0.094833	0.169170	0.196816	0.202444	-0.080956	0.239982	-0.058528	0.235508	0.223952	0.217974	0.196279	0.208576	-0.033884	0.275384	0.218878	0.212096	1.081996	0.217648	0.235697	0.172600	-0.078768	-0.096291	-0.067425	-0.095539	-0.041866	-0.047369	-0.063117	-0.075088	-0.071341	-0.052245	-0.097287	-0.077609	-0.092978	-0.076003	-0.095630	-0.075829	-0.093087	-0.072190	-0.063220	-0.036351	-0.087126	-0.043515	-0.091074	-0.043320	-0.079726	-0.074140	-0.047699	-0.102221	-0.091164	-0.088262	-0.063388	-0.036437	-0.091622	-0.076467	-0.048477	-0.063212	-0.054342	-0.047097	-0.067520	-0.029145	-0.049736	-0.070162	-0.067064	-0.018611	-0.051591	-0.084098	-0.039587	-0.068243	-0.053094	-0.031517	-0.024363	-0.092307	-0.034897	-0.052900	-0.034390	-0.022285	-0.020964	-0.065483	-0.060539	-0.043975	-0.083122	-0.084768	-0.031498	-0.073573	-0.017018	-0.080086	-0.051090	-0.051517	-0.064906	-0.080685	-0.064912	-0.078944	-0.036095	-0.076434	
0.181225	0.190747	-0.076410	-0.068301	-0.053432	0.184336	0.188559	-0.061030	-0.073436	0.219074	0.203019	-0.070350	0.153163	0.195985	0.195526	-0.070271	0.258162	-0.052151	0.240589	0.217347	0.194083	0.220707	0.196277	-0.034680	0.189511	0.182819	0.192382	0.217648	1.078592	0.181939	0.211041	-0.076473	-0.075618	-0.043466	-0.095388	-0.030814	-0.051006	-0.066064	-0.074053	-0.093446	-0.054143	-0.066624	-0.063259	-0.096012	-0.059747	-0.080887	-0.076148	-0.100459	-0.074370	-0.058069	-0.046297	-0.049784	-0.051877	-0.082472	-0.037794	-0.069670	-0.040927	-0.058660	-0.090789	-0.073225	-0.087552	-0.035977	-0.035707	-0.067551	-0.082517	-0.065245	-0.063883	-0.063160	-0.047383	-0.061759	-0.031513	-0.060397	-0.076966	-0.040636	-0.028558	-0.057302	-0.072559	-0.030890	-0.092398	-0.059295	-0.026541	-0.033404	-0.066379	-0.052154	-0.052872	-0.041209	-0.046400	-0.037236	-0.068024	-0.073439	-0.046554	-0.084736	-0.071977	-0.045437	-0.086480	-0.016866	-0.082326	-0.039055	-0.058587	-0.069659	-0.093462	-0.042192	-0.087783	-0.044379	-0.093313	
0.160117	0.158448	-0.076439	-0.053085	-0.049161	0.177299	0.149992	-0.040195	-0.072139	0.200359	0.176664	-0.081635	0.171788	0.138318	0.192589	-0.093308	0.230231	-0.059856	0.215757	0.165170	0.229412	0.193650	0.177352	-0.029253	0.258906	0.209630	0.175808	0.235697	0.181939	1.133096	0.209464	-0.084466	-0.083469	-0.049469	-0.085734	-0.043815	-0.046453	-0.062960	-0.102945	-0.079106	-0.014748	-0.079857	-0.096990	-0.109816	-0.063447	-0.084359	-0.071311	-0.083522	-0.092345	-0.055034	-0.043032	-0.055156	-0.047749	-0.094333	-0.041231	-0.083049	-0.068997	-0.067874	-0.076939	-0.081196	-0.076460	-0.064081	-0.043067	-0.077327	-0.056450	-0.057786	-0.059743	-0.040176	-0.041299	-0.058386	-0.049565	-0.038524	-0.045587	-0.067514	-0.035919	-0.053333	-0.087262	-0.058529	-0.093984	-0.038548	-0.016104	-0.058101	-0.087389	-0.031122	-0.040918	-0.036708	-0.041261	-0.050628	-0.057877	-0.037235	-0.040433	-0.077783	-0.050217	-0.033605	-0.058711	-0.031947	-0.062380	-0.040555	-0.064264	-0.059807	-0.073492	-0.019375	-0.062346	-0.044768	-0.078091	
0.324459	0.306423	-0.070949	-0.084496	-0.085707	0.324598	0.205096	-0.059979	-0.071095	0.311367	0.209814	-0.076054	0.318166	0.304420	0.297243	-0.071906	0.225248	-0.077103	0.242157	0.210483	0.201946	0.301690	0.331574	-0.031138	0.181405	0.313086	0.201140	0.172600	0.211041	0.209464	1.204859	-0.108866	-0.096766	-0.055133	-0.102464	-0.054778	-0.050025	-0.067793	-0.090921	-0.100575	-0.035167	-0.104441	-0.100182	-0.112180	-0.095861	-0.110443	-0.075957	-0.091919	-0.095121	-0.108195	-0.053538	-0.088271	-0.048780	-0.108928	-0.046260	-0.088183	-0.062216	-0.063478	-0.107948	-0.089682	-0.090621	-0.068655	-0.051736	-0.096355	-0.077855	-0.047392	-0.096606	-0.056505	-0.054478	-0.081049	-0.062663	-0.072452	-0.097123	-0.078933	-0.055100	-0.076115	-0.093283	-0.069557	-0.103906	-0.061417	-0.044204	-0.051230	-0.102895	-0.074981	-0.053079	-0.060030	-0.047742	-0.066461	-0.107391	-0.079877	-0.068673	-0.079607	-0.081933	-0.025744	-0.092170	-0.057438	-0.114691	-0.037770	-0.063999	-0.092407	-0.073516	-0.052587	-0.094833	-0.054105	-0.094735	
-0.107427	-0.108612	0.001041	-0.002059	-0.000465	-0.093547	-0.100595	-0.018274	0.004420	-0.086965	-0.077520	-0.032009	-0.077182	-0.090946	-0.087788	-0.009853	-0.109359	-0.009307	-0.084043	-0.090267	-0.094633	-0.100949	-0.104058	-0.017201	-0.079796	-0.110775	-0.085415	-0.078768	-0.076473	-0.084466	-0.108866	0.980873	0.051869	-0.033933	0.046319	-0.028063	-0.028545	0.023905	0.049248	0.052211	-0.025662	0.039392	0.060561	0.050344	0.071538	0.041251	0.056955	0.030746	0.063798	0.056531	-0.041323	0.033176	-0.006915	0.027233	-0.017869	0.041876	0.003560	-0.017884	0.033496	0.051483	0.042134	-0.015449	-0.016758	0.048545	0.038921	-0.024426	0.005799	-0.005401	-0.015653	0.040431	-0.011178	-0.007184	0.045224	0.004865	-0.030460	-0.013990	0.045784	-0.016098	0.049412	-0.016379	-0.016912	-0.021580	0.047569	0.004023	-0.001525	-0.035825	-0.019554	-0.001821	0.047516	0.028688	-0.007250	0.046496	0.029127	-0.031896	0.041308	-0.003021	0.049065	-0.041847	-0.022357	0.019317	0.040652	-0.040108	0.005957	-0.017439	0.034692	
-0.104128	-0.110886	-0.005863	0.008065	0.006593	-0.078977	-0.086035	-0.035083	-0.004078	-0.089961	-0.084355	-0.001761	-0.092189	-0.078526	-0.083973	0.029355	-0.087062	-0.006060	-0.074180	-0.064187	-0.072225	-0.084514	-0.103383	-0.016045	-0.074152	-0.082299	-0.095526	-0.096291	-0.075618	-0.083469	-0.096766	0.051869	0.953662	-0.022773	0.041587	-0.015562	-0.029868	0.027136	0.046611	0.028026	-0.032091	0.038846	0.042128	0.058958	0.041638	0.069409	0.040115	0.049669	0.039802	0.040590	-0.007340	0.031833	-0.016714	0.026426	-0.000011	0.029927	0.012888	-0.033203	0.049329	0.033408	0.038755	-0.025411	-0.016691	0.066812	0.047772	-0.019774	0.007074	-0.037839	-0.006509	0.052240	-0.012696	-0.013655	0.046891	0.008512	-0.021157	-0.033860	0.041153	-0.034080	0.029458	-0.029611	-0.016445	-0.014877	0.035169	-0.019329	-0.026303	-0.013124	-0.019150	-0.026977	0.060207	0.055094	-0.027300	0.046435	0.042105	-0.037918	0.027259	-0.033587	0.041983	-0.011191	-0.035797	0.040312	0.050892	-0.024381	-0.017913	-0.030677	0.031415	
-0.059854	-0.071643	-0.034393	-0.024883	-0.024132	-0.040422	-0.038111	0.023968	-0.030404	-0.055566	-0.046013	-0.025102	-0.067931	-0.060182	-0.050020	-0.040846	-0.035463	-0.039987	-0.056880	-0.067751	-0.038808	-0.049483	-0.043772	0.002868	-0.041887	-0.070960	-0.042655	-0.067425	-0.043466	-0.049469	-0.055133	-0.033933	-0.022773	0.934231	-0.018888	0.056600	0.050874	0.000839	-0.027077	-0.032481	0.024556	-0.002439	-0.038421	-0.019594	-0.032176	-0.025598	-0.023119	-0.021945	-0.033580	-0.011435	0.029950	-0.024232	0.031199	-0.041168	0.035837	-0.008924	0.003119	0.027155	-0.020800	-0.014785	-0.024251	0.017458	0.028149	-0.023775	-0.027173	0.033340	-0.000064	0.012168	0.029608	-0.025614	0.037928	0.036163	-0.007316	-0.033511	0.029009	0.035343	-0.018355	0.057198	-0.031360	0.021884	0.000944	0.030638	-0.019245	0.024569	0.052103	0.043688	0.036123	0.049956	-0.017624	-0.004857	0.037764	-0.022993	-0.007827	0.034255	-0.001761	0.025491	-0.014042	0.007844	0.046792	-0.022118	-0.012770	0.040163	0.008743	0.044095	-0.022168	
-0.108199	-0.094938	0.003115	0.010437	0.004861	-0.096059	-0.083793	-0.033293	-0.011198	-0.112843	-0.100419	0.012131	-0.102302	-0.112700	-0.093891	-0.004815	-0.100682	0.015847	-0.063081	-0.095768	-0.089735	-0.093947	-0.108842	-0.006874	-0.094315	-0.097488	-0.082648	-0.095539	-0.095388	-0.085734	-0.102464	0.046319	0.041587	-0.018888	0.960937	-0.022164	-0.010398	0.052624	0.025772	0.044522	-0.020385	0.051258	0.043783	0.038740	0.042297	0.046618	0.043049	0.042208	0.050810	0.024059	-0.022459	0.051500	-0.007207	0.045652	-0.020437	0.029030	0.023717	-0.029079	0.052775	0.050538	0.016721	-0.002482	-0.028249	0.056278	0.040023	-0.030284	0.020169	-0.013433	0.003944	0.035922	-0.001212	0.006393	0.050951	0.025221	-0.005445	-0.019100	0.038826	-0.033243	0.042109	-0.031878	-0.012834	-0.001853	0.043516	-0.009271	-0.002945	-0.028829	-0.038330	-0.030935	0.053199	0.034961	-0.024582	0.032309	0.013488	-0.041744	0.035846	-0.008675	0.038404	-0.006254	-0.016800	0.027009	0.047351	-0.033876	0.000626	-0.024045	0.062220	
-0.052009	-0.049867	-0.034294	-0.046450	-0.038784	-0.036696	-0.023574	0.010739	-0.030439	-0.045897	-0.036326	-0.023951	-0.051817	-0.040571	-0.039798	-0.036746	-0.053258	-0.035982	-0.054548	-0.041106	-0.028296	-0.048934	-0.025109	-0.000641	-0.046403	-0.052476	-0.051506	-0.041866	-0.030814	-0.043815	-0.054778	-0.028063	-0.015562	0.056600	-0.022164	0.907051	0.036188	-0.033795	-0.013126	-0.014085	0.035627	-0.019184	-0.038215	-0.008356	-0.034242	-0.023994	-0.018694	-0.030182	-0.023552	-0.025164	0.018722	-0.005831	0.036669	-0.026606	0.039888	-0.029716	-0.001724	0.055608	-0.034044	-0.010389	-0.001550	0.042930	0.025699	-0.027625	-0.035972	0.053659	0.019761	-0.000653	0.012197	-0.015414	0.035714	0.018717	-0.031483	-0.059309	0.015177	0.036897	-0.030309	0.037942	-0.033135	0.051404	0.017329	0.023011	-0.014197	0.043545	0.043607	0.011442	0.006485	0.034584	-0.015164	-0.024281	0.040012	-0.013765	-0.034231	0.023247	-0.026583	0.022075	-0.026925	0.045021	0.037103	-0.033917	-0.004785	0.044867	0.012528	0.035913	-0.016722	
-0.051283	-0.060178	-0.027326	-0.032999	-0.020873	-0.053204	-0.032532	0.073358	-0.033816	-0.057723	-0.036932	-0.028031	-0.059453	-0.043638	-0.042281	-0.024656	-0.058648	-0.037105	-0.054128	-0.056199	-0.045633	-0.070412	-0.062724	-0.001133	-0.048074	-0.067599	-0.029900	-0.047369	-0.051006	-0.046453	-0.050025	-0.028545	-0.029868	0.050874	-0.010398	0.036188	0.952344	-0.018596	-0.025322	-0.024634	0.016349	-0.006392	-0.028941	-0.050248	-0.034878	-0.030231	-0.019336	-0.026342	-0.040039	-0.025722	0.010473	-0.023800	0.027469	-0.022423	0.032322	-0.017672	0.022442	0.013752	-0.029241	-0.012228	-0.034010	0.010961	0.042365	-0.020425	-0.018584	0.045337	0.000345	0.002362	-0.006946	-0.029136	0.038622	0.045928	-0.034763	-0.028460	0.040039	0.050185	-0.008195	0.035632	-0.029549	0.037936	0.003189	0.026829	-0.013545	0.027725	0.026613	0.032996	0.029803	0.035632	-0.019372	-0.015408	0.060340	-0.003412	-0.041510	0.048850	-0.028056	0.041428	-0.026869	0.042882	0.045615	-0.014077	-0.008663	0.049085	0.014981	0.060987	-0.030230	
-0.092709	-0.112488	0.006912	0.006694	-0.008085	-0.095198	-0.081477	-0.004325	-0.003391	-0.083782	-0.070635	0.013684	-0.101195	-0.096629	-0.089309	0.009426	-0.096842	0.028110	-0.085085	-0.095120	-0.084835	-0.105445	-0.104719	-0.016147	-0.096184	-0.082645	-0.106236	-0.063117	-0.066064	-0.062960	-0.067793	0.023905	0.027136	0.000839	0.052624	-0.033795	-0.018596	0.928105	0.055193	0.043865	-0.015694	0.023538	0.060446	0.045980	0.033054	0.078096	0.039372	0.024771	0.016763	0.053091	-0.032444	0.036664	-0.030423	0.057533	-0.019056	0.049687	0.013433	-0.029065	0.036617	0.069458	0.034637	-0.018920	-0.028446	0.044777	0.044178	-0.033302	-0.000273	-0.041688	-0.007277	0.022348	-0.034873	0.001799	0.039866	0.023139	-0.012772	-0.018499	0.025410	-0.016397	0.022209	0.002861	-0.017526	-0.021380	0.051872	-0.025877	-0.025795	-0.032807	-0.027600	-0.047403	0.053035	0.029291	-0.030456	0.055001	0.041447	-0.022007	0.043517	-0.023743	0.036967	-0.029660	-0.018575	0.032927	0.051320	0.004748	0.022728	-0.027723	0.029608	
-0.083495	-0.087855	-0.014674	-0.016936	-0.007337	-0.100465	-0.071939	-0.028696	0.003977	-0.093871	-0.080585	0.011268	-0.103321	-0.083775	-0.078842	0.011732	-0.093696	-0.007118	-0.083264	-0.082899	-0.069202	-0.102004	-0.105210	-0.016701	-0.098728	-0.094281	-0.071598	-0.075088	-0.074053	-0.102945	-0.090921	0.049248	0.046611	-0.027077	0.025772	-0.013126	-0.025322	0.055193	0.986574	0.036510	-0.014309	0.025285	0.055549	0.046565	0.033813	0.032870	0.028858	0.027200	0.022173	0.048358	-0.039804	0.021186	-0.020438	0.044694	-0.007983	0.028461	-0.007199	-0.027604	0.050589	0.032911	0.032549	-0.021003	-0.032273	0.040707	0.033606	-0.027705	0.014290	0.011111	-0.002618	0.044991	-0.010880	-0.004123	0.066740	0.003259	-0.018780	-0.014902	0.056915	-0.005863	0.029186	-0.024680	-0.034315	-0.026740	0.030127	-0.022601	-0.024484	-0.016609	-0.032877	-0.014338	0.049071	0.036355	-0.037128	0.055830	0.029371	-0.021502	0.057610	-0.008209	0.057660	-0.022316	0.004477	0.037638	0.026151	-0.030369	0.015144	-0.002797	0.017430	
