0.00000000099999999990 0.99999999799999994554 0.00000000099999999990 
0.00000000099999999990 0.99999999800000005656 0.00000000099999999990 
0.00000000099999999999 0.00012223529531039861 0.99987776370468961495 
0.00000000099999999999 0.02928886950799228575 0.97071112949200777376 
0.00000000099999999999 0.00256584658845368735 0.99743415241154631534 
0.00000000099999999989 0.99999999799999994554 0.00000000099999999989 
0.08690428455394623442 0.91309571444605375223 0.00000000099999999999 
0.99998286234257649507 0.00001648049273563945 0.00000065716468784256 
0.00000000099999999999 0.03149227508680691595 0.96850772391319295274 
0.00000000099999999991 0.99999999799999994554 0.00000000099999999991 
0.05185333542369952725 0.94814666357630039695 0.00000000100000000000 
0.00000000099999999999 0.03466054696494268172 0.96533945203505722166 
0.00000000099999999992 0.99999999799999994554 0.00000000099999999992 
0.00000000099999999992 0.99999999800000005656 0.00000000099999999992 
0.00000000099999999994 0.99999999799999994554 0.00000000099999999994 
0.00000000099999999999 0.02136374210734314633 0.97863625689265687502 
0.00000000099999999998 0.99999999800000005656 0.00000000099999999998 
0.00000000099999999999 0.02462958168214668744 0.97537041731785345533 
0.05685052173450034357 0.94314947726549969165 0.00000000099999999999 
0.07031456498551519330 0.92968543401448477947 0.00000000100000000000 
0.04020516532541584809 0.95979483367458406917 0.00000000099999999999 
0.00000000099999999988 0.99999999800000005656 0.00000000099999999988 
0.00000000099999999989 0.99999999799999994554 0.00000000099999999989 
0.56530140076690138518 0.09376631156199041750 0.34093228767110828059 
0.00001943111276761464 0.99944317378920966011 0.00053739509802270180 
0.00000000099999999989 0.99999999799999994554 0.00000000099999999989 
0.05763850873451358686 0.94235725801720204853 0.00000423324828427045 
0.04206622422094172947 0.95793377477905816697 0.00000000099999999999 
0.02718341147159286653 0.95569161983828498919 0.01712496869012212694 
0.07700979234666324724 0.92299011292259947048 0.00000009473073735861 
0.00000000099999999987 0.99999999800000005656 0.00000000099999999987 
0.00051728845524894886 0.00000000099999999998 0.99948271054475101849 
0.05639236559837619567 0.00000000099999999997 0.94360763340162379098 
0.99999999800000005656 0.00000000099999999997 0.00000000099999999997 
0.00278714751919233302 0.00000000099999999997 0.99721285148080762717 
0.99999999799999994554 0.00000000099999999998 0.00000000099999999998 
0.99999999799999994554 0.00000000099999999998 0.00000000099999999998 
0.00000000099999999998 0.00000000099999999998 0.99999999799999994554 
0.05002520315626543534 0.00000000099999999998 0.94997479584373467620 
0.00000000099999999997 0.00000000099999999997 0.99999999799999994554 
0.99999999799999994554 0.00000000099999999997 0.00000000099999999997 
0.00135713290443346545 0.00000000099999999997 0.99864286609556662810 
0.00000000099999999996 0.00000000099999999996 0.99999999800000005656 
0.00000038114204344175 0.00000000099999999997 0.99999961785795654645 
0.00000000099999999995 0.00000000099999999995 0.99999999800000005656 
0.00002406325786231850 0.00000000099999999997 0.99997593574213761158 
0.04210315253329344198 0.00000000099999999998 0.95789684646670647528 
0.00079313376817847993 0.00000000099999999997 0.99920686523182145056 
0.00000000099999999997 0.00000000099999999997 0.99999999799999994554 
0.00000196287136351522 0.00000000099999999999 0.99999803612863658042 
0.99999999800000005656 0.00000000099999999998 0.00000000099999999998 
0.00000010947102190446 0.00000000099999999997 0.99999988952897800321 
0.99999999800000005656 0.00000000099999999998 0.00000000099999999998 
0.00001698309048752606 0.00000000099999999998 0.99998301590951244044 
0.97379727701803131534 0.02484747382417612158 0.00135524915779267085 
0.01961913699131271130 0.00000000099999999998 0.98038086200868723719 
0.51180216307532777620 0.00000000099999999998 0.48819783592467214106 
0.99999993000615605698 0.00000006899384393647 0.00000000099999999999 
0.00000000099999999995 0.00000000099999999995 0.99999999800000005656 
0.00000000438793535591 0.00000000099999999998 0.99999999461206467988 
0.03194318139210532842 0.00000000099999999998 0.96805681760789474843 
0.78488158147786735164 0.00000000099999999998 0.21511841752213267664 
0.99999999799999994554 0.00000000099999999997 0.00000000099999999997 
0.00728383851390729860 0.00000000099999999997 0.99271616048609256922 
0.00939853719370449016 0.00000000099999999997 0.99060146180629538026 
0.99999999799999994554 0.00000000099999999997 0.00000000099999999997 
0.51614004909955346623 0.00000000099999999997 0.48385994990044656205 
0.65517680388189725171 0.04712299280168762150 0.29770020331641516842 
0.63530298836530596507 0.00000000099999999999 0.36469701063469411872 
0.04384309147982360516 0.00000435243365017504 0.95615255608652627295 
0.99999999800000005656 0.00000000099999999997 0.00000000099999999997 
0.99989390515669440695 0.00000000099999999997 0.00010609384330550204 
0.05738343683081058993 0.00000000099999999997 0.94261656216918943141 
0.00000000099999999999 0.02674706836755701839 0.97325293063244300296 
0.99999982024665845515 0.00000017875334155484 0.00000000099999999999 
0.99999999800000005656 0.00000000099999999997 0.00000000099999999997 
0.00313624415553791485 0.00000000099999999998 0.99686375484446199113 
0.99999999800000005656 0.00000000099999999998 0.00000000099999999998 
0.00000000099999999998 0.00000000099999999998 0.99999999799999994554 
0.99999999800000005656 0.00000000099999999995 0.00000000099999999995 
0.64701968871872850286 0.07101615606267024094 0.28196415521860118680 
0.99999999799999994554 0.00000000099999999999 0.00000000099999999999 
0.07075094386060028218 0.00000000099999999997 0.92924905513939959345 
0.99999999799999994554 0.00000000099999999997 0.00000000099999999997 
0.99955336111707948632 0.00000000099999999997 0.00044663788292060495 
0.99999999799999994554 0.00000000099999999996 0.00000000099999999996 
0.99882054375534545798 0.00000000099999999999 0.00117945524465450026 
0.99999999800000005656 0.00000000099999999996 0.00000000099999999996 
0.02159825386176329395 0.00000000099999999997 0.97840174513823674474 
0.03499119899909187981 0.00204290440607650522 0.96296589659483156076 
0.99999999800000005656 0.00000000099999999996 0.00000000099999999996 
0.00000000126514443592 0.00000000099999999997 0.99999999773485559462 
0.00002409095042510721 0.00000000099999999999 0.99997590804957481314 
0.99978844580067227632 0.00021155319932765598 0.00000000099999999999 
0.00007805618731579958 0.00000000099999999999 0.99992194281268409473 
0.99999959565690177410 0.00000040334309820982 0.00000000099999999999 
0.01142954074612946049 0.00000000099999999997 0.98857045825387057647 
0.99984570197062794250 0.00015406060035478398 0.00000023742901723244 
0.99999999799999994554 0.00000000099999999998 0.00000000099999999998 
0.02970631754894272752 0.00000000099999999998 0.97029368145105721055 
0.03699261568220608282 0.00000000099999999999 0.96300738331779378587 
0.99999998643492193917 0.00000000099999999998 0.00000001256507809214 
0.47217107434494220985 0.00000000099999999998 0.52782892465505770740 
0.99999999497239244750 0.00000000099999999999 0.00000000402760751643 
0.06729293082218561206 0.00000000099999999997 0.93270706817781434683 
