0.99999999600000000211 0.00000000099999999981 0.00000000099999999981 0.00000000099999999981 0.00000000099999999981 
0.99999999600000011313 0.00000000099999999981 0.00000000099999999981 0.00000000099999999981 0.00000000099999999981 
0.00000000099999999983 0.99999999600000000211 0.00000000099999999983 0.00000000099999999983 0.00000000099999999983 
0.00000000099999999983 0.99999999600000011313 0.00000000099999999983 0.00000000099999999983 0.00000000099999999983 
0.00000000099999999984 0.99999999600000000211 0.00000000099999999984 0.00000000099999999984 0.00000000099999999984 
0.99999999600000000211 0.00000000099999999979 0.00000000099999999979 0.00000000099999999979 0.00000000099999999979 
0.90087871317928991388 0.00000005494817501965 0.09912122987253522977 0.00000000099999999999 0.00000000099999999999 
0.00000000099999999996 0.00000000099999999996 0.99999999599999989108 0.00000000099999999996 0.00000000099999999996 
0.00000000099999999983 0.99999999600000000211 0.00000000099999999983 0.00000000099999999983 0.00000000099999999983 
0.99999999600000000211 0.00000000099999999983 0.00000000099999999983 0.00000000099999999983 0.00000000099999999983 
0.92604225531830541840 0.00000000099999999998 0.07395774168169456930 0.00000000099999999998 0.00000000099999999998 
0.00000000099999999985 0.99999999600000011313 0.00000000099999999985 0.00000000099999999985 0.00000000099999999985 
0.99999999600000011313 0.00000000099999999985 0.00000000099999999985 0.00000000099999999985 0.00000000099999999985 
0.99999999600000000211 0.00000000099999999985 0.00000000099999999985 0.00000000099999999985 0.00000000099999999985 
0.99999999600000000211 0.00000000099999999988 0.00000000099999999988 0.00000000099999999988 0.00000000099999999988 
0.00000000099999999981 0.99999999600000000211 0.00000000099999999981 0.00000000099999999981 0.00000000099999999981 
0.96683041723309059989 0.00000000099999999995 0.00000000099999999995 0.00000000099999999995 0.03316957976690949189 
0.00000000099999999980 0.99999999600000000211 0.00000000099999999980 0.00000000099999999980 0.00000000099999999980 
0.93163293712774220001 0.00000000099999999999 0.00000000099999999999 0.00000000099999999999 0.06836705987225781544 
0.91809065056381133907 0.00000000099999999998 0.00000000099999999998 0.00000000099999999998 0.08190934643618874578 
0.94099503024432962217 0.00000000099999999997 0.05900496675567036553 0.00000000099999999997 0.00000000099999999997 
0.99999999600000011313 0.00000000099999999978 0.00000000099999999978 0.00000000099999999978 0.00000000099999999978 
0.99999999600000011313 0.00000000099999999979 0.00000000099999999979 0.00000000099999999979 0.00000000099999999979 
0.00891711663476309029 0.27790358459899416887 0.00000000099999999996 0.00000000099999999996 0.71317929676624269852 
0.96085113694339663315 0.03914886005660330598 0.00000000099999999998 0.00000000099999999998 0.00000000099999999998 
0.99999999600000000211 0.00000000099999999979 0.00000000099999999979 0.00000000099999999979 0.00000000099999999979 
0.92099593049548200696 0.00000000099999999998 0.07900406650451813340 0.00000000099999999998 0.00000000099999999998 
0.93144438380599592353 0.00000000099999999997 0.00000000099999999997 0.00000000099999999997 0.06855561319400414744 
0.92740184697443472928 0.00000000099999999998 0.07259815002556524455 0.00000000099999999998 0.00000000099999999998 
0.90232581193657368512 0.00000000099999999998 0.00000000099999999998 0.00000000099999999998 0.09767418506342633033 
0.99999999600000000211 0.00000000099999999975 0.00000000099999999975 0.00000000099999999975 0.00000000099999999975 
0.00000000099999999996 0.00000000099999999996 0.00000000099999999996 0.99999999600000000211 0.00000000099999999996 
0.00000000099999999995 0.00000000099999999995 0.00000000099999999995 0.93932638505047527655 0.06067361194952474585 
0.00000000099999999996 0.00000000099999999996 0.54175605553606687170 0.00000000099999999996 0.45824394146393315763 
0.00000000099999999996 0.00462123756114721316 0.00000000099999999996 0.99537875943885290031 0.00000000099999999996 
0.00000000099999999994 0.00000000099999999994 0.99999999599999989108 0.00000000099999999994 0.00000000099999999994 
0.00000000099999999997 0.00000000099999999997 0.73322277537571078909 0.00000000099999999997 0.26677722162428918473 
0.00000000099999999997 0.00000000099999999997 0.00000000099999999997 0.99999999600000000211 0.00000000099999999997 
0.00000000099999999997 0.00000000099999999997 0.00863869703616485310 0.99136129996383515195 0.00000000099999999997 
0.00000000099999999997 0.03933092319710707746 0.00000000099999999997 0.96066907380289301432 0.00000000099999999997 
0.00000000099999999993 0.00000000099999999993 0.99999999599999989108 0.00000000099999999993 0.00000000099999999993 
0.00000000099999999995 0.02935147309371755053 0.00000000099999999995 0.91691428565900578995 0.05373423924727679241 
0.00000000099999999994 0.00000000099999999994 0.00000000099999999994 0.99999999599999989108 0.00000000099999999994 
0.00000000099999999997 0.02040545143455884183 0.00000000099999999997 0.97959454556544112158 0.00000000099999999997 
0.00000000099999999994 0.00000000099999999994 0.00000000099999999994 0.99999999599999989108 0.00000000099999999994 
0.00000000099999999995 0.00000000099999999995 0.00000000099999999995 0.99999999600000000211 0.00000000099999999995 
0.00000000099999999997 0.00000000868404597973 0.04821142800596406319 0.95178856130998978902 0.00000000099999999997 
0.00000000099999999996 0.04884564253081982721 0.00000000099999999996 0.95115435446918028539 0.00000000099999999996 
0.00000000099999999994 0.00000000099999999994 0.00000000099999999994 0.99999999599999989108 0.00000000099999999994 
0.00000000099999999998 0.00000000099999999998 0.00000000099999999998 0.99999999600000000211 0.00000000099999999998 
0.00000000099999999991 0.00000000099999999991 0.00000000099999999991 0.00000000099999999991 0.99999999600000000211 
0.00000000099999999996 0.04118170402736778812 0.00000000099999999996 0.95881829297263210243 0.00000000099999999996 
0.00000000099999999996 0.00000000099999999996 0.45347804028579657976 0.00000000099999999996 0.54652195671420356060 
0.00000000099999999995 0.00000000099999999995 0.00000000099999999995 0.99999999600000000211 0.00000000099999999995 
0.01691777146109453914 0.03192866501454294514 0.62853096765061167162 0.00000000100000000000 0.32262259487375083422 
0.00000000099999999998 0.00000000099999999998 0.00021476917425582577 0.99978522782574408279 0.00000000099999999998 
0.00000000099999999998 0.00294828903651331038 0.50448664381406227442 0.49256504267649053874 0.00000002347293372466 
0.00000000099999999994 0.00000000099999999994 0.99999999599999989108 0.00000000099999999994 0.00000000099999999994 
0.00000000099999999993 0.00000000099999999993 0.00000000099999999993 0.99999999600000000211 0.00000000099999999993 
0.00000000099999999997 0.00000000099999999997 0.00000000099999999997 0.99999999599999989108 0.00000000099999999997 
0.00000000099999999998 0.02602121396428178426 0.02638843579402820952 0.94759034824168997257 0.00000000099999999998 
0.00000000099999999995 0.00000000099999999995 0.80479619658308954033 0.19520380041691032247 0.00000000099999999995 
0.00000000099999999996 0.00000000099999999996 0.68192092297726725203 0.00000000099999999996 0.31807907402273261077 
0.00000000099999999996 0.00336731643967307483 0.00000000099999999996 0.99663268056032683351 0.00000000099999999996 
0.00000000099999999996 0.00000000099999999996 0.00000000099999999996 0.99999999600000000211 0.00000000099999999996 
0.00000000099999999991 0.00000000099999999991 0.00000000099999999991 0.00000000099999999991 0.99999999600000000211 
0.00000000099999999997 0.00000000099999999997 0.26055484518562910257 0.50414907731714553307 0.23529607549722542092 
0.00000000099999999994 0.28033923428717888449 0.00000000099999999994 0.00000000099999999994 0.71966076271282097832 
0.00000000099999999997 0.00255026086397117362 0.64341459959680302738 0.35403513753922566387 0.00000000099999999997 
0.00015668872607486626 0.00000000100000000000 0.01352130812980851908 0.98632200114411672232 0.00000000100000000000 
0.00000000099999999995 0.00000000099999999995 0.35540676454353559155 0.00000000099999999995 0.64459323245646449330 
0.00000000099999999990 0.00000000099999999990 0.00000000099999999990 0.00000000099999999990 0.99999999600000000211 
0.00000000099999999996 0.00000000099999999996 0.00000024131457446959 0.97284720429994386848 0.02715255238548156327 
0.00000000099999999979 0.99999999600000011313 0.00000000099999999979 0.00000000099999999979 0.00000000099999999979 
0.00000000099999999992 0.00000000099999999992 0.00000000099999999992 0.00000000099999999992 0.99999999599999989108 
0.00000000099999999996 0.00000000099999999996 0.45792784185088430959 0.00000000099999999996 0.54207215514911577525 
0.00000000099999999998 0.07051261975710691743 0.00000002979635938474 0.92948734844653380094 0.00000000099999999998 
0.00000000099999999996 0.00000000099999999996 0.47264305551663304827 0.00000000099999999996 0.52735694148336687004 
0.00000000099999999997 0.07238819936709482705 0.00000000099999999997 0.92761179763290513289 0.00000000099999999997 
0.00000000099999999993 0.00000000099999999993 0.66180177709112186779 0.00000000099999999993 0.33819821990887810603 
0.00000000099999999995 0.24946423676204090847 0.00000000099999999995 0.00000000099999999995 0.75053576023795920413 
0.00000000099999999996 0.00000000099999999996 0.99999999599999989108 0.00000000099999999996 0.00000000099999999996 
0.00000000099999999996 0.00000000099999999996 0.00000000099999999996 0.94340691187728575873 0.05659308512271423591 
0.00000000099999999995 0.00000000099999999995 0.73802476477255407605 0.00000000099999999995 0.26197523222744578675 
0.00000000099999999995 0.00000000099999999995 0.39143916439194692547 0.00000000099999999995 0.60856083260805304835 
0.00000000099999999995 0.00000000099999999995 0.65098350742775501487 0.00000000099999999995 0.34901648957224490344 
0.00000000099999999998 0.00000000099999999998 0.64186388941938843367 0.00963134174088347249 0.34850476683972803071 
0.00000000099999999994 0.00000000099999999994 0.52804888570480557064 0.00000000099999999994 0.47195111129519434767 
0.00000000099999999996 0.00000000099999999996 0.00188969136439808135 0.99811030563560187989 0.00000000099999999996 
0.00511302310659794354 0.00862023616901407864 0.00000000099999999999 0.93273063293582991751 0.05353610678855804522 
0.00000000099999999992 0.00000000099999999992 0.99999999599999989108 0.00000000099999999992 0.00000000099999999992 
0.00000000099999999995 0.00000000099999999995 0.00000000099999999995 0.99999999600000000211 0.00000000099999999995 
0.00000000099999999999 0.08656541239215523320 0.00000000099999999999 0.91343444956465025264 0.00000013604319438107 
0.00000000099999999993 0.00000000099999999993 0.99999999600000000211 0.00000000099999999993 0.00000000099999999993 
0.00000000099999999998 0.01288422521247766656 0.00000000099999999998 0.98711577178752230033 0.00000000099999999998 
0.00000000099999999995 0.00000000099999999995 0.99999999600000000211 0.00000000099999999995 0.00000000099999999995 
0.00000000099999999995 0.00000000099999999995 0.00000000099999999995 0.99999999599999989108 0.00000000099999999995 
0.00000000099999999996 0.00000000099999999996 0.99999999600000000211 0.00000000099999999996 0.00000000099999999996 
0.00000000099999999997 0.00000000099999999997 0.53737139574069825443 0.00000000099999999997 0.46262860125930171940 
0.00000000099999999998 0.02225275175155308829 0.00699957907134397209 0.97074766717710303521 0.00000000099999999998 
0.00000000099999999998 0.03070950452172608799 0.00000000099999999998 0.93032264388373897557 0.03896784959453497565 
0.00000000099999999994 0.00000000099999999994 0.99999999599999989108 0.00000000099999999994 0.00000000099999999994 
0.00000000099999999997 0.01446316348141815644 0.46183794890752155604 0.52369888561106026081 0.00000000099999999997 
0.00000000099999999991 0.00000000099999999991 0.00000000099999999991 0.00000000099999999991 0.99999999600000000211 
0.00000000099999999995 0.00000000099999999995 0.00000000099999999995 0.94691831378036450673 0.05308168321963538383 
