0.00000000099999999974 0.00000000099999999974 0.00000000099999999974 0.99999999500000003039 0.00000000099999999974 0.00000000099999999974 
0.00000000099999999976 0.00000000099999999976 0.00000000099999999976 0.99999999499999991937 0.00000000099999999976 0.00000000099999999976 
0.00000000099999999977 0.00000000099999999977 0.00000000099999999977 0.00000000099999999977 0.99999999500000003039 0.00000000099999999977 
0.00000000099999999977 0.00000000099999999977 0.00000000099999999977 0.00000000099999999977 0.99999999500000003039 0.00000000099999999977 
0.00000000099999999978 0.00000000099999999978 0.00000000099999999978 0.00000000099999999978 0.99999999499999991937 0.00000000099999999978 
0.00000000099999999976 0.00000000099999999976 0.00000000099999999976 0.99999999499999991937 0.00000000099999999976 0.00000000099999999976 
0.89296149999852736379 0.00000000099999999993 0.00000000099999999993 0.10703849600147272159 0.00000000099999999993 0.00000000099999999993 
0.00000000099999999995 0.00000000099999999995 0.00000000099999999995 0.00000000099999999995 0.00000000099999999995 0.99999999499999991937 
0.00000000099999999977 0.00000000099999999977 0.00000000099999999977 0.00000000099999999977 0.99999999500000003039 0.00000000099999999977 
0.00000000099999999980 0.00000000099999999980 0.00000000099999999980 0.99999999499999991937 0.00000000099999999980 0.00000000099999999980 
0.99723169706731817907 0.00000000099999999986 0.00000000099999999986 0.00276829893268191237 0.00000000099999999986 0.00000000099999999986 
0.00000000099999999979 0.00000000099999999979 0.00000000099999999979 0.00000000099999999979 0.99999999499999991937 0.00000000099999999979 
0.00000000099999999982 0.00000000099999999982 0.00000000099999999982 0.99999999500000003039 0.00000000099999999982 0.00000000099999999982 
0.00000000099999999980 0.00000000099999999980 0.00000000099999999980 0.99999999500000003039 0.00000000099999999980 0.00000000099999999980 
0.19866686401928779215 0.00000000099999999988 0.00000000099999999988 0.80133313198071220995 0.00000000099999999988 0.00000000099999999988 
0.00000000099999999974 0.00000000099999999974 0.00000000099999999974 0.00000000099999999974 0.99999999500000003039 0.00000000099999999974 
0.99999999500000003039 0.00000000099999999979 0.00000000099999999979 0.00000000099999999979 0.00000000099999999979 0.00000000099999999979 
0.00000000099999999974 0.00000000099999999974 0.00000000099999999974 0.00000000099999999974 0.99999999500000003039 0.00000000099999999974 
0.99999999500000014141 0.00000000099999999983 0.00000000099999999983 0.00000000099999999983 0.00000000099999999983 0.00000000099999999983 
0.99999999500000014141 0.00000000099999999984 0.00000000099999999984 0.00000000099999999984 0.00000000099999999984 0.00000000099999999984 
0.99999999500000003039 0.00000000099999999982 0.00000000099999999982 0.00000000099999999982 0.00000000099999999982 0.00000000099999999982 
0.00000000099999999976 0.00000000099999999976 0.00000000099999999976 0.99999999500000003039 0.00000000099999999976 0.00000000099999999976 
0.00000000099999999972 0.00000000099999999972 0.00000000099999999972 0.99999999499999991937 0.00000000099999999972 0.00000000099999999972 
0.00514071710113304763 0.00000000099999999996 0.71741505807575545184 0.00000000099999999996 0.27744422182311145875 0.00000000099999999996 
0.99999999500000014141 0.00000000099999999991 0.00000000099999999991 0.00000000099999999991 0.00000000099999999991 0.00000000099999999991 
0.00000000099999999975 0.00000000099999999975 0.00000000099999999975 0.99999999499999991937 0.00000000099999999975 0.00000000099999999975 
0.99999999500000014141 0.00000000099999999983 0.00000000099999999983 0.00000000099999999983 0.00000000099999999983 0.00000000099999999983 
0.99999999500000014141 0.00000000099999999982 0.00000000099999999982 0.00000000099999999982 0.00000000099999999982 0.00000000099999999982 
0.99999999500000003039 0.00000000099999999984 0.00000000099999999984 0.00000000099999999984 0.00000000099999999984 0.00000000099999999984 
0.99999999500000003039 0.00000000099999999989 0.00000000099999999989 0.00000000099999999989 0.00000000099999999989 0.00000000099999999989 
0.00000000099999999973 0.00000000099999999973 0.00000000099999999973 0.99999999500000003039 0.00000000099999999973 0.00000000099999999973 
0.00000000099999999993 0.99999999500000014141 0.00000000099999999993 0.00000000099999999993 0.00000000099999999993 0.00000000099999999993 
0.00000000099999999993 0.95005168278824680961 0.04994831321175328964 0.00000000099999999993 0.00000000099999999993 0.00000000099999999993 
0.00000000099999999994 0.00000000099999999994 0.45888015538195209286 0.00000000099999999994 0.00000000099999999994 0.54111984061804785373 
0.00000000099999999994 0.99404859625521257982 0.00000000099999999994 0.00000000099999999994 0.00595139974478740147 0.00000000099999999994 
0.00000000099999999989 0.00000000099999999989 0.99999999499999991937 0.00000000099999999989 0.00000000099999999989 0.00000000099999999989 
0.00000000099999999990 0.00000000099999999990 0.00000000099999999990 0.00000000099999999990 0.00000000099999999990 0.99999999499999991937 
0.00000000099999999995 0.99999999500000014141 0.00000000099999999995 0.00000000099999999995 0.00000000099999999995 0.00000000099999999995 
0.00000000099999999996 0.98154585976204500319 0.00000028113800662524 0.00000000099999999996 0.00000000099999999996 0.01845385609994833892 
0.00000000099999999995 0.95955800011101499702 0.00000000099999999995 0.00000000099999999995 0.04044199588898508141 0.00000000099999999995 
0.00000000099999999994 0.00000000099999999994 0.36196090665395619368 0.00000000099999999994 0.00000000099999999994 0.63803908934604380843 
0.00000000099999999994 0.96440220041507684900 0.00000004797147035685 0.00000000099999999994 0.03559774861345278707 0.00000000099999999994 
0.00000000099999999992 0.99999999500000003039 0.00000000099999999992 0.00000000099999999992 0.00000000099999999992 0.00000000099999999992 
0.00000000099999999994 0.97809679840430474584 0.00000000099999999994 0.00000000099999999994 0.02190319759569522851 0.00000000099999999994 
0.00000000099999999991 0.99999999500000003039 0.00000000099999999991 0.00000000099999999991 0.00000000099999999991 0.00000000099999999991 
0.00000000099999999992 0.99999999500000014141 0.00000000099999999992 0.00000000099999999992 0.00000000099999999992 0.00000000099999999992 
0.00000000099999999994 0.92732466535523805362 0.07267518731885748429 0.00000000099999999994 0.00000014432590443902 0.00000000099999999994 
0.00000000099999999993 0.95135951635859739017 0.00000000099999999993 0.00000000099999999993 0.04864047964140255642 0.00000000099999999993 
0.00000000099999999991 0.99999999500000014141 0.00000000099999999991 0.00000000099999999991 0.00000000099999999991 0.00000000099999999991 
0.00058397752352405306 0.99941601661097656528 0.00000000099999999997 0.00000000099999999997 0.00000000286549936950 0.00000000099999999997 
0.00000000099999999996 0.00000000099999999996 0.40399004519659437173 0.00000000099999999996 0.00000000099999999996 0.59600995080340557486 
0.00000000099999999994 0.95585394415175817251 0.00193081694978125789 0.00000000099999999994 0.04221523589846076785 0.00000000099999999994 
0.00000000099999999988 0.00000000099999999988 0.99999999499999991937 0.00000000099999999988 0.00000000099999999988 0.00000000099999999988 
0.00000000099999999994 0.99999999500000003039 0.00000000099999999994 0.00000000099999999994 0.00000000099999999994 0.00000000099999999994 
0.02150413602256823556 0.00000000099999999999 0.28492498204606719892 0.00000000099999999999 0.03210058600705060355 0.66147029392431377914 
0.00000000099999999996 0.97182241235973632065 0.02817758364026373349 0.00000000099999999996 0.00000000099999999996 0.00000000099999999996 
0.00000000099999999996 0.49418241859261047288 0.06098883997261536627 0.00000000099999999996 0.00033352612542941089 0.44449521330934466112 
0.00000000099999999992 0.00000000099999999992 0.00000000099999999992 0.00000000099999999992 0.00000000099999999992 0.99999999500000003039 
0.00000000099999999989 0.99999999500000003039 0.00000000099999999989 0.00000000099999999989 0.00000000099999999989 0.00000000099999999989 
0.00000000099999999996 0.99999999500000003039 0.00000000099999999996 0.00000000099999999996 0.00000000099999999996 0.00000000099999999996 
0.00000000099999999996 0.93186829036567520035 0.00000000099999999996 0.00000000099999999996 0.02324468400866610412 0.04488702262565878731 
0.00000000099999999995 0.21891461789537378091 0.00000044812214901226 0.00000000099999999995 0.00000000099999999995 0.78108493098247722131 
0.00000000099999999992 0.00000000099999999992 0.59754681022952915725 0.00000000099999999992 0.00000000099999999992 0.40245318577047078934 
0.00000000099999999994 0.99856821029413822544 0.00000000099999999994 0.00000000099999999994 0.00143153905334144098 0.00000024765252047207 
0.00000000099999999994 0.99775429397646864249 0.00000000099999999994 0.00000000099999999994 0.00000000099999999994 0.00224570202353140081 
0.00000000099999999994 0.00000000099999999994 0.49293950358131577438 0.00000000099999999994 0.00000000099999999994 0.50706049241868422772 
0.00000000099999999993 0.48970048992449743963 0.51029950607550256247 0.00000000099999999993 0.00000000099999999993 0.00000000099999999993 
0.00000000099999999993 0.00000000099999999993 0.71085063382392910114 0.00000000099999999993 0.28914936217607090096 0.00000000099999999993 
0.00000000099999999998 0.36317488928973046258 0.41975608876802572578 0.00000000099999999998 0.00000096731780003747 0.21706805262444386906 
0.03137729212296389014 0.96860656194044547629 0.00001614293659079902 0.00000000099999999997 0.00000000099999999997 0.00000000099999999997 
0.00000000099999999994 0.00000000099999999994 0.52897044146312122148 0.00000000099999999994 0.00000000099999999994 0.47102955453687872511 
0.00000000099999999989 0.00000000099999999989 0.00000000099999999989 0.00000000099999999989 0.00000000099999999989 0.99999999499999991937 
0.00000000099999999993 0.96669742141480841102 0.03330257458519163272 0.00000000099999999993 0.00000000099999999993 0.00000000099999999993 
0.00000000099999999972 0.00000000099999999972 0.00000000099999999972 0.00000000099999999972 0.99999999499999991937 0.00000000099999999972 
0.00000000099999999994 0.00000000099999999994 0.00000000099999999994 0.00000000099999999994 0.00000000099999999994 0.99999999499999991937 
0.00000000099999999990 0.00000000099999999990 0.00000000099999999990 0.00000000099999999990 0.00000000099999999990 0.99999999499999991937 
0.00000000099999999996 0.91253780465175404757 0.00000000099999999996 0.00000000099999999996 0.07279869246308202924 0.01466349988516402886 
0.00000000099999999987 0.00000000099999999987 0.99999999500000003039 0.00000000099999999987 0.00000000099999999987 0.00000000099999999987 
0.00000000099999999996 0.92771622658024355257 0.00000000099999999996 0.00000000099999999996 0.07228376941975638015 0.00000000099999999996 
0.00000000099999999989 0.00000000099999999989 0.52641258127815515611 0.00000000099999999989 0.00000000099999999989 0.47358741472184490151 
0.00000000099999999993 0.00000000099999999993 0.75915978664928773778 0.00000000099999999993 0.24084020935071218106 0.00000000099999999993 
0.00000000099999999997 0.00000000099999999997 0.55487019004570714564 0.00000000099999999997 0.00000000445542436687 0.44512980249886840989 
0.00000000099999999992 0.91754363942603800464 0.08245635657396206686 0.00000000099999999992 0.00000000099999999992 0.00000000099999999992 
0.00000000099999999985 0.00000000099999999985 0.99999999499999991937 0.00000000099999999985 0.00000000099999999985 0.00000000099999999985 
0.00000000099999999993 0.00000000099999999993 0.52348227099887267855 0.00000000099999999993 0.00000000099999999993 0.47651772500112737907 
0.00000000099999999991 0.00000000099999999991 0.49593058733473327493 0.00000000099999999991 0.00000000099999999991 0.50406940866526661615 
0.00000000099999999993 0.00000000099999999993 0.00000000099999999993 0.00000000099999999993 0.00000000099999999993 0.99999999500000003039 
0.00000000099999999992 0.00000000099999999992 0.53812214103847866298 0.00000000099999999992 0.00000000099999999992 0.46187785496152128362 
0.00000000099999999992 0.97792596217084659660 0.02207403382915356510 0.00000000099999999992 0.00000000099999999992 0.00000000099999999992 
0.02306530019496379896 0.96776092618652076460 0.00000000099999999999 0.00000000099999999999 0.00903956841716509717 0.00013420320135050355 
0.00000000099999999990 0.00000000099999999990 0.00000000099999999990 0.00000000099999999990 0.00000000099999999990 0.99999999499999991937 
0.00000000099999999994 0.99999999500000003039 0.00000000099999999994 0.00000000099999999994 0.00000000099999999994 0.00000000099999999994 
0.00000015558396552582 0.90999242565250970660 0.00000000099999999998 0.00000000099999999998 0.09000741576352482010 0.00000000099999999998 
0.00164533218354705993 0.00000000099999999996 0.14999837336784188624 0.00000000099999999996 0.00000000099999999996 0.84835629144861113282 
0.00000000099999999996 0.97390977377763465750 0.00000000099999999996 0.00000000099999999996 0.01340407925967047019 0.01268614396269484960 
0.00030134535900255778 0.00000000099999999997 0.26752644390250479578 0.00000000099999999997 0.00000000099999999997 0.73217220773849256421 
0.00000000099999999992 0.99924280906703633054 0.00075718693296376535 0.00000000099999999992 0.00000000099999999992 0.00000000099999999992 
0.00000000099999999995 0.00000000099999999995 0.00000000099999999995 0.00000000099999999995 0.00000000099999999995 0.99999999500000003039 
0.00000000099999999991 0.00000000099999999991 0.00000000099999999991 0.00000000099999999991 0.00000000099999999991 0.99999999499999991937 
0.00000000099999999995 0.94500195343246717883 0.00000000099999999995 0.00000000099999999995 0.02277903434939679977 0.03221900921813600216 
0.00000000099999999997 0.94004946321421856137 0.00000000099999999997 0.00000000099999999997 0.03733775337729553639 0.02261278040848606341 
0.00000000099999999987 0.00000000099999999987 0.99999999499999991937 0.00000000099999999987 0.00000000099999999987 0.00000000099999999987 
0.00000000099999999995 0.53256959716600682508 0.00000000099999999995 0.00000000099999999995 0.00634155909950276115 0.46108884073449052377 
0.00000000099999999993 0.00000000099999999993 0.00000000099999999993 0.00000000099999999993 0.00000000099999999993 0.99999999499999991937 
0.00000000099999999991 0.92582034500587673254 0.07417965099412340835 0.00000000099999999991 0.00000000099999999991 0.00000000099999999991 
