0.00000000099999999985 0.99999999700000008485 0.00000000099999999985 0.00000000099999999985 
0.00000000099999999985 0.99999999700000008485 0.00000000099999999985 0.00000000099999999985 
0.99999999700000008485 0.00000000099999999987 0.00000000099999999987 0.00000000099999999987 
0.99999999699999997382 0.00000000099999999987 0.00000000099999999987 0.00000000099999999987 
0.99999999700000008485 0.00000000099999999987 0.00000000099999999987 0.00000000099999999987 
0.00000000099999999983 0.99999999700000008485 0.00000000099999999983 0.00000000099999999983 
0.00031997469572327819 0.91162187592730548058 0.08805814837697108211 0.00000000099999999999 
0.00000000100000000000 0.00000498552968526122 0.99995786348401860533 0.00003714998629616024 
0.99999999700000008485 0.00000000099999999987 0.00000000099999999987 0.00000000099999999987 
0.00000000099999999986 0.99999999700000008485 0.00000000099999999986 0.00000000099999999986 
0.00000000099999999999 0.94635579114352219587 0.05364420685647773579 0.00000000099999999999 
0.99999999699999997382 0.00000000099999999988 0.00000000099999999988 0.00000000099999999988 
0.00000000099999999988 0.99999999699999997382 0.00000000099999999988 0.00000000099999999988 
0.00000000099999999988 0.99999999700000008485 0.00000000099999999988 0.00000000099999999988 
0.00000000099999999990 0.99999999699999997382 0.00000000099999999990 0.00000000099999999990 
0.99999999699999997382 0.00000000099999999985 0.00000000099999999985 0.00000000099999999985 
0.00000000099999999997 0.99999998722555893949 0.00000001077444105051 0.00000000099999999997 
0.99999999700000008485 0.00000000099999999985 0.00000000099999999985 0.00000000099999999985 
0.00001207234516607230 0.94177012498415846320 0.05821780167067560491 0.00000000099999999999 
0.00000000099999999999 0.92785277144902711388 0.07214722355863270598 0.00000000399234030962 
0.00000000099999999998 0.95731448889315506889 0.04268550910684488359 0.00000000099999999998 
0.00000000099999999982 0.99999999700000008485 0.00000000099999999982 0.00000000099999999982 
0.00000000099999999983 0.99999999700000008485 0.00000000099999999983 0.00000000099999999983 
0.36052697339867817439 0.05600513879431889136 0.58346788680700278906 0.00000000099999999999 
0.03524608732389107602 0.96475391067610893892 0.00000000099999999999 0.00000000099999999999 
0.00000000099999999984 0.99999999700000008485 0.00000000099999999984 0.00000000099999999984 
0.00000346899443707226 0.94070552401633322770 0.05929062686154868561 0.00000038012768097794 
0.00000000099999999998 0.95596846415927172469 0.04403153384072838739 0.00000000099999999998 
0.00000000099999999999 0.95288627115531854272 0.01070812494643356809 0.03640560289824795043 
0.00000000099999999999 0.92211858893953291272 0.07787681691278568186 0.00000459314768155188 
0.00000000099999999981 0.99999999699999997382 0.00000000099999999981 0.00000000099999999981 
0.00000000099999999996 0.00000000099999999996 0.00000000099999999996 0.99999999700000008485 
0.00000000099999999996 0.00000000099999999996 0.00856379137006955254 0.99143620662993048320 
0.00000000099999999997 0.00000000099999999997 0.99999999133721051425 0.00000000666278938642 
0.00473868721361680491 0.00000000099999999997 0.00000002164466794501 0.99526129014171516030 
0.00000000099999999996 0.00000000099999999996 0.99999999699999997382 0.00000000099999999996 
0.00000000099999999997 0.00000000099999999997 0.99999999699999997382 0.00000000099999999997 
0.00000002152302081577 0.00000000099999999998 0.00000000099999999998 0.99999997647697924652 
0.00000000099999999997 0.00000000099999999997 0.00241020265891918502 0.99758979534108083165 
0.03946309251187354872 0.00000000099999999997 0.00000000099999999997 0.96053690548812653560 
0.00000000099999999996 0.00000000099999999996 0.99999999699999997382 0.00000000099999999996 
0.03564289596220271417 0.00000000099999999997 0.00000000099999999997 0.96435710203779734240 
0.00000000099999999995 0.00000000099999999995 0.00000000099999999995 0.99999999700000008485 
0.01675052820616095353 0.00000000099999999997 0.00000000099999999997 0.98324946979383909262 
0.00011252997756759903 0.00000000099999999995 0.00000000099999999995 0.99988746802243244627 
0.00000000099999999995 0.00000000099999999995 0.00000000099999999995 0.99999999700000008485 
0.00108882057171290369 0.00000000099999999998 0.01838104383400237032 0.98053013459428461918 
0.04519519544793661192 0.00000000099999999996 0.00000000099999999996 0.95480480255206345852 
0.00000000099999999995 0.00000000099999999995 0.00000000099999999995 0.99999999699999997382 
0.00007483480131770485 0.00000000099999999999 0.00000000099999999999 0.99992516319868240959 
0.00000000099999999997 0.00000000099999999997 0.99999999699999997382 0.00000000099999999997 
0.04035346458362278066 0.00000000099999999996 0.00000000099999999996 0.95964653341637728978 
0.00000000099999999997 0.00000000099999999997 0.99999770312135949357 0.00000229487864048693 
0.00000000099999999996 0.00000000099999999996 0.00000000099999999996 0.99999999700000008485 
0.03301515600638109393 0.02087223347653133568 0.94611259407853764980 0.00000001643854993866 
0.00000610733139199708 0.00000000099999999999 0.00008103746231063154 0.99991285420629738567 
0.00301879241659564097 0.00000000099999999998 0.50218509644868591923 0.49479611013471846981 
0.00000001194541527283 0.00000000099999999998 0.99999998605458462198 0.00000000099999999998 
0.00000000099999999994 0.00000000099999999994 0.00000000099999999994 0.99999999699999997382 
0.00000009907408621657 0.00000000099999999998 0.00000000099999999998 0.99999989892591378826 
0.02668105766024158818 0.00000000099999999998 0.00947227311534652033 0.96384666822441178446 
0.00000000099999999998 0.00000000099999999998 0.77665555020930554520 0.22334444779069440035 
0.00000000099999999996 0.00000000099999999996 0.99999999699999997382 0.00000000099999999996 
0.00287039108724905078 0.00000000099999999997 0.00000000222868960982 0.99712960568406139306 
0.00000000099999999997 0.00000000099999999997 0.00000046402453654297 0.99999953397546348377 
0.00000000099999999996 0.00000000099999999996 0.99999999699999986280 0.00000000099999999996 
0.00000000099999999997 0.00000000099999999997 0.49321156441088925826 0.50678843358911074279 
0.35920828465426757337 0.00000053212557142544 0.64079118222016095974 0.00000000099999999999 
0.00281358369269975057 0.00000000100000000000 0.62375567431307399335 0.37343074099422635115 
0.00000585500875342502 0.00121443135642408965 0.00196978217310233997 0.99680993146172014452 
0.00000000099999999996 0.00000000099999999996 0.99999999699999997382 0.00000000099999999996 
0.00000000099999999996 0.00000000099999999996 0.99410212735394698491 0.00589787064605295803 
0.00000000099999999996 0.00000000099999999996 0.00381531802642215076 0.99618467997357784682 
0.99999999700000008485 0.00000000099999999984 0.00000000099999999984 0.00000000099999999984 
0.00436027296356477755 0.00000000472276893794 0.99563972131366629270 0.00000000099999999999 
0.00000534714532345987 0.00000000099999999997 0.99999465085467642567 0.00000000099999999997 
0.07214878039122007980 0.00000000099999999998 0.00001161772609612384 0.92783960088268380151 
0.00000000099999999997 0.00000000099999999997 0.99999999699999997382 0.00000000099999999997 
0.06937681769970423240 0.00000000099999999998 0.00000000099999999998 0.93062318030029567151 
0.00000000099999999993 0.00000000099999999993 0.99999999699999986280 0.00000000099999999993 
0.31070654522826784971 0.04271741829808609753 0.64657603547364594920 0.00000000099999999999 
0.01446414393241321657 0.00000000099999999999 0.98553585406758681398 0.00000000099999999999 
0.00000000099999999996 0.00000000099999999996 0.04229856877001940407 0.95770142922998058310 
0.00000000099999999995 0.00000000099999999995 0.99999999699999986280 0.00000000099999999995 
0.00000000099999999997 0.00000000099999999997 0.99654753267419204921 0.00345246532580786858 
0.00000000099999999995 0.00000000099999999995 0.99999999699999997382 0.00000000099999999995 
0.00000000099999999998 0.00000000099999999998 0.98663599902567689082 0.01336399897432294717 
0.00000000099999999995 0.00000000099999999995 0.99999999699999986280 0.00000000099999999995 
0.00000031181075324879 0.00000000099999999997 0.00000822413120588695 0.99999146305804087476 
0.01419915972717518578 0.01587854817647234643 0.00026858364713967141 0.96965370844921283666 
0.00000000099999999995 0.00000000099999999995 0.99999999699999986280 0.00000000099999999995 
0.00000006295128205164 0.00000000099999999996 0.00000000099999999996 0.99999993504871798056 
0.08854407600997765693 0.00000000099999999999 0.00000000099999999999 0.91145592199002234413 
0.00000000099999999997 0.00001409252620321477 0.99998590547379684335 0.00000000099999999997 
0.01697860821569421863 0.00000000099999999998 0.00000000099999999998 0.98302138978430575467 
0.00000000099999999998 0.00000006052928266083 0.99999993747071724837 0.00000000099999999998 
0.00000000099999999996 0.00000000099999999996 0.00000000310267305590 0.99999999489732704916 
0.00000000100000000000 0.00000208476326956033 0.99999366163043013067 0.00000425260630037665 
0.00000000099999999997 0.00000000099999999997 0.99999999699999986280 0.00000000099999999997 
0.02134581360484547746 0.00000000099999999998 0.00052516505522434741 0.97812902033993009976 
0.03418194900095217204 0.00000000099999999999 0.00697319238666336584 0.95884485761238447132 
0.00000000099999999998 0.00000000099999999998 0.99998378045674018999 0.00001621754325978552 
0.01345501950888175827 0.00000000099999999998 0.45812305917690754331 0.52842192031421064691 
0.00000000099999999998 0.00000000099999999998 0.99999410359342177923 0.00000589440657808628 
0.00000000099999999996 0.00000000099999999996 0.03888197989298215057 0.96111801810701791293 
