0.000000	0.292142	0.287367	0.268696	0.296776	0.282716	0.278223	0.285816	0.282049	0.292678	0.288533	0.289831	0.284845	0.283688	0.290283	0.295447	0.292284	0.300874	0.307219	0.289947	0.282738	0.288509	0.292600	0.297106	0.297992	0.286497	0.286214	0.289035	0.284073	0.279974	0.282366	0.285501	0.286930	0.288416	0.287336	0.283954	0.286753	0.293885	0.303278	0.291182	0.301613	0.300790	0.305493	0.292317	0.299429	0.292408	0.297659	0.291956	0.295158	0.301201	0.301317	0.294154	0.299236	0.301560	0.300725	0.290668	0.286910	0.292496	0.299943	0.303118	0.294454	0.300601	0.294883	0.294806	0.305603	0.298295	0.295569	0.293295	0.307961	0.297325	0.302695	0.303498	0.296138	0.292783	0.287489	0.295270	0.300256	0.303246	0.292307	0.295556	0.292539	0.292158	0.296964	0.301750	0.300323	0.295716	0.297333	0.300516	0.308915	0.297096	0.294894	0.289647	0.291616	0.295116	0.295574	0.305660	0.297672	0.297898	0.298994	0.295571	0.294178	0.274780	0.292216	0.297844	0.280983	0.296602	
0.292142	0.000000	0.272112	0.289930	0.250456	0.309804	0.273785	0.320500	0.317903	0.275837	0.318236	0.306064	0.297994	0.313373	0.319676	0.276646	0.268316	0.288283	0.282601	0.320030	0.323722	0.321905	0.286966	0.271356	0.280889	0.310684	0.310183	0.278317	0.310947	0.294874	0.322099	0.319144	0.320129	0.327014	0.305341	0.321405	0.317295	0.291361	0.285676	0.280414	0.289179	0.284485	0.289043	0.278030	0.289714	0.288030	0.287684	0.291682	0.283244	0.284693	0.294330	0.287079	0.287222	0.290410	0.289217	0.303997	0.288980	0.286102	0.289749	0.288001	0.282698	0.290406	0.284507	0.284111	0.289481	0.280762	0.283993	0.275087	0.293366	0.285561	0.290214	0.289451	0.281345	0.282970	0.315660	0.285893	0.291598	0.291305	0.276376	0.288174	0.286083	0.281701	0.280602	0.289472	0.292519	0.285070	0.289493	0.285481	0.298093	0.287999	0.289475	0.316608	0.282297	0.288616	0.291324	0.293668	0.291410	0.289753	0.292173	0.273779	0.288102	0.281937	0.264709	0.284026	0.281574	0.267388	
0.287367	0.272112	0.000000	0.284784	0.268481	0.291742	0.271162	0.316500	0.315854	0.267326	0.311220	0.300503	0.295249	0.308771	0.312932	0.274426	0.270465	0.285972	0.273646	0.321579	0.318875	0.319953	0.282015	0.267891	0.282587	0.310310	0.306462	0.269945	0.313336	0.294187	0.315733	0.319120	0.315253	0.316059	0.306396	0.315120	0.312588	0.290977	0.290609	0.285510	0.286408	0.283792	0.290730	0.282063	0.286045	0.278015	0.287299	0.293113	0.283135	0.287783	0.291233	0.286185	0.288494	0.294168	0.289636	0.301430	0.287645	0.283368	0.289629	0.291458	0.283988	0.290836	0.282482	0.290936	0.292614	0.291802	0.284007	0.267060	0.293980	0.281041	0.289245	0.285387	0.287223	0.288237	0.315109	0.283187	0.285642	0.288722	0.286551	0.285265	0.284258	0.283358	0.282579	0.291586	0.289280	0.288746	0.290511	0.289667	0.292602	0.285665	0.279253	0.317538	0.270171	0.285273	0.291201	0.284539	0.289987	0.289272	0.287487	0.284343	0.269335	0.287322	0.283568	0.270723	0.283838	0.286189	
0.268696	0.289930	0.284784	0.000000	0.284428	0.278031	0.245521	0.293775	0.286117	0.287660	0.287904	0.291407	0.283621	0.287362	0.291011	0.289377	0.287790	0.301364	0.294438	0.288855	0.288321	0.291266	0.291062	0.285577	0.296197	0.283723	0.281778	0.285356	0.286998	0.280462	0.288027	0.288560	0.293026	0.291012	0.281908	0.286471	0.277286	0.290562	0.305801	0.296820	0.297179	0.301684	0.298573	0.286394	0.294786	0.291045	0.300231	0.296287	0.292448	0.299051	0.295420	0.298422	0.305912	0.301434	0.298085	0.295682	0.283795	0.291312	0.297929	0.301797	0.293705	0.300909	0.296965	0.302017	0.300364	0.301485	0.294889	0.284304	0.301745	0.293396	0.301031	0.295207	0.293534	0.293128	0.290648	0.289529	0.296245	0.306246	0.288888	0.292359	0.294725	0.289095	0.291746	0.300715	0.299631	0.293602	0.296147	0.293732	0.307988	0.296703	0.291170	0.290824	0.287914	0.293883	0.297569	0.303658	0.298693	0.294764	0.294199	0.290608	0.293499	0.279158	0.289370	0.292706	0.274404	0.295512	
0.296776	0.250456	0.268481	0.284428	0.000000	0.302690	0.268198	0.315810	0.316641	0.267371	0.316062	0.297406	0.296432	0.306938	0.315118	0.272556	0.268476	0.287172	0.285329	0.318034	0.316988	0.316959	0.277587	0.265134	0.283073	0.308154	0.301361	0.265945	0.313341	0.294654	0.313419	0.314241	0.314535	0.320351	0.299857	0.314545	0.310764	0.287037	0.293639	0.284835	0.285665	0.286848	0.285563	0.275540	0.284035	0.276869	0.290036	0.282736	0.273770	0.285489	0.291809	0.284901	0.286366	0.293410	0.288418	0.299107	0.278623	0.271152	0.283028	0.293224	0.275614	0.287703	0.279837	0.285005	0.286651	0.285933	0.275712	0.263913	0.288613	0.279878	0.287500	0.279946	0.274839	0.276804	0.303383	0.284010	0.282907	0.288437	0.278654	0.272786	0.275937	0.277997	0.273128	0.284487	0.277165	0.279266	0.279034	0.279594	0.288938	0.277603	0.280871	0.314101	0.274621	0.281476	0.282869	0.285833	0.287541	0.281209	0.286725	0.232929	0.280484	0.273777	0.250643	0.274723	0.276735	0.258333	
0.282716	0.309804	0.291742	0.278031	0.302690	0.000000	0.307174	0.268666	0.262065	0.309801	0.265869	0.283550	0.276086	0.274137	0.272276	0.310889	0.304721	0.310920	0.306158	0.265859	0.263027	0.263998	0.299738	0.305942	0.306976	0.268846	0.279653	0.291880	0.267682	0.280882	0.268146	0.271333	0.267976	0.264286	0.275593	0.268746	0.272908	0.295010	0.316557	0.312763	0.310563	0.317688	0.313140	0.300530	0.313779	0.302144	0.310498	0.307214	0.306827	0.311154	0.305452	0.303809	0.314469	0.311002	0.314409	0.288288	0.289806	0.304588	0.314784	0.312688	0.300425	0.321168	0.303710	0.314690	0.314842	0.310746	0.297878	0.304959	0.313129	0.302740	0.316277	0.304911	0.299591	0.300768	0.279474	0.301029	0.306300	0.316847	0.299867	0.304372	0.300351	0.300164	0.299306	0.310191	0.304488	0.301407	0.303963	0.302786	0.313311	0.299019	0.297381	0.277757	0.285669	0.302230	0.303343	0.311983	0.308154	0.301847	0.313347	0.300523	0.261831	0.303674	0.298124	0.294200	0.300156	0.301651	
0.278223	0.273785	0.271162	0.245521	0.268198	0.307174	0.000000	0.322033	0.317489	0.259655	0.320520	0.308045	0.292542	0.304685	0.317395	0.263565	0.257540	0.287581	0.285360	0.321595	0.318919	0.320659	0.286587	0.258016	0.291598	0.314886	0.306380	0.270142	0.317188	0.293344	0.319517	0.321208	0.317941	0.323035	0.311671	0.315810	0.315157	0.293738	0.296953	0.291092	0.295556	0.291763	0.297107	0.286389	0.284987	0.284715	0.295038	0.299574	0.290438	0.288649	0.293608	0.291020	0.295980	0.302281	0.299040	0.305415	0.290185	0.288786	0.293252	0.292766	0.287206	0.293609	0.289679	0.298752	0.295071	0.295027	0.294940	0.261229	0.295274	0.289806	0.288595	0.286444	0.286193	0.289568	0.314835	0.285573	0.288944	0.298579	0.283442	0.285661	0.289265	0.284132	0.287698	0.296139	0.291376	0.290761	0.295872	0.291708	0.299754	0.288304	0.282755	0.319956	0.287144	0.288482	0.294814	0.291012	0.294931	0.290219	0.295005	0.283146	0.290600	0.275834	0.283817	0.287504	0.276168	0.285489	
0.285816	0.320500	0.316500	0.293775	0.315810	0.268666	0.322033	0.000000	0.249160	0.316201	0.250626	0.289799	0.272805	0.265208	0.259127	0.325492	0.319339	0.332137	0.329133	0.247197	0.245445	0.249857	0.315260	0.323681	0.322252	0.256350	0.277861	0.314119	0.254482	0.284233	0.251269	0.248227	0.249284	0.247901	0.267898	0.250389	0.266855	0.306992	0.333601	0.328213	0.329139	0.331837	0.333104	0.315339	0.332927	0.320248	0.325008	0.320377	0.322891	0.332178	0.320796	0.323100	0.331615	0.325549	0.332168	0.284926	0.301911	0.319597	0.332473	0.335100	0.319608	0.338003	0.319570	0.326392	0.339668	0.330315	0.320428	0.320856	0.335323	0.324192	0.332270	0.319708	0.319343	0.322701	0.265744	0.322881	0.324308	0.332032	0.323170	0.321992	0.316978	0.318693	0.318690	0.331398	0.325414	0.312398	0.318909	0.319406	0.329006	0.322899	0.313865	0.255339	0.312443	0.319818	0.311393	0.332469	0.327535	0.317309	0.325688	0.320969	0.317866	0.320645	0.318811	0.318831	0.313564	0.321817	
0.282049	0.317903	0.315854	0.286117	0.316641	0.262065	0.317489	0.249160	0.000000	0.316328	0.250903	0.290092	0.274402	0.261820	0.258729	0.322635	0.319244	0.325238	0.327289	0.249313	0.242524	0.250082	0.315230	0.318696	0.322003	0.257151	0.272592	0.310509	0.252815	0.278410	0.247138	0.253174	0.249629	0.247087	0.264664	0.245035	0.260267	0.304050	0.328042	0.320549	0.321774	0.325880	0.330580	0.311195	0.327851	0.318431	0.322178	0.318763	0.318239	0.329244	0.320233	0.317748	0.326350	0.319790	0.326198	0.281686	0.299430	0.315035	0.329711	0.325959	0.315902	0.330482	0.313175	0.322585	0.329421	0.322359	0.319938	0.318784	0.326759	0.319231	0.331229	0.319984	0.313082	0.314904	0.266623	0.321749	0.318138	0.332614	0.314223	0.316125	0.314808	0.312473	0.320570	0.326373	0.323624	0.317889	0.321893	0.320057	0.323764	0.315934	0.312986	0.258390	0.306184	0.314862	0.316153	0.322744	0.319241	0.317390	0.315878	0.318851	0.317930	0.315838	0.316336	0.313186	0.313967	0.316261	
0.292678	0.275837	0.267326	0.287660	0.267371	0.309801	0.259655	0.316201	0.316328	0.000000	0.319829	0.304345	0.295402	0.291549	0.312547	0.265614	0.241501	0.287267	0.280247	0.317356	0.316924	0.317902	0.286448	0.258945	0.284867	0.307779	0.307443	0.262746	0.314597	0.286455	0.314468	0.314789	0.316509	0.316626	0.307212	0.311065	0.310576	0.290866	0.292075	0.291600	0.291509	0.291063	0.293170	0.283408	0.281262	0.283608	0.292864	0.297956	0.285412	0.288094	0.288434	0.293308	0.291932	0.297491	0.291755	0.303794	0.288644	0.282157	0.291347	0.290460	0.284342	0.289781	0.289703	0.293234	0.289682	0.290278	0.288317	0.257030	0.295408	0.289452	0.288169	0.285586	0.285772	0.291159	0.313593	0.292109	0.290808	0.293396	0.286593	0.287589	0.285845	0.283910	0.289417	0.291373	0.287930	0.291079	0.295604	0.291076	0.295466	0.288376	0.288742	0.316287	0.280374	0.289380	0.291226	0.292665	0.297896	0.289255	0.293419	0.283387	0.285073	0.284204	0.281955	0.287400	0.286170	0.285427	
0.288533	0.318236	0.311220	0.287904	0.316062	0.265869	0.320520	0.250626	0.250903	0.319829	0.000000	0.291309	0.272881	0.267663	0.260934	0.324521	0.316590	0.325494	0.324752	0.255625	0.247934	0.251266	0.318375	0.320530	0.323358	0.258360	0.272777	0.312656	0.256060	0.278429	0.255876	0.252730	0.253339	0.252480	0.266509	0.250981	0.262683	0.305721	0.332101	0.325261	0.324252	0.325796	0.329079	0.312313	0.328054	0.322705	0.327528	0.320233	0.321871	0.327930	0.322569	0.317938	0.330240	0.319392	0.329880	0.286650	0.302500	0.317635	0.332591	0.330324	0.317708	0.330352	0.313987	0.328761	0.332010	0.326210	0.316145	0.320570	0.330215	0.322534	0.330211	0.321335	0.315042	0.316383	0.267857	0.324722	0.320742	0.333691	0.313368	0.318006	0.317802	0.313159	0.317559	0.325865	0.324986	0.318937	0.323234	0.319211	0.324507	0.318074	0.317862	0.262865	0.310869	0.312860	0.318359	0.328462	0.311507	0.320873	0.322382	0.319437	0.316915	0.318953	0.320090	0.312509	0.315173	0.321986	
0.289831	0.306064	0.300503	0.291407	0.297406	0.283550	0.308045	0.289799	0.290092	0.304345	0.291309	0.000000	0.291145	0.288428	0.267319	0.306140	0.302679	0.261405	0.295296	0.296483	0.294344	0.290325	0.303698	0.302045	0.308453	0.289348	0.290941	0.293816	0.285786	0.281666	0.288030	0.295790	0.289609	0.292805	0.288926	0.288331	0.289478	0.301318	0.310655	0.305368	0.308032	0.310749	0.305339	0.299018	0.306410	0.299282	0.297163	0.306509	0.305831	0.302587	0.303952	0.305197	0.303855	0.305030	0.309197	0.297221	0.300675	0.304470	0.308025	0.309254	0.307507	0.313035	0.314604	0.312944	0.312252	0.308844	0.303922	0.303674	0.309953	0.310097	0.306527	0.309839	0.304413	0.303727	0.297460	0.308499	0.306249	0.308029	0.301646	0.301621	0.307264	0.303555	0.307988	0.309186	0.306978	0.302367	0.306205	0.305260	0.312781	0.305377	0.301812	0.293843	0.301243	0.302422	0.306237	0.310101	0.300446	0.306233	0.303347	0.303481	0.300415	0.308645	0.299960	0.307203	0.305976	0.308644	
0.284845	0.297994	0.295249	0.283621	0.296432	0.276086	0.292542	0.272805	0.274402	0.295402	0.272881	0.291145	0.000000	0.280407	0.279658	0.247340	0.294905	0.310489	0.312323	0.276859	0.274221	0.272490	0.303718	0.295650	0.306793	0.275102	0.284253	0.293544	0.278535	0.280026	0.274687	0.275840	0.277067	0.276806	0.277666	0.269354	0.279116	0.298536	0.321178	0.311776	0.314009	0.311824	0.318380	0.301175	0.309278	0.305859	0.312059	0.306625	0.297782	0.312810	0.310120	0.309319	0.314358	0.311094	0.315282	0.294533	0.293151	0.306143	0.317389	0.317851	0.305570	0.317015	0.307738	0.318907	0.321346	0.312565	0.304828	0.300009	0.316137	0.310607	0.312402	0.309287	0.305477	0.307106	0.287623	0.307206	0.309051	0.312922	0.304320	0.300918	0.301336	0.305268	0.305598	0.315673	0.309585	0.304541	0.312500	0.305808	0.319216	0.308334	0.303403	0.281431	0.299301	0.301205	0.306974	0.314361	0.306935	0.307634	0.306787	0.306936	0.306108	0.304306	0.306034	0.302714	0.305952	0.306671	
0.283688	0.313373	0.308771	0.287362	0.306938	0.274137	0.304685	0.265208	0.261820	0.291549	0.267663	0.288428	0.280407	0.000000	0.268879	0.309667	0.272927	0.316021	0.317285	0.264812	0.265018	0.263979	0.309553	0.306796	0.316311	0.268496	0.277659	0.300338	0.271677	0.280390	0.264359	0.266072	0.266013	0.264270	0.272353	0.263365	0.267187	0.297465	0.325335	0.321264	0.319280	0.317775	0.322522	0.307009	0.315740	0.310545	0.319892	0.314610	0.313994	0.320151	0.314809	0.312497	0.320177	0.316251	0.316318	0.287611	0.294578	0.311127	0.320454	0.318949	0.308272	0.323385	0.312308	0.320300	0.325888	0.318748	0.314039	0.305567	0.322394	0.312971	0.319871	0.312036	0.310542	0.309820	0.280380	0.313618	0.318658	0.321419	0.312154	0.311169	0.307808	0.307609	0.316189	0.321362	0.316934	0.307590	0.313767	0.310804	0.317226	0.311675	0.303915	0.269295	0.300312	0.312731	0.310255	0.319706	0.316498	0.311880	0.314638	0.312168	0.310487	0.307208	0.311310	0.305013	0.307403	0.315051	
0.290283	0.319676	0.312932	0.291011	0.315118	0.272276	0.317395	0.259127	0.258729	0.312547	0.260934	0.267319	0.279658	0.268879	0.000000	0.318224	0.315586	0.287570	0.322451	0.258916	0.251969	0.263688	0.318077	0.318480	0.320657	0.265553	0.274026	0.310472	0.262541	0.280505	0.262206	0.265792	0.258987	0.260676	0.274705	0.255521	0.267602	0.304197	0.328152	0.322973	0.320073	0.325742	0.323813	0.310755	0.326868	0.316939	0.317127	0.325276	0.321028	0.323726	0.315227	0.316317	0.325959	0.315114	0.324822	0.288397	0.299131	0.318459	0.327693	0.325192	0.319927	0.329568	0.322657	0.326203	0.329890	0.327007	0.320298	0.319688	0.322533	0.322176	0.323608	0.318300	0.316702	0.318669	0.271174	0.318399	0.321232	0.324727	0.316545	0.314748	0.314218	0.318285	0.317561	0.324838	0.317390	0.319825	0.322524	0.320616	0.322471	0.318571	0.314881	0.264521	0.305953	0.315308	0.322173	0.323062	0.320460	0.318955	0.320424	0.319269	0.315377	0.318706	0.314935	0.314595	0.316651	0.322273	
0.295447	0.276646	0.274426	0.289377	0.272556	0.310889	0.263565	0.325492	0.322635	0.265614	0.324521	0.306140	0.247340	0.309667	0.318224	0.000000	0.259857	0.287948	0.286411	0.323689	0.324376	0.321222	0.292331	0.259271	0.291598	0.311459	0.308322	0.272439	0.317048	0.286994	0.319639	0.316293	0.320379	0.324206	0.313579	0.320902	0.315235	0.300117	0.301428	0.292285	0.298071	0.294634	0.299044	0.290636	0.288218	0.293141	0.295458	0.297270	0.282806	0.298948	0.297681	0.293847	0.296246	0.302698	0.299343	0.309901	0.289272	0.289064	0.296787	0.293147	0.287798	0.295762	0.288472	0.299639	0.298152	0.298021	0.293849	0.267199	0.296547	0.294221	0.293063	0.291950	0.285919	0.294541	0.315721	0.289140	0.292167	0.299104	0.292373	0.291766	0.285639	0.288715	0.289422	0.297524	0.291748	0.290007	0.294293	0.297301	0.300391	0.291969	0.288011	0.322178	0.289518	0.291485	0.295506	0.296125	0.301325	0.289300	0.295895	0.290094	0.290838	0.287393	0.285941	0.287167	0.286837	0.284032	
0.292284	0.268316	0.270465	0.287790	0.268476	0.304721	0.257540	0.319339	0.319244	0.241501	0.316590	0.302679	0.294905	0.272927	0.315586	0.259857	0.000000	0.283570	0.279690	0.320279	0.317653	0.316277	0.289070	0.260555	0.284938	0.315541	0.306739	0.265522	0.311957	0.286219	0.315327	0.316331	0.319997	0.316759	0.304029	0.314208	0.310793	0.293584	0.295157	0.286613	0.293158	0.292151	0.295353	0.281963	0.283308	0.286208	0.292814	0.294402	0.284111	0.297750	0.296068	0.291442	0.292783	0.301880	0.294932	0.305432	0.287632	0.283334	0.292340	0.293021	0.284046	0.293330	0.285714	0.296042	0.293842	0.289751	0.289044	0.253811	0.295810	0.290414	0.288601	0.290588	0.281987	0.289055	0.313396	0.290396	0.285565	0.289232	0.287908	0.284292	0.290012	0.283604	0.287172	0.291868	0.290868	0.285251	0.290125	0.286152	0.297002	0.285352	0.285142	0.316868	0.280766	0.292003	0.291308	0.289005	0.294463	0.286561	0.289748	0.285333	0.285929	0.286297	0.288416	0.282140	0.284304	0.287400	
0.300874	0.288283	0.285972	0.301364	0.287172	0.310920	0.287581	0.332137	0.325238	0.287267	0.325494	0.261405	0.310489	0.316021	0.287570	0.287948	0.283570	0.000000	0.252210	0.327238	0.326842	0.326117	0.298889	0.285978	0.290412	0.325747	0.313880	0.282507	0.318916	0.298568	0.323203	0.324101	0.326031	0.328450	0.314657	0.327505	0.316185	0.299251	0.285310	0.277890	0.284512	0.283173	0.281381	0.295186	0.284267	0.287278	0.271844	0.303990	0.289671	0.286268	0.284275	0.287254	0.279974	0.288524	0.284039	0.314795	0.298565	0.290557	0.281829	0.280084	0.294927	0.282160	0.297051	0.279098	0.281269	0.281642	0.303891	0.280956	0.284961	0.300334	0.282332	0.299193	0.298354	0.299084	0.320166	0.295214	0.297223	0.285928	0.292917	0.293778	0.297462	0.293487	0.299379	0.281124	0.292964	0.298921	0.300980	0.300259	0.290150	0.298218	0.294604	0.327727	0.290644	0.296736	0.305731	0.279557	0.287423	0.301128	0.285277	0.294017	0.293122	0.295464	0.292564	0.295866	0.297422	0.295694	
0.307219	0.282601	0.273646	0.294438	0.285329	0.306158	0.285360	0.329133	0.327289	0.280247	0.324752	0.295296	0.312323	0.317285	0.322451	0.286411	0.279690	0.252210	0.000000	0.328215	0.325062	0.328059	0.294403	0.278805	0.286580	0.324542	0.309139	0.282474	0.318035	0.296899	0.322544	0.326438	0.325314	0.326572	0.314387	0.325975	0.317933	0.293452	0.276074	0.278094	0.281920	0.282406	0.278771	0.293750	0.278068	0.283713	0.277137	0.300959	0.281814	0.285559	0.275849	0.281765	0.277544	0.285864	0.283899	0.309078	0.288538	0.286643	0.276940	0.275625	0.287718	0.279957	0.289760	0.284140	0.279520	0.278518	0.290612	0.276668	0.281236	0.290611	0.278145	0.287765	0.289551	0.288792	0.320013	0.298552	0.293729	0.287076	0.292877	0.293805	0.292514	0.287786	0.288680	0.279444	0.291070	0.294727	0.292577	0.293892	0.284908	0.291939	0.289970	0.327735	0.278232	0.288586	0.297071	0.276737	0.283958	0.291821	0.285553	0.289495	0.281040	0.289281	0.289576	0.282502	0.292307	0.291838	
0.289947	0.320030	0.321579	0.288855	0.318034	0.265859	0.321595	0.247197	0.249313	0.317356	0.255625	0.296483	0.276859	0.264812	0.258916	0.323689	0.320279	0.327238	0.328215	0.000000	0.242238	0.243641	0.316901	0.318991	0.325709	0.254346	0.270594	0.312285	0.248370	0.275426	0.244962	0.246023	0.247026	0.245051	0.218476	0.246973	0.257410	0.285382	0.331034	0.325651	0.327264	0.329238	0.332126	0.314125	0.329490	0.321034	0.324277	0.319832	0.322505	0.331545	0.325384	0.318725	0.330901	0.323129	0.324046	0.278300	0.299995	0.318814	0.330908	0.326270	0.315210	0.334564	0.321046	0.329761	0.332738	0.329315	0.317870	0.321778	0.334790	0.319796	0.332061	0.322806	0.318358	0.320188	0.262944	0.324397	0.322697	0.338756	0.316967	0.320148	0.320961	0.314728	0.318422	0.332884	0.324615	0.318025	0.327598	0.322024	0.327502	0.314950	0.315865	0.252381	0.311134	0.316121	0.316534	0.332266	0.326304	0.315097	0.324056	0.319972	0.316075	0.321002	0.318649	0.317335	0.314751	0.321952	
0.282738	0.323722	0.318875	0.288321	0.316988	0.263027	0.318919	0.245445	0.242524	0.316924	0.247934	0.294344	0.274221	0.265018	0.251969	0.324376	0.317653	0.326842	0.325062	0.242238	0.000000	0.243596	0.313425	0.320010	0.325654	0.253374	0.268796	0.309401	0.248665	0.276497	0.247892	0.245884	0.231944	0.241701	0.262027	0.210297	0.251556	0.305697	0.333874	0.327747	0.327061	0.331017	0.333268	0.313037	0.329063	0.320351	0.329066	0.320412	0.325415	0.329288	0.326865	0.324668	0.325937	0.325411	0.326446	0.260874	0.299257	0.318274	0.331527	0.331638	0.318220	0.335860	0.321709	0.330790	0.330080	0.331283	0.317849	0.321223	0.331109	0.320203	0.331000	0.322119	0.317343	0.318726	0.262440	0.321026	0.323544	0.334031	0.317655	0.321326	0.317388	0.313399	0.322017	0.330286	0.324672	0.313635	0.318321	0.320924	0.325368	0.321146	0.317683	0.250863	0.307768	0.316619	0.317568	0.331633	0.325139	0.318705	0.323670	0.318838	0.315417	0.321061	0.316185	0.316241	0.313988	0.320023	
0.288509	0.321905	0.319953	0.291266	0.316959	0.263998	0.320659	0.249857	0.250082	0.317902	0.251266	0.290325	0.272490	0.263979	0.263688	0.321222	0.316277	0.326117	0.328059	0.243641	0.243596	0.000000	0.313144	0.318260	0.325024	0.256314	0.268782	0.314108	0.254065	0.273457	0.245059	0.253741	0.247935	0.240315	0.267226	0.250416	0.238092	0.306153	0.328250	0.324077	0.325828	0.326683	0.330374	0.315376	0.328717	0.316976	0.327018	0.320857	0.323585	0.330151	0.318900	0.321651	0.329031	0.315453	0.326689	0.279059	0.294525	0.315623	0.329118	0.328362	0.314254	0.334164	0.318536	0.331481	0.334819	0.328285	0.317374	0.317187	0.330484	0.324775	0.327366	0.320414	0.315473	0.316600	0.267313	0.321628	0.321519	0.335792	0.317128	0.316486	0.315703	0.314944	0.317853	0.326234	0.324453	0.312597	0.321990	0.321416	0.324423	0.319198	0.310338	0.251862	0.309445	0.318965	0.320235	0.332442	0.328056	0.321308	0.327770	0.315643	0.313013	0.314936	0.317654	0.310404	0.316818	0.317801	
0.292600	0.286966	0.282015	0.291062	0.277587	0.299738	0.286587	0.315260	0.315230	0.286448	0.318375	0.303698	0.303718	0.309553	0.318077	0.292331	0.289070	0.298889	0.294403	0.316901	0.313425	0.313144	0.000000	0.284222	0.281355	0.292628	0.307138	0.274357	0.303778	0.297823	0.313823	0.313348	0.315058	0.312433	0.303635	0.312266	0.305728	0.281653	0.294618	0.282824	0.279829	0.292203	0.287110	0.245909	0.287869	0.280309	0.291305	0.284784	0.284465	0.286287	0.293920	0.284676	0.292900	0.292845	0.290275	0.296268	0.278301	0.276739	0.288527	0.289891	0.274910	0.291936	0.276613	0.292669	0.296438	0.286142	0.283883	0.283173	0.288931	0.280971	0.288838	0.275119	0.273443	0.277067	0.309695	0.273700	0.273513	0.289566	0.275969	0.276331	0.276644	0.273288	0.272374	0.290515	0.279250	0.272725	0.275677	0.278698	0.296124	0.276476	0.274146	0.317982	0.274881	0.277448	0.277058	0.288220	0.286954	0.274700	0.289190	0.273030	0.277987	0.273170	0.274106	0.272719	0.274629	0.279379	
0.297106	0.271356	0.267891	0.285577	0.265134	0.305942	0.258016	0.323681	0.318696	0.258945	0.320530	0.302045	0.295650	0.306796	0.318480	0.259271	0.260555	0.285978	0.278805	0.318991	0.320010	0.318260	0.284222	0.000000	0.288496	0.306743	0.296024	0.265144	0.310616	0.268631	0.317741	0.316108	0.312950	0.316566	0.308684	0.314224	0.311246	0.294346	0.283765	0.283714	0.288036	0.279702	0.287078	0.281920	0.254794	0.281692	0.293689	0.296733	0.288387	0.287015	0.290395	0.289884	0.290466	0.300471	0.289034	0.307121	0.288978	0.284469	0.289276	0.286426	0.284776	0.291145	0.292733	0.294055	0.294552	0.289814	0.289044	0.251067	0.287645	0.284094	0.287916	0.290747	0.284510	0.291196	0.316401	0.293090	0.287813	0.292142	0.285268	0.281611	0.291075	0.286974	0.282043	0.290837	0.288940	0.287141	0.290374	0.288415	0.295299	0.288203	0.284454	0.320080	0.284090	0.290409	0.291815	0.293674	0.288913	0.287109	0.293524	0.285438	0.284535	0.283301	0.284995	0.283893	0.284140	0.286103	
0.297992	0.280889	0.282587	0.296197	0.283073	0.306976	0.291598	0.322252	0.322003	0.284867	0.323358	0.308453	0.306793	0.316311	0.320657	0.291598	0.284938	0.290412	0.286580	0.325709	0.325654	0.325024	0.281355	0.288496	0.000000	0.314284	0.313630	0.261395	0.318187	0.298644	0.323854	0.324498	0.321792	0.319432	0.307361	0.322205	0.315017	0.288098	0.278870	0.266241	0.280216	0.279648	0.275815	0.280851	0.282536	0.263847	0.282070	0.286121	0.282346	0.282763	0.284093	0.280705	0.278355	0.287344	0.286705	0.303485	0.282914	0.279803	0.279557	0.280114	0.283141	0.276744	0.278102	0.282938	0.282136	0.276323	0.287953	0.283820	0.280682	0.282141	0.279624	0.282080	0.278722	0.277584	0.320723	0.283167	0.278370	0.279573	0.280553	0.284426	0.278820	0.276114	0.281397	0.278904	0.279127	0.285547	0.289296	0.288133	0.285118	0.277830	0.273475	0.324566	0.279724	0.282256	0.282025	0.283617	0.278682	0.279853	0.282070	0.279050	0.282066	0.278282	0.278470	0.275062	0.280036	0.281136	
0.286497	0.310684	0.310310	0.283723	0.308154	0.268846	0.314886	0.256350	0.257151	0.307779	0.258360	0.289348	0.275102	0.268496	0.265553	0.311459	0.315541	0.325747	0.324542	0.254346	0.253374	0.256314	0.292628	0.306743	0.314284	0.000000	0.268446	0.306896	0.236136	0.276748	0.255249	0.258159	0.252879	0.257407	0.264151	0.253993	0.258003	0.297582	0.322631	0.320233	0.313348	0.322346	0.325591	0.299981	0.319362	0.312678	0.318172	0.310511	0.316380	0.322502	0.317380	0.314770	0.320992	0.317817	0.322198	0.287488	0.293700	0.310005	0.323653	0.322272	0.307970	0.326005	0.311999	0.318992	0.324861	0.320724	0.311765	0.313343	0.325515	0.313163	0.321352	0.311929	0.309607	0.309540	0.265984	0.314907	0.313543	0.323485	0.311704	0.310636	0.310040	0.306811	0.311266	0.322598	0.319155	0.306505	0.310727	0.313664	0.321209	0.309753	0.303915	0.259431	0.305981	0.307025	0.311608	0.322472	0.318539	0.309026	0.314513	0.310131	0.308816	0.306520	0.311586	0.303959	0.307248	0.315228	
0.286214	0.310183	0.306462	0.281778	0.301361	0.279653	0.306380	0.277861	0.272592	0.307443	0.272777	0.290941	0.284253	0.277659	0.274026	0.308322	0.306739	0.313880	0.309139	0.270594	0.268796	0.268782	0.307138	0.296024	0.313630	0.268446	0.000000	0.302961	0.272284	0.253612	0.270549	0.272006	0.271897	0.271738	0.269727	0.267602	0.261547	0.297221	0.314591	0.313269	0.312777	0.309290	0.315103	0.300028	0.304796	0.307044	0.315816	0.311241	0.315631	0.313833	0.310147	0.306509	0.317136	0.314745	0.315866	0.280809	0.294866	0.308137	0.316589	0.319952	0.309557	0.321289	0.310472	0.319398	0.320725	0.316283	0.309918	0.307863	0.319092	0.312189	0.316309	0.309333	0.306556	0.308015	0.278785	0.311245	0.312795	0.318808	0.305766	0.309178	0.309452	0.306208	0.308947	0.313793	0.313895	0.312075	0.315333	0.309957	0.314349	0.311867	0.306190	0.273272	0.302076	0.306699	0.310506	0.320668	0.311708	0.312573	0.311706	0.307996	0.307765	0.303379	0.302255	0.303668	0.307110	0.309240	
0.289035	0.278317	0.269945	0.285356	0.265945	0.291880	0.270142	0.314119	0.310509	0.262746	0.312656	0.293816	0.293544	0.300338	0.310472	0.272439	0.265522	0.282507	0.282474	0.312285	0.309401	0.314108	0.274357	0.265144	0.261395	0.306896	0.302961	0.000000	0.307162	0.282825	0.309100	0.308673	0.313853	0.312036	0.302918	0.310366	0.305012	0.280327	0.286085	0.277724	0.280561	0.283012	0.274480	0.273328	0.280462	0.267123	0.283730	0.282889	0.280632	0.285652	0.286652	0.282818	0.284901	0.289920	0.290627	0.298566	0.278753	0.275052	0.283722	0.287264	0.275691	0.286340	0.276671	0.284320	0.286111	0.285014	0.280296	0.265932	0.289665	0.283071	0.281703	0.275276	0.274437	0.281264	0.305970	0.278732	0.278588	0.283508	0.274643	0.275904	0.276872	0.269238	0.272593	0.282496	0.277010	0.273930	0.279510	0.276560	0.289255	0.274976	0.272624	0.316423	0.271892	0.275872	0.278845	0.285584	0.284569	0.275868	0.285896	0.277620	0.274248	0.275884	0.272827	0.274313	0.270331	0.275123	
0.284073	0.310947	0.313336	0.286998	0.313341	0.267682	0.317188	0.254482	0.252815	0.314597	0.256060	0.285786	0.278535	0.271677	0.262541	0.317048	0.311957	0.318916	0.318035	0.248370	0.248665	0.254065	0.303778	0.310616	0.318187	0.236136	0.272284	0.307162	0.000000	0.272515	0.248356	0.252138	0.252576	0.251539	0.264516	0.250754	0.259491	0.298988	0.325900	0.321531	0.313759	0.318407	0.325401	0.298757	0.318529	0.311449	0.322492	0.315002	0.318400	0.324985	0.318741	0.316962	0.322111	0.315628	0.324097	0.282222	0.295564	0.317496	0.323972	0.324442	0.311831	0.322481	0.315707	0.320653	0.327988	0.324220	0.312482	0.315545	0.326135	0.320426	0.323161	0.316674	0.310477	0.308329	0.264602	0.314690	0.317198	0.328198	0.313172	0.317776	0.316825	0.308211	0.311775	0.321969	0.322139	0.310521	0.315866	0.316239	0.323222	0.315391	0.310403	0.257163	0.304204	0.311052	0.312512	0.324883	0.318780	0.314108	0.310979	0.315321	0.310800	0.315240	0.310120	0.306732	0.311169	0.316623	
0.279974	0.294874	0.294187	0.280462	0.294654	0.280882	0.293344	0.284233	0.278410	0.286455	0.278429	0.281666	0.280026	0.280390	0.280505	0.286994	0.286219	0.298568	0.296899	0.275426	0.276497	0.273457	0.297823	0.268631	0.298644	0.276748	0.253612	0.282825	0.272515	0.000000	0.276601	0.282780	0.275725	0.275422	0.279312	0.275046	0.278745	0.294302	0.295377	0.302820	0.298588	0.289344	0.297830	0.292639	0.287197	0.296107	0.303168	0.299263	0.293379	0.292068	0.296584	0.294105	0.298482	0.292435	0.299969	0.287629	0.288413	0.300138	0.299110	0.300915	0.293434	0.307716	0.300290	0.301134	0.302382	0.304582	0.300689	0.289260	0.306715	0.300760	0.302034	0.301946	0.293945	0.300804	0.286976	0.297196	0.298722	0.304156	0.298493	0.302879	0.297453	0.294683	0.297011	0.302681	0.297232	0.297265	0.300225	0.297955	0.302181	0.298640	0.295218	0.280673	0.289953	0.298422	0.295321	0.307156	0.294438	0.299755	0.296808	0.294369	0.299257	0.291641	0.295455	0.298231	0.294018	0.299052	
0.282366	0.322099	0.315733	0.288027	0.313419	0.268146	0.319517	0.251269	0.247138	0.314468	0.255876	0.288030	0.274687	0.264359	0.262206	0.319639	0.315327	0.323203	0.322544	0.244962	0.247892	0.245059	0.313823	0.317741	0.323854	0.255249	0.270549	0.309100	0.248356	0.276601	0.000000	0.250723	0.250342	0.250945	0.265037	0.247062	0.258687	0.306834	0.331621	0.329849	0.324992	0.330773	0.331269	0.311002	0.325808	0.319422	0.324069	0.316902	0.317894	0.324614	0.327929	0.319282	0.329591	0.321464	0.328913	0.280990	0.300541	0.320681	0.330823	0.330828	0.314068	0.336783	0.318009	0.329826	0.334382	0.327113	0.305281	0.316698	0.332980	0.320775	0.331724	0.316802	0.315409	0.319140	0.262343	0.325073	0.319511	0.334630	0.316477	0.318127	0.315885	0.316288	0.315871	0.330006	0.324548	0.313074	0.319522	0.326024	0.328780	0.319906	0.312230	0.255907	0.308446	0.318485	0.318013	0.331229	0.322226	0.316149	0.319886	0.317152	0.313365	0.315421	0.314353	0.314870	0.315055	0.316601	
0.285501	0.319144	0.319120	0.288560	0.314241	0.271333	0.321208	0.248227	0.253174	0.314789	0.252730	0.295790	0.275840	0.266072	0.265792	0.316293	0.316331	0.324101	0.326438	0.246023	0.245884	0.253741	0.313348	0.316108	0.324498	0.258159	0.272006	0.308673	0.252138	0.282780	0.250723	0.000000	0.253675	0.250772	0.266384	0.251409	0.258946	0.305162	0.330694	0.325183	0.318968	0.326960	0.327610	0.311845	0.323669	0.318467	0.326300	0.298170	0.320031	0.329529	0.319436	0.321430	0.326973	0.319518	0.327067	0.287471	0.302907	0.319590	0.328601	0.328079	0.313098	0.328369	0.321496	0.323230	0.332560	0.327959	0.317797	0.314657	0.332381	0.322280	0.328819	0.322980	0.316901	0.319204	0.266358	0.320900	0.323282	0.329231	0.316404	0.316693	0.318959	0.313513	0.313872	0.328149	0.326357	0.317703	0.320513	0.320111	0.328641	0.321090	0.318652	0.258985	0.305270	0.314993	0.319555	0.329073	0.323825	0.316164	0.318048	0.322293	0.315009	0.318821	0.316033	0.313910	0.313966	0.322055	
0.286930	0.320129	0.315253	0.293026	0.314535	0.267976	0.317941	0.249284	0.249629	0.316509	0.253339	0.289609	0.277067	0.266013	0.258987	0.320379	0.319997	0.326031	0.325314	0.247026	0.231944	0.247935	0.315058	0.312950	0.321792	0.252879	0.271897	0.313853	0.252576	0.275725	0.250342	0.253675	0.000000	0.246072	0.265178	0.229039	0.255094	0.303716	0.330899	0.325104	0.323808	0.327948	0.329847	0.314896	0.330184	0.317489	0.328241	0.320730	0.321643	0.325816	0.320537	0.321690	0.322842	0.317717	0.329121	0.229331	0.299931	0.318654	0.329235	0.327985	0.319214	0.333713	0.320156	0.328989	0.335545	0.327792	0.318270	0.318385	0.333181	0.317613	0.329686	0.320851	0.319834	0.316661	0.264110	0.320493	0.324168	0.330551	0.315850	0.321646	0.318564	0.314409	0.320130	0.327591	0.327236	0.312409	0.318622	0.318703	0.323490	0.316655	0.310971	0.250852	0.312284	0.319259	0.316819	0.329077	0.325166	0.317004	0.325841	0.319010	0.312305	0.315791	0.316521	0.316743	0.316223	0.319027	
0.288416	0.327014	0.316059	0.291012	0.320351	0.264286	0.323035	0.247901	0.247087	0.316626	0.252480	0.292805	0.276806	0.264270	0.260676	0.324206	0.316759	0.328450	0.326572	0.245051	0.241701	0.240315	0.312433	0.316566	0.319432	0.257407	0.271738	0.312036	0.251539	0.275422	0.250945	0.250772	0.246072	0.000000	0.266795	0.249400	0.250223	0.299848	0.332854	0.324950	0.323968	0.327579	0.330380	0.312881	0.324866	0.318743	0.326901	0.319613	0.322259	0.324927	0.317822	0.319655	0.327971	0.316275	0.324936	0.281820	0.280505	0.317712	0.331185	0.327351	0.315841	0.332588	0.316180	0.328845	0.333382	0.323875	0.319149	0.319249	0.332288	0.320954	0.329682	0.318954	0.316623	0.317837	0.269540	0.322033	0.317340	0.333750	0.318902	0.321274	0.317973	0.315827	0.319676	0.329513	0.324931	0.317064	0.318016	0.318470	0.329918	0.317340	0.314811	0.258041	0.309720	0.316192	0.316102	0.328369	0.322117	0.317784	0.328306	0.318649	0.315679	0.320428	0.316895	0.314206	0.316635	0.321731	
0.287336	0.305341	0.306396	0.281908	0.299857	0.275593	0.311671	0.267898	0.264664	0.307212	0.266509	0.288926	0.277666	0.272353	0.274705	0.313579	0.304029	0.314657	0.314387	0.218476	0.262027	0.267226	0.303635	0.308684	0.307361	0.264151	0.269727	0.302918	0.264516	0.279312	0.265037	0.266384	0.265178	0.266795	0.000000	0.259404	0.260272	0.275377	0.315340	0.312860	0.311105	0.317214	0.316996	0.301119	0.315800	0.303435	0.311525	0.308683	0.312024	0.312122	0.316729	0.299411	0.315644	0.316430	0.307252	0.279239	0.296511	0.304820	0.316585	0.312736	0.302135	0.318054	0.309852	0.314671	0.317952	0.316300	0.307357	0.311300	0.319288	0.309120	0.316825	0.312005	0.304225	0.305392	0.278765	0.310776	0.310574	0.321401	0.301301	0.303747	0.303472	0.306341	0.308747	0.314242	0.312924	0.307547	0.312069	0.307899	0.313147	0.305416	0.308365	0.272326	0.298911	0.303026	0.310269	0.316479	0.311544	0.306475	0.309985	0.308106	0.305835	0.303576	0.302525	0.301536	0.303622	0.308375	
0.283954	0.321405	0.315120	0.286471	0.314545	0.268746	0.315810	0.250389	0.245035	0.311065	0.250981	0.288331	0.269354	0.263365	0.255521	0.320902	0.314208	0.327505	0.325975	0.246973	0.210297	0.250416	0.312266	0.314224	0.322205	0.253993	0.267602	0.310366	0.250754	0.275046	0.247062	0.251409	0.229039	0.249400	0.259404	0.000000	0.257616	0.298764	0.330394	0.325371	0.321272	0.327698	0.325694	0.311413	0.326634	0.315072	0.323739	0.317263	0.319154	0.324888	0.318879	0.320263	0.321727	0.324094	0.325120	0.256192	0.298912	0.317077	0.327512	0.327952	0.312958	0.331266	0.316808	0.324374	0.332758	0.325564	0.314238	0.318342	0.329637	0.315735	0.328616	0.317793	0.315319	0.317404	0.266148	0.321650	0.322204	0.330455	0.312856	0.313292	0.313421	0.309192	0.315077	0.324744	0.323153	0.318151	0.319383	0.312298	0.324422	0.315247	0.308361	0.257489	0.309884	0.313001	0.317887	0.326937	0.323179	0.314971	0.322127	0.316701	0.312445	0.314442	0.317882	0.311177	0.313266	0.323057	
0.286753	0.317295	0.312588	0.277286	0.310764	0.272908	0.315157	0.266855	0.260267	0.310576	0.262683	0.289478	0.279116	0.267187	0.267602	0.315235	0.310793	0.316185	0.317933	0.257410	0.251556	0.238092	0.305728	0.311246	0.315017	0.258003	0.261547	0.305012	0.259491	0.278745	0.258687	0.258946	0.255094	0.250223	0.260272	0.257616	0.000000	0.299890	0.323532	0.316432	0.318154	0.317910	0.320162	0.306709	0.321176	0.309197	0.319434	0.312194	0.316509	0.319785	0.314171	0.309542	0.320665	0.311933	0.320368	0.280209	0.291723	0.313824	0.321042	0.318029	0.308975	0.325824	0.312456	0.321774	0.323959	0.322613	0.312579	0.311248	0.323716	0.314442	0.322224	0.313427	0.309204	0.308900	0.269383	0.310503	0.313489	0.321299	0.309962	0.309249	0.309397	0.306477	0.309079	0.320695	0.319750	0.308883	0.316284	0.312984	0.317135	0.312274	0.308274	0.261146	0.303287	0.311812	0.313603	0.321016	0.315837	0.309632	0.317527	0.308205	0.308314	0.306671	0.304716	0.308321	0.308988	0.312872	
0.293885	0.291361	0.290977	0.290562	0.287037	0.295010	0.293738	0.306992	0.304050	0.290866	0.305721	0.301318	0.298536	0.297465	0.304197	0.300117	0.293584	0.299251	0.293452	0.285382	0.305697	0.306153	0.281653	0.294346	0.288098	0.297582	0.297221	0.280327	0.298988	0.294302	0.306834	0.305162	0.303716	0.299848	0.275377	0.298764	0.299890	0.000000	0.288882	0.285251	0.288201	0.295309	0.287806	0.280223	0.290366	0.280714	0.292391	0.290591	0.291405	0.290192	0.289373	0.283321	0.289796	0.291558	0.257712	0.295242	0.279508	0.282102	0.288034	0.290802	0.287103	0.294232	0.287092	0.292859	0.289840	0.290620	0.287263	0.289124	0.293600	0.286472	0.290120	0.290393	0.283220	0.284773	0.302770	0.290678	0.291913	0.295614	0.285565	0.287820	0.283891	0.287839	0.285823	0.293384	0.283118	0.289972	0.291249	0.286291	0.295693	0.284796	0.287192	0.307827	0.284209	0.285629	0.295480	0.295115	0.292015	0.290051	0.294271	0.284149	0.285874	0.285145	0.282146	0.288001	0.283482	0.282225	
0.303278	0.285676	0.290609	0.305801	0.293639	0.316557	0.296953	0.333601	0.328042	0.292075	0.332101	0.310655	0.321178	0.325335	0.328152	0.301428	0.295157	0.285310	0.276074	0.331034	0.333874	0.328250	0.294618	0.283765	0.278870	0.322631	0.314591	0.286085	0.325900	0.295377	0.331621	0.330694	0.330899	0.332854	0.315340	0.330394	0.323532	0.288882	0.000000	0.267067	0.269695	0.268502	0.268630	0.289293	0.269840	0.270489	0.267908	0.297131	0.280581	0.272115	0.274526	0.278356	0.271741	0.276988	0.271875	0.316014	0.295237	0.287626	0.268158	0.270405	0.289894	0.271515	0.295185	0.272960	0.269287	0.270317	0.289534	0.284535	0.270171	0.293725	0.271139	0.287907	0.294082	0.290421	0.332350	0.295614	0.292342	0.277286	0.297771	0.294602	0.288130	0.289918	0.294781	0.269682	0.279289	0.299804	0.297245	0.295012	0.281252	0.291350	0.290873	0.333562	0.294589	0.291485	0.300262	0.275163	0.274696	0.298608	0.279423	0.292026	0.289148	0.289272	0.289049	0.291158	0.286958	0.292798	
0.291182	0.280414	0.285510	0.296820	0.284835	0.312763	0.291092	0.328213	0.320549	0.291600	0.325261	0.305368	0.311776	0.321264	0.322973	0.292285	0.286613	0.277890	0.278094	0.325651	0.327747	0.324077	0.282824	0.283714	0.266241	0.320233	0.313269	0.277724	0.321531	0.302820	0.329849	0.325183	0.325104	0.324950	0.312860	0.325371	0.316432	0.285251	0.267067	0.000000	0.262618	0.265137	0.263230	0.282711	0.270373	0.268242	0.265608	0.290115	0.274564	0.268849	0.274430	0.273748	0.264103	0.268606	0.268861	0.311597	0.286584	0.279958	0.263130	0.262134	0.287825	0.260079	0.283109	0.267207	0.266002	0.262273	0.289437	0.282058	0.265478	0.283055	0.263252	0.288514	0.281515	0.279723	0.322955	0.285815	0.286855	0.271107	0.284442	0.285856	0.279130	0.286812	0.285777	0.265423	0.275164	0.290617	0.291547	0.288371	0.272838	0.282668	0.281290	0.326284	0.282144	0.284668	0.288992	0.263591	0.266217	0.289570	0.272740	0.286229	0.288308	0.281525	0.287317	0.284975	0.281698	0.288224	
0.301613	0.289179	0.286408	0.297179	0.285665	0.310563	0.295556	0.329139	0.321774	0.291509	0.324252	0.308032	0.314009	0.319280	0.320073	0.298071	0.293158	0.284512	0.281920	0.327264	0.327061	0.325828	0.279829	0.288036	0.280216	0.313348	0.312777	0.280561	0.313759	0.298588	0.324992	0.318968	0.323808	0.323968	0.311105	0.321272	0.318154	0.288201	0.269695	0.262618	0.000000	0.271630	0.272750	0.278054	0.273788	0.275782	0.267204	0.290689	0.281794	0.273541	0.275557	0.278132	0.269911	0.271676	0.272548	0.308355	0.291672	0.288148	0.270019	0.269769	0.290097	0.267582	0.287675	0.265097	0.269076	0.267845	0.291121	0.287160	0.269586	0.289204	0.269117	0.288237	0.284904	0.286947	0.324001	0.292610	0.288788	0.279418	0.294342	0.293812	0.291645	0.284835	0.289325	0.270273	0.284420	0.293323	0.292229	0.293500	0.275555	0.287187	0.287787	0.325323	0.286357	0.290441	0.293488	0.269029	0.271496	0.293197	0.276722	0.291531	0.290021	0.287842	0.289622	0.287620	0.287777	0.290366	
