1.017796	-0.011317	0.003346	0.055449	-0.029078	0.032313	0.036424	0.052271	0.054585	-0.017230	0.040687	0.039799	0.032173	0.045068	0.038593	-0.002219	-0.003500	-0.020292	-0.048964	0.031098	0.051130	0.037605	-0.024601	-0.025440	-0.034996	0.031022	0.024565	-0.025103	0.040698	0.029675	0.056191	0.051663	0.041197	0.040385	0.023156	0.047936	0.023627	-0.021338	-0.035417	-0.024583	-0.042767	-0.030468	-0.058192	-0.028844	-0.029796	-0.029356	-0.029426	0.003202	-0.022593	-0.031794	-0.040338	-0.018575	-0.039297	-0.035286	-0.034428	0.000700	-0.008401	-0.019336	-0.040750	-0.041679	-0.033002	-0.033849	-0.028763	-0.015186	-0.048555	-0.031516	-0.014050	-0.021756	-0.049012	-0.022933	-0.042328	-0.041078	-0.029158	-0.014952	0.038642	-0.015042	-0.033626	-0.032902	-0.017825	-0.024308	-0.017343	-0.029967	-0.034557	-0.042539	-0.034985	-0.028678	-0.018118	-0.030101	-0.043069	-0.036003	-0.035076	0.038153	-0.031317	-0.018231	-0.018215	-0.048283	-0.023687	-0.032009	-0.031066	-0.029265	-0.026161	0.030548	-0.018015	-0.043339	0.012178	-0.031105	
-0.011317	1.001811	0.046738	-0.010105	0.098651	-0.053779	0.041384	-0.047757	-0.049175	0.028553	-0.043618	-0.030289	-0.007137	-0.038158	-0.050755	0.049611	0.050261	-0.001384	0.014080	-0.063499	-0.069401	-0.064429	-0.018195	0.044723	0.005691	-0.050154	-0.042724	0.004420	-0.042736	-0.034323	-0.062656	-0.058873	-0.059166	-0.077124	-0.038809	-0.071834	-0.065518	-0.014702	0.008028	0.000416	-0.015310	0.014207	-0.007591	0.002576	-0.001279	-0.024774	-0.002575	0.000954	0.015421	0.003619	-0.009398	-0.007338	-0.007633	-0.000847	-0.003675	-0.031209	-0.013255	-0.012653	-0.009751	-0.013184	0.003334	-0.006781	-0.004489	0.012061	-0.008293	0.010248	0.017532	0.023724	-0.013903	-0.004875	-0.005198	-0.020512	-0.000024	0.004547	-0.048911	-0.006191	-0.014286	-0.006537	0.015608	-0.011251	-0.013205	-0.010007	0.005059	-0.012086	-0.020950	0.002770	0.001713	0.003923	-0.016318	-0.005950	-0.014512	-0.039922	-0.006753	-0.004979	-0.009499	-0.014465	-0.007753	-0.020070	-0.022865	0.027641	-0.018258	-0.000798	0.053861	-0.004495	-0.001802	0.046364	
0.003346	0.046738	0.967298	0.003946	0.037167	0.001874	0.052001	-0.047251	-0.054009	0.055741	-0.033622	-0.016240	-0.006134	-0.037744	-0.039094	0.049758	0.045656	0.007522	0.038540	-0.067036	-0.059265	-0.058950	0.000190	0.051964	0.002078	-0.051189	-0.038380	0.022656	-0.046852	-0.028006	-0.052538	-0.059227	-0.049712	-0.054132	-0.045003	-0.055662	-0.046901	-0.014489	-0.008024	-0.008430	-0.004226	0.003400	-0.018852	-0.002821	-0.001914	0.004910	-0.011308	-0.016131	-0.001256	-0.003587	-0.017815	-0.006549	-0.009420	-0.017460	-0.006220	-0.030640	-0.019561	-0.010334	-0.017068	-0.018148	-0.003762	-0.009821	0.006593	-0.018113	-0.015480	-0.013384	0.002392	0.048217	-0.022306	0.002455	-0.011086	-0.005563	-0.012358	-0.016864	-0.048833	-0.004423	-0.002066	0.001297	-0.011583	-0.004064	-0.003653	-0.008724	-0.003419	-0.017153	-0.017827	-0.016968	-0.012399	-0.011183	-0.011351	-0.002620	0.003115	-0.051695	0.030993	-0.004474	-0.015003	-0.002243	-0.014721	-0.017455	-0.012099	-0.005664	0.037154	-0.013552	-0.006788	0.030958	-0.004059	-0.007717	
0.055449	-0.010105	0.003946	0.975614	-0.007425	0.039678	0.135345	0.025503	0.043095	0.003787	0.039574	0.026401	0.034660	0.023978	0.033066	0.009991	-0.002566	-0.026550	-0.020823	0.034407	0.032177	0.023353	-0.023039	-0.000893	-0.035767	0.036057	0.043559	-0.018020	0.025530	0.020649	0.036360	0.033402	0.018152	0.033449	0.032056	0.036638	0.056396	-0.016245	-0.046760	-0.039312	-0.035683	-0.041823	-0.034192	-0.017373	-0.023526	-0.032123	-0.039452	-0.019794	-0.018936	-0.035619	-0.028330	-0.035893	-0.054164	-0.036233	-0.024814	-0.012014	0.002541	-0.024560	-0.038940	-0.042421	-0.030536	-0.044593	-0.031204	-0.037947	-0.036243	-0.046525	-0.021755	0.001387	-0.039074	-0.014617	-0.039860	-0.032514	-0.027469	-0.022388	0.020308	-0.009526	-0.025748	-0.040734	-0.014709	-0.027023	-0.032694	-0.025936	-0.023234	-0.039393	-0.040058	-0.026182	-0.021115	-0.019461	-0.051451	-0.030913	-0.027331	0.032595	-0.021480	-0.028693	-0.026020	-0.048489	-0.035671	-0.027534	-0.020582	-0.026758	-0.033342	0.013275	-0.015642	-0.030212	0.025888	-0.030520	
-0.029078	0.098651	0.037167	-0.007425	0.927174	-0.047951	0.042303	-0.050953	-0.069661	0.045122	-0.054847	-0.025157	-0.018417	-0.042717	-0.057389	0.037662	0.035003	-0.005668	-0.006995	-0.065172	-0.065351	-0.063662	-0.005470	0.042747	-0.008068	-0.051183	-0.033999	0.019973	-0.063183	-0.033938	-0.058839	-0.056618	-0.065122	-0.076398	-0.029964	-0.062967	-0.057456	-0.017613	-0.023679	-0.017412	-0.020412	-0.015576	-0.014610	0.005321	-0.000564	-0.011279	-0.015249	0.001189	0.011936	-0.000529	-0.014362	-0.020193	-0.021322	-0.025036	-0.011072	-0.029164	-0.007899	0.020413	-0.010624	-0.032353	0.001550	-0.018669	-0.004038	-0.010761	-0.009627	-0.024320	0.015921	0.051932	-0.014353	0.008090	-0.015785	0.000767	0.004418	0.002076	-0.033700	-0.016489	-0.007071	-0.004558	-0.003531	0.011959	-0.000371	-0.004074	0.016841	-0.010812	0.000056	0.001406	0.010247	0.010490	-0.016030	0.007261	-0.010199	-0.052274	0.004353	-0.002346	0.001559	-0.005817	-0.018376	-0.001767	-0.019911	0.144340	-0.011517	0.001559	0.086700	0.003803	-0.001551	0.067369	
0.032313	-0.053779	0.001874	0.039678	-0.047951	1.030653	-0.042275	0.114100	0.125875	-0.051304	0.125087	0.048112	0.065192	0.081813	0.100065	-0.043416	-0.043379	-0.043750	-0.029915	0.115374	0.129604	0.123733	-0.037390	-0.043981	-0.050061	0.095186	0.056834	-0.028332	0.103326	0.035738	0.110175	0.099966	0.110286	0.126998	0.057001	0.108369	0.079185	-0.012617	-0.062786	-0.071501	-0.055765	-0.071644	-0.064960	-0.041829	-0.061918	-0.043020	-0.056258	-0.033714	-0.047316	-0.054708	-0.043170	-0.042731	-0.061857	-0.046415	-0.058425	0.024294	-0.005801	-0.045249	-0.064877	-0.064237	-0.033457	-0.079734	-0.041918	-0.063559	-0.060773	-0.060039	-0.011559	-0.050555	-0.060442	-0.037719	-0.073573	-0.041392	-0.033412	-0.032778	0.056543	-0.037972	-0.046128	-0.063351	-0.033553	-0.041510	-0.036665	-0.033468	-0.032769	-0.054782	-0.042582	-0.036386	-0.034854	-0.038621	-0.053702	-0.030711	-0.031506	0.076900	0.002130	-0.038049	-0.037522	-0.058957	-0.049212	-0.033541	-0.056485	-0.036015	0.087664	-0.047517	-0.034044	-0.020323	-0.036804	-0.037057	
0.036424	0.041384	0.052001	0.135345	0.042303	-0.042275	0.995754	-0.057433	-0.048739	0.095262	-0.054338	-0.032606	0.009342	-0.021513	-0.046731	0.096766	0.098155	0.015664	0.012415	-0.055802	-0.052501	-0.055932	-0.003995	0.091435	-0.015144	-0.052389	-0.029954	0.032637	-0.057382	-0.018626	-0.052593	-0.060344	-0.050044	-0.066726	-0.047248	-0.050658	-0.054136	-0.017268	-0.019482	-0.016774	-0.023551	-0.008499	-0.024552	-0.012003	0.010630	-0.007390	-0.022434	-0.029459	-0.013372	0.001695	-0.020407	-0.014482	-0.021194	-0.033604	-0.018876	-0.036633	-0.016611	-0.014806	-0.012963	-0.013877	-0.005690	-0.013230	-0.007789	-0.027001	-0.017079	-0.023340	-0.020178	0.077668	-0.019774	-0.010921	-0.005341	0.002351	-0.003306	-0.009595	-0.044985	0.003633	-0.005558	-0.021452	0.002932	-0.001167	-0.017894	-0.005063	-0.005475	-0.018650	-0.013904	-0.014511	-0.022950	-0.008052	-0.022147	-0.005023	-0.000053	-0.054157	-0.018982	-0.006962	-0.017644	-0.006305	-0.022947	-0.008421	-0.017450	0.006344	-0.016824	0.027738	-0.003831	-0.011925	0.024690	0.000174	
0.052271	-0.047757	-0.047251	0.025503	-0.050953	0.114100	-0.057433	1.121079	0.201768	-0.042561	0.200874	0.066093	0.110525	0.141123	0.175484	-0.058454	-0.050299	-0.073071	-0.069478	0.209879	0.210755	0.196818	-0.048709	-0.066903	-0.066758	0.167090	0.100367	-0.053713	0.176479	0.060408	0.200448	0.212671	0.209693	0.210937	0.114021	0.192609	0.132959	-0.019183	-0.085505	-0.088816	-0.077896	-0.085863	-0.089723	-0.051748	-0.088118	-0.071075	-0.066584	-0.041340	-0.067330	-0.078181	-0.053836	-0.065704	-0.081215	-0.059921	-0.082670	0.073870	-0.017501	-0.058456	-0.089302	-0.091101	-0.056489	-0.099658	-0.060041	-0.067200	-0.101545	-0.086288	-0.054547	-0.064448	-0.089891	-0.067560	-0.087296	-0.055223	-0.057782	-0.064920	0.136615	-0.056900	-0.065624	-0.074570	-0.066932	-0.062792	-0.057742	-0.061217	-0.051073	-0.088195	-0.073710	-0.034442	-0.048819	-0.052443	-0.070155	-0.065752	-0.049670	0.180366	-0.046273	-0.057566	-0.013973	-0.085851	-0.070027	-0.046817	-0.060951	-0.062955	-0.054395	-0.061815	-0.054536	-0.057522	-0.049076	-0.063685	
0.054585	-0.049175	-0.054009	0.043095	-0.069661	0.125875	-0.048739	0.201768	1.099954	-0.053630	0.192016	0.056970	0.098209	0.144243	0.171607	-0.054515	-0.056052	-0.061754	-0.081242	0.186983	0.208285	0.185900	-0.055249	-0.059605	-0.074178	0.154318	0.106719	-0.056330	0.164047	0.068075	0.195228	0.180728	0.185998	0.204265	0.114090	0.194827	0.147585	-0.015471	-0.078443	-0.074391	-0.067942	-0.075388	-0.095789	-0.053355	-0.083129	-0.070754	-0.066705	-0.041744	-0.053898	-0.085878	-0.058221	-0.058833	-0.075139	-0.048823	-0.070223	0.065333	-0.012369	-0.059410	-0.081426	-0.074000	-0.059803	-0.085613	-0.047788	-0.064630	-0.083043	-0.071374	-0.058983	-0.067112	-0.076276	-0.061111	-0.094348	-0.066371	-0.055439	-0.049669	0.133640	-0.058015	-0.056581	-0.085726	-0.051777	-0.056099	-0.055626	-0.054244	-0.068710	-0.080964	-0.072829	-0.059766	-0.066939	-0.061489	-0.061133	-0.054803	-0.058486	0.165896	-0.038771	-0.053203	-0.052821	-0.067270	-0.056432	-0.057438	-0.042770	-0.064074	-0.064168	-0.057219	-0.059235	-0.049023	-0.058739	-0.061137	
-0.017230	0.028553	0.055741	0.003787	0.045122	-0.051304	0.095262	-0.042561	-0.053630	0.977213	-0.056972	-0.021351	0.000160	0.017824	-0.038233	0.076768	0.148465	0.009579	0.023094	-0.049707	-0.053795	-0.051966	-0.009196	0.088980	0.002503	-0.034934	-0.033505	0.053104	-0.054935	0.003705	-0.042227	-0.045875	-0.047095	-0.050892	-0.038077	-0.041703	-0.044848	-0.018280	-0.009235	-0.025261	-0.013692	-0.015358	-0.022315	-0.008419	0.015848	-0.005497	-0.023294	-0.021273	0.000789	-0.003579	-0.008082	-0.025107	-0.016211	-0.024640	-0.013457	-0.029929	-0.022168	-0.005531	-0.015897	-0.010772	-0.005440	-0.010370	-0.014257	-0.021361	-0.003278	-0.013089	-0.000467	0.088371	-0.025372	-0.012781	-0.007164	-0.005071	-0.007592	-0.019885	-0.047108	-0.019808	-0.013958	-0.010077	-0.004838	-0.015301	-0.008301	-0.012072	-0.014535	-0.016808	-0.009678	-0.020186	-0.026697	-0.012226	-0.016960	-0.009693	-0.023269	-0.041839	0.000266	-0.010991	-0.007210	-0.014655	-0.036151	-0.009499	-0.016887	-0.002003	-0.005984	-0.009042	0.004405	-0.017382	-0.014247	-0.002688	
0.040687	-0.043618	-0.033622	0.039574	-0.054847	0.125087	-0.054338	0.200874	0.192016	-0.056972	1.111795	0.051657	0.103742	0.134809	0.168861	-0.058227	-0.048471	-0.055555	-0.070366	0.180121	0.194213	0.198028	-0.058545	-0.058591	-0.073817	0.155426	0.108636	-0.055488	0.170794	0.056508	0.176559	0.192114	0.184553	0.195467	0.116175	0.186329	0.141347	-0.023297	-0.082175	-0.077936	-0.070556	-0.069786	-0.078140	-0.051599	-0.077142	-0.078399	-0.078200	-0.047583	-0.063921	-0.074008	-0.061171	-0.054112	-0.075807	-0.039823	-0.078020	0.056226	-0.014467	-0.062798	-0.089453	-0.084148	-0.056203	-0.081078	-0.044058	-0.075354	-0.083329	-0.073209	-0.044748	-0.065682	-0.075935	-0.069186	-0.086293	-0.065775	-0.054233	-0.051491	0.122491	-0.066148	-0.060941	-0.085306	-0.044771	-0.052513	-0.060422	-0.052744	-0.052538	-0.068259	-0.072495	-0.060529	-0.061479	-0.053790	-0.060383	-0.051296	-0.064625	0.165684	-0.048078	-0.034712	-0.042752	-0.075662	-0.029237	-0.060145	-0.060269	-0.065034	-0.055085	-0.063296	-0.065242	-0.044403	-0.057849	-0.070911	
0.039799	-0.030289	-0.016240	0.026401	-0.025157	0.048112	-0.032606	0.066093	0.056970	-0.021351	0.051657	1.096441	0.039811	0.046337	0.131727	-0.016117	-0.029709	0.122747	0.002697	0.028647	0.042634	0.052651	-0.037853	-0.028919	-0.042328	0.040291	0.035523	-0.015888	0.048318	0.044218	0.055461	0.042190	0.049777	0.051470	0.036214	0.058620	0.041054	-0.018372	-0.034541	-0.039951	-0.040499	-0.037346	-0.025898	-0.031115	-0.024471	-0.033129	-0.000698	-0.002352	-0.034988	-0.016843	-0.020264	-0.037005	-0.024485	-0.025194	-0.036920	0.012900	-0.034032	-0.035837	-0.038359	-0.036799	-0.046218	-0.044639	-0.065768	-0.037569	-0.046110	-0.042513	-0.010774	-0.029178	-0.038731	-0.045255	-0.032847	-0.045333	-0.040442	-0.033102	0.030381	-0.046368	-0.028029	-0.021735	-0.029065	-0.027347	-0.047993	-0.039075	-0.037611	-0.036105	-0.041314	-0.028463	-0.023291	-0.022413	-0.043754	-0.037103	-0.034272	0.050998	-0.033451	-0.022094	-0.022063	-0.037289	-0.016400	-0.036332	-0.024550	-0.033928	-0.029729	-0.051628	-0.023050	-0.045720	-0.048672	-0.050090	
0.032173	-0.007137	-0.006134	0.034660	-0.018417	0.065192	0.009342	0.110525	0.098209	0.000160	0.103742	0.039811	1.045027	0.072808	0.085188	0.165697	-0.000191	-0.038324	-0.048591	0.096937	0.106103	0.108267	-0.040640	-0.005294	-0.044730	0.076949	0.054960	-0.015331	0.072338	0.044151	0.099255	0.097536	0.085275	0.089628	0.063475	0.102825	0.071547	-0.018305	-0.068101	-0.062163	-0.058657	-0.053106	-0.066026	-0.040507	-0.042326	-0.052171	-0.058375	-0.033672	-0.011293	-0.050061	-0.050279	-0.050067	-0.060445	-0.037914	-0.055023	0.020466	-0.007281	-0.042409	-0.067352	-0.070675	-0.041438	-0.064401	-0.047895	-0.069538	-0.070030	-0.059241	-0.030078	-0.020702	-0.058315	-0.044670	-0.052396	-0.050621	-0.042979	-0.046602	0.047509	-0.040933	-0.041987	-0.042814	-0.035638	-0.024521	-0.036922	-0.043546	-0.040713	-0.062327	-0.049568	-0.036796	-0.047550	-0.037375	-0.061481	-0.044396	-0.048421	0.081334	-0.029679	-0.024851	-0.035867	-0.056441	-0.035146	-0.042606	-0.033815	-0.043354	-0.048849	-0.042439	-0.042614	-0.039350	-0.048509	-0.042265	
0.045068	-0.038158	-0.037744	0.023978	-0.042717	0.081813	-0.021513	0.141123	0.144243	0.017824	0.134809	0.046337	0.072808	1.065106	0.126488	-0.026753	0.079833	-0.044165	-0.056173	0.141139	0.133056	0.137744	-0.045546	-0.033094	-0.058830	0.111804	0.086979	-0.033200	0.105570	0.049488	0.136266	0.136087	0.131162	0.135668	0.092663	0.133628	0.113476	-0.009466	-0.078540	-0.079008	-0.065296	-0.058433	-0.075228	-0.050691	-0.054839	-0.053852	-0.069327	-0.042143	-0.054885	-0.067066	-0.053201	-0.052011	-0.065152	-0.047109	-0.051666	0.050775	-0.003692	-0.052659	-0.070304	-0.060033	-0.040379	-0.075272	-0.049751	-0.064572	-0.078618	-0.066832	-0.053822	-0.032321	-0.069002	-0.044033	-0.068368	-0.048452	-0.050111	-0.045341	0.080034	-0.053045	-0.063713	-0.063284	-0.051763	-0.050885	-0.047227	-0.048702	-0.064135	-0.064878	-0.062175	-0.042455	-0.049755	-0.041164	-0.052128	-0.047485	-0.031812	0.123993	-0.029046	-0.047838	-0.032427	-0.066504	-0.053472	-0.048870	-0.052107	-0.057396	-0.051502	-0.040522	-0.047746	-0.035962	-0.045264	-0.061557	
0.038593	-0.050755	-0.039094	0.033066	-0.057389	0.100065	-0.046731	0.175484	0.171607	-0.038233	0.168861	0.131727	0.085188	0.126488	1.096702	-0.047244	-0.045921	0.057371	-0.061816	0.171533	0.187162	0.156192	-0.060527	-0.054941	-0.063307	0.138304	0.108179	-0.052317	0.143352	0.060516	0.161881	0.147034	0.163703	0.165366	0.091213	0.166073	0.124281	-0.013622	-0.072887	-0.077167	-0.061935	-0.071741	-0.068787	-0.050618	-0.077601	-0.063579	-0.046179	-0.060204	-0.063549	-0.065293	-0.041536	-0.050995	-0.071638	-0.038565	-0.062868	0.051134	-0.008652	-0.062330	-0.076041	-0.070067	-0.064844	-0.079722	-0.068984	-0.071080	-0.084793	-0.081451	-0.056844	-0.064213	-0.062447	-0.062846	-0.067015	-0.056054	-0.060390	-0.057064	0.126091	-0.054188	-0.060427	-0.060885	-0.056630	-0.045964	-0.054297	-0.062884	-0.053361	-0.068042	-0.057859	-0.061273	-0.059586	-0.064756	-0.056212	-0.058028	-0.056927	0.157158	-0.038907	-0.047758	-0.056622	-0.064053	-0.054676	-0.055823	-0.055821	-0.061596	-0.046302	-0.066270	-0.054823	-0.052247	-0.063139	-0.073073	
-0.002219	0.049611	0.049758	0.009991	0.037662	-0.043416	0.096766	-0.058454	-0.054515	0.076768	-0.058227	-0.016117	0.165697	-0.026753	-0.047244	1.012063	0.096351	0.015843	0.016226	-0.056086	-0.066135	-0.054338	-0.012798	0.098434	-0.009844	-0.036922	-0.030373	0.040733	-0.045725	0.009530	-0.048113	-0.039979	-0.054140	-0.060633	-0.042501	-0.057419	-0.047267	-0.029806	-0.030226	-0.015663	-0.025053	-0.010770	-0.024469	-0.017727	0.008352	-0.026825	-0.014791	-0.015280	0.016468	-0.018848	-0.024435	-0.016792	-0.019626	-0.031074	-0.018360	-0.039125	-0.013090	-0.008171	-0.016938	-0.013133	-0.001809	-0.017537	0.004162	-0.027733	-0.018655	-0.028153	-0.017105	0.071096	-0.018000	-0.014945	-0.010706	-0.008017	-0.000351	-0.021590	-0.038867	-0.006209	-0.007722	-0.020472	-0.013340	-0.011256	0.007583	-0.012211	-0.005679	-0.020570	-0.007481	-0.007202	-0.012092	-0.017626	-0.012669	-0.009344	-0.011027	-0.048299	-0.013352	-0.010146	-0.011188	-0.013820	-0.030246	-0.002554	-0.017819	-0.009205	-0.010462	-0.003328	-0.000873	-0.007837	-0.004250	0.010493	
-0.003500	0.050261	0.045656	-0.002566	0.035003	-0.043379	0.098155	-0.050299	-0.056052	0.148465	-0.048471	-0.029709	-0.000191	0.079833	-0.045921	0.096351	0.984449	0.017281	0.018812	-0.059780	-0.047656	-0.051313	-0.012769	0.081845	-0.003526	-0.057149	-0.027513	0.033864	-0.045775	0.004255	-0.049871	-0.047638	-0.059496	-0.051581	-0.033494	-0.045684	-0.045317	-0.027095	-0.025299	-0.007700	-0.024500	-0.017962	-0.026791	-0.002421	0.005081	-0.016972	-0.020587	-0.021419	-0.004404	-0.028926	-0.030667	-0.019985	-0.017473	-0.036847	-0.019795	-0.040376	-0.015111	-0.002630	-0.019191	-0.016944	-0.004479	-0.020187	0.001108	-0.025864	-0.013463	-0.011709	-0.008506	0.096177	-0.025943	-0.015368	-0.005893	-0.013581	0.000772	-0.016253	-0.045602	-0.011816	-0.003225	-0.006853	-0.012212	-0.002285	-0.021708	-0.004481	-0.007851	-0.018218	-0.013829	-0.004984	-0.008704	0.000610	-0.024504	-0.004335	-0.012842	-0.047550	-0.003481	-0.018627	-0.013462	-0.003746	-0.024464	-0.003828	-0.009349	-0.006168	-0.008638	-0.013470	-0.017686	0.001189	-0.008533	-0.005599	
-0.020292	-0.001384	0.007522	-0.026550	-0.005668	-0.043750	0.015664	-0.073071	-0.061754	0.009579	-0.055555	0.122747	-0.038324	-0.044165	0.057371	0.015843	0.017281	1.022841	0.119820	-0.067957	-0.062654	-0.061421	-0.030914	0.014189	-0.001499	-0.070426	-0.039262	0.006249	-0.052331	-0.025634	-0.056603	-0.057368	-0.065280	-0.069931	-0.045088	-0.073154	-0.045607	-0.029630	0.018906	0.031318	0.023330	0.024581	0.027678	-0.027519	0.021292	-0.005737	0.059860	-0.034384	-0.003252	0.011599	0.022874	0.005603	0.035308	0.018572	0.026654	-0.055310	-0.031213	-0.009376	0.024965	0.032537	-0.020509	0.026722	-0.024996	0.035711	0.033436	0.029856	-0.033339	0.019667	0.020219	-0.035264	0.016774	-0.020770	-0.027508	-0.026127	-0.041808	-0.012530	-0.022336	0.023454	-0.018897	-0.015154	-0.029048	-0.018475	-0.031099	0.025107	-0.006651	-0.028920	-0.025537	-0.029620	0.010418	-0.027537	-0.028428	-0.056670	-0.014915	-0.019511	-0.035265	0.033913	0.009025	-0.031985	0.018024	-0.019229	-0.019033	-0.024477	-0.019286	-0.022990	-0.033040	-0.021435	
-0.048964	0.014080	0.038540	-0.020823	-0.006995	-0.029915	0.012415	-0.069478	-0.081242	0.023094	-0.070366	0.002697	-0.048591	-0.056173	-0.061816	0.016226	0.018812	0.119820	1.004144	-0.082331	-0.070846	-0.080474	-0.023891	0.023177	-0.000144	-0.077373	-0.039101	-0.004152	-0.062663	-0.028122	-0.063418	-0.075446	-0.071474	-0.076519	-0.059373	-0.076766	-0.062901	-0.020707	0.040630	0.019783	0.015238	0.017366	0.027919	-0.028394	0.026975	-0.005423	0.031926	-0.027857	0.015261	0.009791	0.035573	0.012425	0.033560	0.014520	0.020626	-0.044502	-0.016573	-0.012146	0.037527	0.033237	-0.005595	0.029887	-0.006743	0.013978	0.028280	0.024800	-0.006609	0.021326	0.025449	-0.002966	0.024988	0.002908	-0.014455	-0.005882	-0.065033	-0.028669	-0.020568	0.015052	-0.024360	-0.018647	-0.021432	-0.012898	-0.012772	0.023594	-0.008472	-0.025361	-0.012390	-0.012065	0.021139	-0.016828	-0.022127	-0.077057	0.016456	-0.005718	-0.021325	0.034906	0.006164	-0.018759	0.008906	-0.013057	0.015582	-0.017348	-0.011469	0.004502	-0.021612	-0.018338	
0.031098	-0.063499	-0.067036	0.034407	-0.065172	0.115374	-0.055802	0.209879	0.186983	-0.049707	0.180121	0.028647	0.096937	0.141139	0.171533	-0.056086	-0.059780	-0.067957	-0.082331	1.118725	0.215471	0.210955	-0.059038	-0.059798	-0.074158	0.163437	0.118857	-0.054235	0.187843	0.075813	0.213868	0.209142	0.201217	0.214877	0.292398	0.197702	0.151256	0.055245	-0.084108	-0.085711	-0.080293	-0.080301	-0.093100	-0.055785	-0.084367	-0.077784	-0.072990	-0.048363	-0.066968	-0.089735	-0.074865	-0.055717	-0.082417	-0.058594	-0.062620	0.085708	-0.010190	-0.066229	-0.088213	-0.079282	-0.052269	-0.095384	-0.067174	-0.079937	-0.089247	-0.089934	-0.054290	-0.070527	-0.097402	-0.064323	-0.090654	-0.068958	-0.061778	-0.061480	0.140776	-0.064097	-0.064480	-0.102843	-0.058637	-0.058130	-0.065991	-0.055579	-0.059961	-0.091199	-0.071254	-0.055614	-0.078993	-0.065729	-0.069239	-0.048655	-0.062058	0.194326	-0.050998	-0.050033	-0.043672	-0.085902	-0.074442	-0.049893	-0.064462	-0.064024	-0.055592	-0.066850	-0.062569	-0.058616	-0.055517	-0.070496	
0.051130	-0.069401	-0.059265	0.032177	-0.065351	0.129604	-0.052501	0.210755	0.208285	-0.053795	0.194213	0.042634	0.106103	0.133056	0.187162	-0.066135	-0.047656	-0.062654	-0.070846	0.215471	1.099285	0.211926	-0.047800	-0.061367	-0.080474	0.168183	0.127373	-0.046404	0.187206	0.065969	0.202298	0.201050	0.244607	0.217005	0.132989	0.315580	0.167492	-0.022883	-0.089902	-0.091159	-0.082848	-0.087216	-0.098148	-0.055778	-0.083164	-0.071947	-0.082742	-0.049797	-0.081638	-0.085801	-0.079642	-0.074999	-0.068637	-0.062378	-0.074048	0.139481	-0.009359	-0.063931	-0.091893	-0.091510	-0.065082	-0.099270	-0.065751	-0.087434	-0.079814	-0.093515	-0.042815	-0.074814	-0.091343	-0.064862	-0.089916	-0.066954	-0.062754	-0.062800	0.143967	-0.057963	-0.067792	-0.089571	-0.061190	-0.062268	-0.062084	-0.054451	-0.069409	-0.085494	-0.070491	-0.047659	-0.056201	-0.058557	-0.064774	-0.069814	-0.068144	0.184394	-0.037791	-0.053604	-0.052067	-0.090317	-0.071089	-0.058187	-0.066408	-0.063971	-0.056721	-0.072389	-0.058153	-0.060461	-0.058562	-0.067258	
0.037605	-0.064429	-0.058950	0.023353	-0.063662	0.123733	-0.055932	0.196818	0.185900	-0.051966	0.198028	0.052651	0.108267	0.137744	0.156192	-0.054338	-0.051313	-0.061421	-0.080474	0.210955	0.211926	1.096737	-0.048414	-0.058008	-0.075358	0.157947	0.117181	-0.060166	0.175272	0.068958	0.212056	0.191036	0.194730	0.220300	0.114572	0.180430	0.216918	-0.022735	-0.076837	-0.080339	-0.075485	-0.073859	-0.086721	-0.059668	-0.081381	-0.067720	-0.078338	-0.050947	-0.071027	-0.085255	-0.052700	-0.068910	-0.079650	-0.036607	-0.070310	0.077673	0.011162	-0.058467	-0.083246	-0.084040	-0.051056	-0.095989	-0.059708	-0.088949	-0.092370	-0.086434	-0.052684	-0.060995	-0.082623	-0.074964	-0.080324	-0.061315	-0.056013	-0.056501	0.128485	-0.060126	-0.065215	-0.095275	-0.056477	-0.053354	-0.054537	-0.055140	-0.061968	-0.075185	-0.075369	-0.041248	-0.063987	-0.058674	-0.059340	-0.065126	-0.048094	0.192334	-0.046504	-0.059335	-0.057303	-0.095711	-0.072489	-0.064395	-0.072202	-0.053976	-0.046705	-0.053178	-0.061934	-0.046239	-0.059718	-0.062074	
-0.024601	-0.018195	0.000190	-0.023039	-0.005470	-0.037390	-0.003995	-0.048709	-0.055249	-0.009196	-0.058545	-0.037853	-0.040640	-0.045546	-0.060527	-0.012798	-0.012769	-0.030914	-0.023891	-0.059038	-0.047800	-0.048414	0.958300	-0.003778	0.002684	-0.000787	-0.044333	0.003540	-0.027565	-0.041796	-0.049460	-0.050545	-0.055084	-0.046653	-0.041118	-0.053786	-0.036787	0.000073	-0.024416	-0.014558	0.010205	-0.025152	-0.010360	0.103499	-0.016578	-0.007484	-0.023804	0.000077	-0.006696	-0.004271	-0.030322	-0.006224	-0.028585	-0.022489	-0.012396	-0.018443	0.003997	0.008748	-0.012278	-0.018461	0.018554	-0.021646	0.018735	-0.024358	-0.025508	-0.012031	-0.002186	-0.009395	-0.012876	0.005151	-0.017891	0.023490	0.016341	0.013965	-0.045628	0.019466	0.030749	-0.011535	0.011609	0.016918	0.012330	0.014172	0.025864	-0.016076	0.007684	0.026688	0.030839	0.015235	-0.024862	0.014745	0.014301	-0.056115	0.009891	0.016414	0.016215	-0.011614	-0.008847	0.024154	-0.019517	0.022061	0.009116	0.023949	0.011220	0.018955	0.016477	0.000734	
-0.025440	0.044723	0.051964	-0.000893	0.042747	-0.043981	0.091435	-0.066903	-0.059605	0.088980	-0.058591	-0.028919	-0.005294	-0.033094	-0.054941	0.098434	0.081845	0.014189	0.023177	-0.059798	-0.061367	-0.058008	-0.003778	0.986459	-0.013139	-0.037369	0.004847	0.039449	-0.043134	0.063581	-0.056183	-0.053368	-0.046265	-0.051879	-0.052205	-0.054506	-0.048445	-0.023913	0.011241	-0.005802	-0.009991	0.020498	-0.003996	-0.003455	0.103299	-0.010500	-0.023913	-0.029494	-0.016228	-0.005064	-0.015985	-0.018080	-0.012904	-0.034187	-0.004642	-0.046210	-0.024392	-0.005386	-0.011191	-0.002487	-0.010506	-0.012623	-0.021260	-0.023651	-0.018683	-0.013663	-0.017198	0.107942	-0.003895	-0.001009	-0.007227	-0.015218	-0.007449	-0.023115	-0.052662	-0.022799	-0.007880	-0.007347	-0.007215	0.004065	-0.026308	-0.013756	0.002638	-0.016474	-0.011383	-0.013252	-0.013330	-0.006852	-0.018309	-0.015280	-0.009314	-0.057621	-0.009845	-0.014164	-0.015278	-0.024603	-0.014479	-0.010564	-0.023903	-0.006953	-0.007459	-0.006695	-0.006914	-0.009092	-0.006925	-0.006446	
-0.034996	0.005691	0.002078	-0.035767	-0.008068	-0.050061	-0.015144	-0.066758	-0.074178	0.002503	-0.073817	-0.042328	-0.044730	-0.058830	-0.063307	-0.009844	-0.003526	-0.001499	-0.000144	-0.074158	-0.080474	-0.075358	0.002684	-0.013139	0.967100	-0.058024	-0.058399	0.047759	-0.065200	-0.043731	-0.074809	-0.076332	-0.073191	-0.063798	-0.045143	-0.071676	-0.059694	-0.011699	0.021219	0.046232	0.013406	0.017650	0.025989	-0.001427	0.006535	0.047836	0.005075	-0.000164	0.001274	0.001554	-0.000289	0.005643	0.017498	0.000574	-0.000705	-0.033817	-0.008532	0.003042	0.015910	0.011535	-0.002441	0.021734	0.014817	0.004917	0.016688	0.019753	-0.012351	-0.004877	0.018725	0.003995	0.012491	0.005496	0.005186	0.012648	-0.073666	-0.005421	0.014768	0.023300	0.001408	-0.005730	0.004208	0.009886	-0.002592	0.023829	0.012189	-0.008473	-0.012763	-0.006837	0.010707	0.009626	0.018620	-0.075850	0.000076	0.000073	0.004028	0.002840	0.015984	0.008997	0.005667	0.009799	-0.001723	0.010945	0.002695	0.013002	-0.002069	0.002431	
0.031022	-0.050154	-0.051189	0.036057	-0.051183	0.095186	-0.052389	0.167090	0.154318	-0.034934	0.155426	0.040291	0.076949	0.111804	0.138304	-0.036922	-0.057149	-0.070426	-0.077373	0.163437	0.168183	0.157947	-0.000787	-0.037369	-0.058024	1.057317	0.109543	-0.050510	0.218184	0.058390	0.157472	0.152342	0.167954	0.158325	0.110947	0.157594	0.138212	-0.018080	-0.070652	-0.078636	-0.049163	-0.074394	-0.086268	-0.027268	-0.071435	-0.063578	-0.060642	-0.037359	-0.064821	-0.074738	-0.061742	-0.055121	-0.071844	-0.052142	-0.075891	0.038159	-0.006853	-0.049872	-0.080200	-0.074577	-0.045014	-0.081670	-0.055899	-0.068477	-0.075306	-0.075172	-0.046051	-0.064272	-0.082572	-0.053904	-0.073374	-0.052403	-0.052298	-0.051703	0.124199	-0.053631	-0.053816	-0.069736	-0.053918	-0.046635	-0.053809	-0.047517	-0.050959	-0.073765	-0.072250	-0.039123	-0.041881	-0.052742	-0.061879	-0.045480	-0.039167	0.157450	-0.041181	-0.034682	-0.044472	-0.075632	-0.063850	-0.046364	-0.051245	-0.051619	-0.044233	-0.044472	-0.058787	-0.037500	-0.048438	-0.065328	
0.024565	-0.042724	-0.038380	0.043559	-0.033999	0.056834	-0.029954	0.100367	0.106719	-0.033505	0.108636	0.035523	0.054960	0.086979	0.108179	-0.030373	-0.027513	-0.039262	-0.039101	0.118857	0.127373	0.117181	-0.044333	0.004847	-0.058399	0.109543	1.064036	-0.036870	0.097255	0.111617	0.120339	0.118326	0.114434	0.110696	0.098953	0.120445	0.139411	-0.006824	-0.042606	-0.059323	-0.050487	-0.041465	-0.060024	-0.029225	-0.016726	-0.051379	-0.058974	-0.038960	-0.063333	-0.051628	-0.042757	-0.033043	-0.058856	-0.051615	-0.051893	0.060559	-0.012391	-0.050112	-0.056778	-0.067500	-0.051545	-0.069308	-0.046457	-0.067447	-0.064740	-0.062874	-0.047564	-0.044926	-0.064290	-0.053807	-0.056811	-0.045509	-0.045379	-0.043798	0.077361	-0.048078	-0.051383	-0.056472	-0.035228	-0.044187	-0.047079	-0.040519	-0.040965	-0.054068	-0.056842	-0.049680	-0.050866	-0.039360	-0.039926	-0.050221	-0.051633	0.111799	-0.034499	-0.036508	-0.041499	-0.069214	-0.052313	-0.049156	-0.041362	-0.044531	-0.043245	-0.034769	-0.035559	-0.037042	-0.047713	-0.050668	
-0.025103	0.004420	0.022656	-0.018020	0.019973	-0.028332	0.032637	-0.053713	-0.056330	0.053104	-0.055488	-0.015888	-0.015331	-0.033200	-0.052317	0.040733	0.033864	0.006249	-0.004152	-0.054235	-0.046404	-0.060166	0.003540	0.039449	0.047759	-0.050510	-0.036870	0.923993	-0.047848	-0.003767	-0.048836	-0.045762	-0.062889	-0.052768	-0.040625	-0.058444	-0.048643	-0.006928	-0.011320	-0.000262	-0.003524	-0.008355	0.014706	0.001488	-0.005617	0.024954	-0.007006	-0.002900	-0.006915	-0.012309	-0.020881	-0.008870	-0.012795	-0.021178	-0.025234	-0.044242	-0.010298	0.002643	-0.004758	-0.024373	0.000470	-0.018651	0.004311	-0.014428	-0.014179	-0.017737	0.001201	0.034582	-0.021625	-0.010233	-0.006587	0.008033	0.002022	-0.009622	-0.042593	0.002082	0.006405	-0.002798	0.001976	0.005709	-0.003716	0.012458	0.011238	-0.014019	0.002231	0.010786	-0.000451	0.006959	-0.014305	0.001247	0.003544	-0.058696	0.005195	0.003348	0.000454	-0.016210	-0.015164	0.007879	-0.011312	-0.002785	0.002098	0.001495	0.009823	0.001237	0.010257	0.005672	
0.040698	-0.042736	-0.046852	0.025530	-0.063183	0.103326	-0.057382	0.176479	0.164047	-0.054935	0.170794	0.048318	0.072338	0.105570	0.143352	-0.045725	-0.045775	-0.052331	-0.062663	0.187843	0.187206	0.175272	-0.027565	-0.043134	-0.065200	0.218184	0.097255	-0.047848	1.071566	0.069198	0.185169	0.177904	0.171360	0.176840	0.118988	0.171129	0.137995	-0.012368	-0.080723	-0.083761	-0.052086	-0.061680	-0.081181	-0.018018	-0.067934	-0.062731	-0.076535	-0.039490	-0.067518	-0.076592	-0.066151	-0.063590	-0.071029	-0.046651	-0.075772	0.072407	-0.010055	-0.067321	-0.083474	-0.078686	-0.056979	-0.074237	-0.057492	-0.070772	-0.084586	-0.081729	-0.050414	-0.058949	-0.078728	-0.074199	-0.077021	-0.062788	-0.049339	-0.046604	0.132854	-0.050854	-0.058834	-0.080308	-0.056103	-0.059219	-0.068924	-0.048059	-0.044671	-0.072785	-0.077292	-0.042768	-0.057520	-0.050954	-0.066643	-0.057576	-0.050569	0.165594	-0.036015	-0.047469	-0.039760	-0.083882	-0.063786	-0.055248	-0.042231	-0.059651	-0.050139	-0.062983	-0.044958	-0.045624	-0.056090	-0.061952	
0.029675	-0.034323	-0.028006	0.020649	-0.033938	0.035738	-0.018626	0.060408	0.068075	0.003705	0.056508	0.044218	0.044151	0.049488	0.060516	0.009530	0.004255	-0.025634	-0.028122	0.075813	0.065969	0.068958	-0.041796	0.063581	-0.043731	0.058390	0.111617	-0.003767	0.069198	0.991206	0.075584	0.055611	0.069724	0.068514	0.044339	0.068682	0.046825	-0.024405	-0.009974	-0.052560	-0.034940	0.006777	-0.036771	-0.036720	0.013956	-0.047727	-0.041378	-0.026007	-0.021177	-0.014387	-0.030334	-0.023635	-0.038972	-0.013494	-0.032359	0.017293	-0.016851	-0.042486	-0.042021	-0.041922	-0.038112	-0.055613	-0.045825	-0.042889	-0.051911	-0.054851	-0.038878	-0.013246	-0.052248	-0.041209	-0.047301	-0.051671	-0.038655	-0.041514	0.035589	-0.033326	-0.031644	-0.039403	-0.038305	-0.047455	-0.042286	-0.041871	-0.040846	-0.045890	-0.033926	-0.039842	-0.040971	-0.028053	-0.036995	-0.038862	-0.035146	0.060137	-0.021892	-0.038418	-0.019689	-0.058644	-0.023743	-0.043170	-0.031695	-0.037544	-0.048047	-0.029477	-0.032728	-0.045326	-0.033797	-0.040978	
0.056191	-0.062656	-0.052538	0.036360	-0.058839	0.110175	-0.052593	0.200448	0.195228	-0.042227	0.176559	0.055461	0.099255	0.136266	0.161881	-0.048113	-0.049871	-0.056603	-0.063418	0.213868	0.202298	0.212056	-0.049460	-0.056183	-0.074809	0.157472	0.120339	-0.048836	0.185169	0.075584	1.111177	0.195959	0.198758	0.186910	0.121644	0.196557	0.155390	-0.018159	-0.084548	-0.098626	-0.071633	-0.088020	-0.088126	-0.048311	-0.072742	-0.074429	-0.067187	-0.037171	-0.055879	-0.062902	-0.077945	-0.057017	-0.081827	-0.056080	-0.073893	0.078757	-0.009456	-0.073136	-0.087905	-0.088566	-0.048988	-0.103379	-0.058914	-0.083360	-0.094939	-0.081022	-0.016640	-0.061459	-0.091618	-0.065127	-0.092147	-0.058498	-0.059607	-0.065190	0.140628	-0.072382	-0.057476	-0.087977	-0.054306	-0.057839	-0.057486	-0.062272	-0.049750	-0.086325	-0.076758	-0.043990	-0.056893	-0.073722	-0.074771	-0.061894	-0.052205	0.174029	-0.046306	-0.058106	-0.054080	-0.088067	-0.068326	-0.050720	-0.058853	-0.059345	-0.050569	-0.056389	-0.057160	-0.052730	-0.057081	-0.055925	
0.051663	-0.058873	-0.059227	0.033402	-0.056618	0.099966	-0.060344	0.212671	0.180728	-0.045875	0.192114	0.042190	0.097536	0.136087	0.147034	-0.039979	-0.047638	-0.057368	-0.075446	0.209142	0.201050	0.191036	-0.050545	-0.053368	-0.076332	0.152342	0.118326	-0.045762	0.177904	0.055611	0.195959	1.116068	0.182440	0.192802	0.122917	0.189159	0.154643	-0.015402	-0.082854	-0.087531	-0.057451	-0.073168	-0.082579	-0.050439	-0.064045	-0.069244	-0.076854	0.021676	-0.061133	-0.082114	-0.060294	-0.062535	-0.076058	-0.050869	-0.071465	0.062870	-0.023246	-0.069964	-0.083777	-0.084785	-0.044531	-0.080040	-0.068985	-0.058823	-0.091566	-0.084212	-0.051975	-0.051420	-0.089988	-0.063200	-0.088107	-0.070422	-0.062564	-0.065803	0.136950	-0.056366	-0.066608	-0.073926	-0.057269	-0.053929	-0.061060	-0.050970	-0.045537	-0.082154	-0.080139	-0.053637	-0.059449	-0.056581	-0.072376	-0.068821	-0.066982	0.167974	-0.029177	-0.045027	-0.048889	-0.081320	-0.064862	-0.048941	-0.053419	-0.073137	-0.054785	-0.065237	-0.055095	-0.056128	-0.054386	-0.069536	
0.041197	-0.059166	-0.049712	0.018152	-0.065122	0.110286	-0.050044	0.209693	0.185998	-0.047095	0.184553	0.049777	0.085275	0.131162	0.163703	-0.054140	-0.059496	-0.065280	-0.071474	0.201217	0.244607	0.194730	-0.055084	-0.046265	-0.073191	0.167954	0.114434	-0.062889	0.171360	0.069724	0.198758	0.182440	1.097704	0.205436	0.123295	0.261164	0.161773	-0.011276	-0.082391	-0.084958	-0.075632	-0.082733	-0.086599	-0.060029	-0.087122	-0.065846	-0.083850	-0.057319	-0.071028	-0.071384	-0.064444	-0.066020	-0.060900	-0.046757	-0.078932	0.260136	-0.015266	-0.070097	-0.089695	-0.083086	-0.062801	-0.098802	-0.065152	-0.083495	-0.098117	-0.086600	-0.061063	-0.065433	-0.091590	-0.061270	-0.089832	-0.067945	-0.070171	-0.058441	0.140403	-0.053548	-0.070932	-0.079273	-0.056381	-0.068077	-0.068206	-0.060193	-0.064193	-0.080757	-0.080543	-0.042274	-0.059310	-0.051328	-0.062915	-0.054835	-0.050888	0.192639	-0.050355	-0.057424	-0.045655	-0.083179	-0.072194	-0.050759	-0.072882	-0.062405	-0.045340	-0.055614	-0.063688	-0.064735	-0.061023	-0.066255	
0.040385	-0.077124	-0.054132	0.033449	-0.076398	0.126998	-0.066726	0.210937	0.204265	-0.050892	0.195467	0.051470	0.089628	0.135668	0.165366	-0.060633	-0.051581	-0.069931	-0.076519	0.214877	0.217005	0.220300	-0.046653	-0.051879	-0.063798	0.158325	0.110696	-0.052768	0.176840	0.068514	0.186910	0.192802	0.205436	1.101462	0.110169	0.187588	0.180307	-0.000548	-0.089399	-0.083703	-0.076513	-0.075049	-0.089119	-0.053091	-0.071478	-0.069741	-0.079963	-0.048594	-0.071629	-0.070187	-0.049842	-0.059667	-0.079250	-0.033560	-0.066337	0.070940	0.053860	-0.060902	-0.088395	-0.079364	-0.057052	-0.089941	-0.053979	-0.081374	-0.090839	-0.076048	-0.055287	-0.064573	-0.089728	-0.064127	-0.088787	-0.059664	-0.062048	-0.059977	0.116828	-0.059977	-0.052358	-0.086100	-0.059710	-0.066114	-0.063543	-0.061804	-0.067489	-0.086700	-0.074310	-0.054389	-0.055039	-0.054812	-0.078506	-0.056675	-0.054580	0.169758	-0.046940	-0.049241	-0.040808	-0.078760	-0.063541	-0.051707	-0.075008	-0.060250	-0.055391	-0.070988	-0.060588	-0.055831	-0.061978	-0.070708	
0.023156	-0.038809	-0.045003	0.032056	-0.029964	0.057001	-0.047248	0.114021	0.114090	-0.038077	0.116175	0.036214	0.063475	0.092663	0.091213	-0.042501	-0.033494	-0.045088	-0.059373	0.292398	0.132989	0.114572	-0.041118	-0.052205	-0.045143	0.110947	0.098953	-0.040625	0.118988	0.044339	0.121644	0.122917	0.123295	0.110169	1.042802	0.134117	0.122397	0.061981	-0.060924	-0.064417	-0.052164	-0.067084	-0.067773	-0.041423	-0.060319	-0.046099	-0.051797	-0.039277	-0.054648	-0.052574	-0.066105	-0.022916	-0.059443	-0.056179	-0.028767	0.056599	-0.021975	-0.046584	-0.066834	-0.058159	-0.035889	-0.065588	-0.054011	-0.054625	-0.068102	-0.066565	-0.036089	-0.060926	-0.074888	-0.049652	-0.063170	-0.053542	-0.043377	-0.040367	0.080259	-0.050305	-0.052318	-0.069803	-0.035178	-0.037204	-0.039768	-0.053687	-0.049140	-0.056422	-0.059286	-0.044676	-0.051793	-0.036376	-0.048025	-0.041575	-0.057788	0.108533	-0.033810	-0.035738	-0.041443	-0.060920	-0.049677	-0.041445	-0.044662	-0.054285	-0.050498	-0.040303	-0.033497	-0.033945	-0.043954	-0.051703	
0.047936	-0.071834	-0.055662	0.036638	-0.062967	0.108369	-0.050658	0.192609	0.194827	-0.041703	0.186329	0.058620	0.102825	0.133628	0.166073	-0.057419	-0.045684	-0.073154	-0.076766	0.197702	0.315580	0.180430	-0.053786	-0.054506	-0.071676	0.157594	0.120445	-0.058444	0.171129	0.068682	0.196557	0.189159	0.261164	0.187588	0.134117	1.090966	0.142522	-0.002421	-0.089585	-0.091330	-0.066013	-0.086560	-0.079919	-0.060647	-0.081008	-0.069841	-0.075302	-0.053563	-0.065365	-0.071458	-0.065836	-0.069609	-0.061639	-0.064842	-0.077250	0.150230	-0.019473	-0.065089	-0.086569	-0.086483	-0.054207	-0.093385	-0.062430	-0.077755	-0.092803	-0.084446	-0.050180	-0.064428	-0.090860	-0.058023	-0.091123	-0.064681	-0.065520	-0.064228	0.128366	-0.069503	-0.067004	-0.087275	-0.057620	-0.050560	-0.053265	-0.051123	-0.059607	-0.077366	-0.079374	-0.060075	-0.061873	-0.048281	-0.067251	-0.059919	-0.048979	0.159687	-0.052400	-0.047422	-0.057065	-0.078531	-0.070822	-0.056054	-0.071775	-0.062070	-0.056232	-0.058872	-0.064220	-0.053093	-0.057071	-0.081853	
0.023627	-0.065518	-0.046901	0.056396	-0.057456	0.079185	-0.054136	0.132959	0.147585	-0.044848	0.141347	0.041054	0.071547	0.113476	0.124281	-0.047267	-0.045317	-0.045607	-0.062901	0.151256	0.167492	0.216918	-0.036787	-0.048445	-0.059694	0.138212	0.139411	-0.048643	0.137995	0.046825	0.155390	0.154643	0.161773	0.180307	0.122397	0.142522	1.058528	-0.014517	-0.075603	-0.072097	-0.062997	-0.060139	-0.069633	-0.047636	-0.072421	-0.055721	-0.073462	-0.043494	-0.063586	-0.064786	-0.049349	-0.041718	-0.068062	-0.037910	-0.062944	0.063201	0.000925	-0.061193	-0.070703	-0.063721	-0.045695	-0.083383	-0.050719	-0.071388	-0.075658	-0.081123	-0.049820	-0.052461	-0.079117	-0.053456	-0.076002	-0.055597	-0.048333	-0.045064	0.109973	-0.047789	-0.052247	-0.057947	-0.051618	-0.043698	-0.051754	-0.042188	-0.040485	-0.076368	-0.073492	-0.044124	-0.057916	-0.051102	-0.048455	-0.051864	-0.048453	0.144680	-0.039287	-0.048494	-0.043780	-0.071513	-0.060044	-0.042671	-0.055091	-0.043656	-0.046285	-0.041781	-0.032555	-0.049943	-0.052533	-0.058018	
-0.021338	-0.014702	-0.014489	-0.016245	-0.017613	-0.012617	-0.017268	-0.019183	-0.015471	-0.018280	-0.023297	-0.018372	-0.018305	-0.009466	-0.013622	-0.029806	-0.027095	-0.029630	-0.020707	0.055245	-0.022883	-0.022735	0.000073	-0.023913	-0.011699	-0.018080	-0.006824	-0.006928	-0.012368	-0.024405	-0.018159	-0.015402	-0.011276	-0.000548	0.061981	-0.002421	-0.014517	0.987768	-0.001221	-0.008784	-0.012968	-0.026422	-0.010142	-0.003949	-0.009954	-0.002243	-0.017482	-0.006277	-0.021474	-0.016403	-0.009209	0.001199	-0.010217	-0.009240	0.102437	-0.010778	0.003827	-0.002972	-0.008590	-0.015907	-0.014649	-0.022760	-0.004420	-0.015299	-0.008171	-0.017485	-0.005427	-0.021759	-0.017237	-0.001038	-0.014705	-0.017144	-0.004984	-0.006651	-0.019035	-0.018339	-0.018254	-0.015855	-0.009689	-0.013345	-0.007987	-0.018414	-0.009192	-0.022363	0.003362	-0.017609	-0.017067	0.001679	-0.021004	0.002009	-0.016055	-0.019833	-0.015572	-0.003187	-0.021097	-0.024401	-0.018266	-0.016772	-0.016598	-0.005124	-0.009285	-0.010538	-0.002677	-0.020800	-0.002117	0.002079	
