0.07210953236861326887 0.45092168515030739417 0.21570149351360110024 0.26126582710887064076 0.00000146185860757248 
0.06767101597558700110 0.00000000099999999999 0.28772864847124041132 0.64460033355317269965 0.00000000099999999999 
0.00000000099999999998 0.00000000099999999998 0.22397845091156842745 0.77602154608843143535 0.00000000099999999998 
0.00000000099999999999 0.38489898160449698139 0.14543453775314682530 0.46966647864235611110 0.00000000099999999999 
0.00000000099999999998 0.00000000099999999998 0.49887325411249006102 0.50112674288750991280 0.00000000099999999998 
0.00000000099999999998 0.69737662078387563369 0.30262337621612445115 0.00000000099999999998 0.00000000099999999998 
0.00000000099999999991 0.00000000099999999991 0.00000000099999999991 0.99999999600000000211 0.00000000099999999991 
0.00000000099999999987 0.99999999600000011313 0.00000000099999999987 0.00000000099999999987 0.00000000099999999987 
0.00000000099999999989 0.99999999600000000211 0.00000000099999999989 0.00000000099999999989 0.00000000099999999989 
0.00000000099999999991 0.00000000099999999991 0.00000000099999999991 0.99999999599999989108 0.00000000099999999991 
0.00000000099999999991 0.99999999600000011313 0.00000000099999999991 0.00000000099999999991 0.00000000099999999991 
0.26687088733002167773 0.49707193171013769328 0.00000000100000000000 0.20370521480094333500 0.03235196515889720431 
0.00000000099999999996 0.55371133238455505499 0.00000000099999999996 0.44628866461544497435 0.00000000099999999996 
0.00000000099999999995 0.72284760921792345911 0.00000000099999999995 0.27715238778207668124 0.00000000099999999995 
0.05312345427083901839 0.89305972478509065837 0.00000000099999999998 0.05381681894407042144 0.00000000099999999998 
0.00000000099999999987 0.00000000099999999987 0.00000000099999999987 0.99999999600000000211 0.00000000099999999987 
0.00000000099999999986 0.00000000099999999986 0.00000000099999999986 0.99999999600000000211 0.00000000099999999986 
0.65885783872356085134 0.02108307021033688222 0.00000000099999999997 0.32005908906610230913 0.00000000099999999997 
0.58656599300439993261 0.00000000099999999999 0.00000022824786239037 0.41343377674773768016 0.00000000099999999999 
0.00000000099999999982 0.99999999600000011313 0.00000000099999999982 0.00000000099999999982 0.00000000099999999982 
0.00000000099999999981 0.99999999600000011313 0.00000000099999999981 0.00000000099999999981 0.00000000099999999981 
0.00000000099999999985 0.99999999600000011313 0.00000000099999999985 0.00000000099999999985 0.00000000099999999985 
0.00000000099999999998 0.00000000099999999998 0.87770558446718138779 0.00000000099999999998 0.12229441253281858604 
0.00000000099999999987 0.00000000099999999987 0.00000000099999999987 0.99999999599999989108 0.00000000099999999987 
0.42779561421845585523 0.00000000099999999999 0.46660904029083222211 0.04408451815940124530 0.06151082633131069177 
0.00000000099999999999 0.89477131326002945499 0.10522868373997054658 0.00000000099999999999 0.00000000099999999999 
0.04935072117782988987 0.73740446732788245132 0.03542201196492424098 0.17782279852936336284 0.00000000100000000000 
0.04050600625383061343 0.00000000099999999999 0.46374847730721974193 0.45257310346396534273 0.04317241197498421917 
0.00000000099999999998 0.97346436245566525525 0.02653563454433464225 0.00000000099999999998 0.00000000099999999998 
0.09205745120463991460 0.51734358493902665721 0.00000000100000000000 0.39059896185633347088 0.00000000100000000000 
0.00000000099999999993 0.99999999600000011313 0.00000000099999999993 0.00000000099999999993 0.00000000099999999993 
0.00000000099999999992 0.99999999600000000211 0.00000000099999999992 0.00000000099999999992 0.00000000099999999992 
0.00000000099999999987 0.99999999600000000211 0.00000000099999999987 0.00000000099999999987 0.00000000099999999987 
0.00000000099999999986 0.99999999600000000211 0.00000000099999999986 0.00000000099999999986 0.00000000099999999986 
0.05522938243433868355 0.80667506832207458434 0.13809554724358669153 0.00000000100000000000 0.00000000100000000000 
0.00000000099999999992 0.99999999600000011313 0.00000000099999999992 0.00000000099999999992 0.00000000099999999992 
0.00000000099999999999 0.90346597476690027051 0.09653402223309977270 0.00000000099999999999 0.00000000099999999999 
0.27886799741469137093 0.22992211562951217485 0.40410733304367030261 0.02478061211178769763 0.06232194180033860664 
0.99999999600000011313 0.00000000099999999996 0.00000000099999999996 0.00000000099999999996 0.00000000099999999996 
0.99999999600000000211 0.00000000099999999994 0.00000000099999999994 0.00000000099999999994 0.00000000099999999994 
0.98704984355873459645 0.00000000099999999999 0.01295015344126543982 0.00000000099999999999 0.00000000099999999999 
0.90157518503316391723 0.00000000099999999996 0.00000000099999999996 0.09842481196683613986 0.00000000099999999996 
0.89403131463141038981 0.00000000099999999997 0.10596868236858957013 0.00000000099999999997 0.00000000099999999997 
0.00000000100000000000 0.00000000100000000000 0.99999997404035323445 0.00000000100000000000 0.00000002295964682221 
0.66950849335461870560 0.00000000099999999997 0.00000000099999999997 0.33049150364538126823 0.00000000099999999997 
0.51125375585485743901 0.00000000099999999998 0.41725061747767133724 0.02968891057513860232 0.04180671509233275379 
0.99999999600000011313 0.00000000099999999997 0.00000000099999999997 0.00000000099999999997 0.00000000099999999997 
0.10721976518998414807 0.08436688632973939062 0.80761064716677488651 0.00000000100000000000 0.00080270031350171682 
0.43365472604150062663 0.00000000099999999999 0.38925689883621583665 0.10888264036947728486 0.06820573375280616912 
0.93277766307309717408 0.00480350700068491159 0.00000319719470219755 0.04560414773749128792 0.01681148499402445803 
0.91828958610187128020 0.04204887916083412808 0.03964057017562578472 0.00002095217962720785 0.00000001238204169271 
0.56767119517351749547 0.01507308602684752884 0.25703451916241581987 0.00000001510718658572 0.16022118453003242333 
0.99999999600000011313 0.00000000099999999997 0.00000000099999999997 0.00000000099999999997 0.00000000099999999997 
0.91386054547805595227 0.08613945152194409094 0.00000000099999999998 0.00000000099999999998 0.00000000099999999998 
0.94927066070563004274 0.00210267959958294719 0.00000000099999999999 0.04862665769478693306 0.00000000099999999999 
0.06916322938663323205 0.59082713622395977016 0.27087041688656132710 0.00531791016349679284 0.06382130733934904265 
0.00703004110493230666 0.21879385457814531923 0.70326380085610440407 0.02474753453879305690 0.04616476892202486804 
0.17681805808543704650 0.00000000099999999999 0.71816150568075998173 0.00936766558234754590 0.09565276965145551313 
0.99999999600000000211 0.00000000099999999996 0.00000000099999999996 0.00000000099999999996 0.00000000099999999996 
0.99999999600000000211 0.00000000099999999997 0.00000000099999999997 0.00000000099999999997 0.00000000099999999997 
0.00000000099999999997 0.00000000099999999997 0.99999999600000000211 0.00000000099999999997 0.00000000099999999997 
0.99999999600000000211 0.00000000099999999992 0.00000000099999999992 0.00000000099999999992 0.00000000099999999992 
0.03559050284645808720 0.00000000099999999998 0.84694516948165676773 0.00000000099999999998 0.11746432567188526408 
0.99999999600000000211 0.00000000099999999997 0.00000000099999999997 0.00000000099999999997 0.00000000099999999997 
0.99999999600000000211 0.00000000099999999991 0.00000000099999999991 0.00000000099999999991 0.00000000099999999991 
0.99999999600000011313 0.00000000099999999996 0.00000000099999999996 0.00000000099999999996 0.00000000099999999996 
0.00000000100000000000 0.03742882470093898684 0.87441011867895457321 0.04780380848727517479 0.04035724713283116161 
0.00000000099999999992 0.00000000099999999992 0.00000000099999999992 0.99999999600000000211 0.00000000099999999992 
0.99999999600000011313 0.00000000099999999993 0.00000000099999999993 0.00000000099999999993 0.00000000099999999993 
0.08293550084375822529 0.00000000099999999998 0.91706449615624185956 0.00000000099999999998 0.00000000099999999998 
0.88936690332789125613 0.00000000099999999996 0.00000000099999999996 0.11063309367210878709 0.00000000099999999996 
0.04708038756497193167 0.00000000099999999998 0.76727432564672037874 0.00000000099999999998 0.18564528478830763514 
0.00000000099999999998 0.00000000099999999998 0.87992768208091054483 0.00000002344426537458 0.12007229247482401058 
0.08620464731972854455 0.00000000099999999999 0.82904258624616300466 0.00000000099999999999 0.08475276443410841021 
0.00000000099999999996 0.76348746925608024227 0.00000000099999999996 0.00000000099999999996 0.23651252774391987033 
0.00000000100000000000 0.00000000100000000000 0.90574169856351560703 0.00000000100000000000 0.09425829843648443618 
0.00000000099999999997 0.00000000099999999997 0.99999999600000000211 0.00000000099999999997 0.00000000099999999997 
0.75596523121831105119 0.00000000099999999998 0.21908313442030874496 0.02085326646285934685 0.00409836689852101452 
0.00000000099999999998 0.00000000099999999998 0.99977531202237068797 0.00000000099999999998 0.00022468497762916632 
0.00000000099999999999 0.00000000099999999999 0.88816290100230155247 0.00000000099999999999 0.11183709599769847687 
0.00405461818094076266 0.00000000099999999997 0.92218224359881606489 0.00000000099999999997 0.07376313622024320560 
0.00000000099999999997 0.00000000099999999997 0.99998763443668159390 0.00000000099999999997 0.00001236256331846236 
0.00000000099999999997 0.00000000099999999997 0.99999999599999989108 0.00000000099999999997 0.00000000099999999997 
0.99972501832159454960 0.00000000099999999999 0.00000000099999999999 0.00000000099999999999 0.00027497867840541463 
0.35515973169966186251 0.00000000099999999996 0.64484026530033822233 0.00000000099999999996 0.00000000099999999996 
0.00000000099999999976 0.00000000099999999976 0.00000000099999999976 0.00000000099999999976 0.99999999600000000211 
0.00000000099999999975 0.00000000099999999975 0.00000000099999999975 0.00000000099999999975 0.99999999599999989108 
0.02513485037668598820 0.00000000099999999999 0.97486491272846376166 0.00000000099999999999 0.00000023489485026718 
0.90593276917989373764 0.06091404033370327598 0.01962257862530204441 0.00000000100000000000 0.01353061086110094596 
0.00000000099999999994 0.00000000099999999994 0.00000000099999999994 0.00000000099999999994 0.99999999599999989108 
0.00000000099999999998 0.00000000099999999998 0.92306543964663334556 0.00000000099999999998 0.07693455735336662826 
0.00000000099999999998 0.99999999600000000211 0.00000000099999999998 0.00000000099999999998 0.00000000099999999998 
0.00000000100000000000 0.03897507836175662793 0.88523513592353264556 0.07578978371471065123 0.00000000100000000000 
0.11157100076415331358 0.03725448558681743183 0.72483464139705389151 0.02626560273609191212 0.10007426951588338504 
0.00000000099999999995 0.00000000099999999995 0.00000000099999999995 0.00000000099999999995 0.99999999600000000211 
0.99999999600000000211 0.00000000099999999996 0.00000000099999999996 0.00000000099999999996 0.00000000099999999996 
0.83093783324542136448 0.04742930011493419473 0.10398760423025572852 0.00000000100000000000 0.01764526140938866769 
0.00000000099999999989 0.00000000099999999989 0.00000000099999999989 0.00000000099999999989 0.99999999599999989108 
0.74777010869493087952 0.04833407990619477401 0.09184997391754620710 0.03525521897960030154 0.07679061850172792802 
0.00000000099999999997 0.00000000099999999997 0.83094534605981951181 0.06095359650336287793 0.10810105543681741702 
0.00000000099999999998 0.00000000099999999998 0.99999999600000000211 0.00000000099999999998 0.00000000099999999998 
0.00000000099999999998 0.00000000099999999998 0.95048051698123781073 0.04951948001876198963 0.00000000099999999998 
0.00000000099999999998 0.00000000099999999998 0.99999999599999989108 0.00000000099999999998 0.00000000099999999998 
0.00000000099999999997 0.00000000099999999997 0.99999999600000000211 0.00000000099999999997 0.00000000099999999997 
0.00000080372900309798 0.00000000099999999999 0.97720992824284158562 0.02278926602815516470 0.00000000099999999999 
0.00000000099999999993 0.00000000099999999993 0.99999999599999989108 0.00000000099999999993 0.00000000099999999993 
