0.11781711939782482657 0.46663698578146600715 0.41554589482070924955 
0.21869922070080344279 0.02239836750739552032 0.75890241179180106812 
0.17569406363216638622 0.04246272881487162670 0.78184320755296188299 
0.05588646858176406912 0.41696674015980478289 0.52714679125843122431 
0.00360223579701472252 0.00000000099999999999 0.99639776320298523160 
0.00000000099999999999 0.70380986676668999547 0.29619013223331003282 
0.13954590388036608450 0.03477277140698959573 0.82568132471264432670 
0.00000000099999999992 0.99999999799999994554 0.00000000099999999992 
0.00000000099999999994 0.99999999799999994554 0.00000000099999999994 
0.18921967804857364737 0.06650082558949074740 0.74427949636193557748 
0.00000000099999999995 0.99999999799999994554 0.00000000099999999995 
0.32933694110229549956 0.51824338907287237355 0.15241966982483223791 
0.00000295162915733105 0.61237054473337115823 0.38762650363747153115 
0.00000000099999999999 0.77410719587261578312 0.22589280312738421741 
0.08747801678044463125 0.91252198221955527213 0.00000000099999999999 
0.11849893927145302430 0.05301217944685916728 0.82848888128168785006 
0.12912542216703862263 0.05073351613178852387 0.82014106170117273553 
0.87802542756752688380 0.07240861334474475719 0.04956595908772826187 
0.70714991891691891812 0.00000660694202549953 0.29284347414105560414 
0.00000000099999999991 0.99999999799999994554 0.00000000099999999991 
0.00000000099999999990 0.99999999800000005656 0.00000000099999999990 
0.00000000099999999992 0.99999999800000005656 0.00000000099999999992 
0.00617353625405860345 0.00000000099999999999 0.99382646274594144131 
0.26937523868009066730 0.02059361760543198736 0.71003114371447739739 
0.44508617186262028342 0.00000000099999999999 0.55491382713737968935 
0.00000000099999999999 0.89882217502310479684 0.10117782397689517593 
0.09278786769234532994 0.75487707160701167375 0.15233506070064292692 
0.15803112617648437666 0.01562682892842417320 0.82634204489509144320 
0.00000000099999999999 0.98627446592166900796 0.01372553307833103767 
0.20079391370489804713 0.54920646778365900254 0.24999961851144289482 
0.00000000099999999996 0.99999999799999994554 0.00000000099999999996 
0.00000000099999999996 0.99999999800000005656 0.00000000099999999996 
0.00000000099999999993 0.99999999800000005656 0.00000000099999999993 
0.00000000099999999992 0.99999999800000005656 0.00000000099999999992 
0.06115098438746761206 0.81174527575759547471 0.12710373985493697568 
0.00000000099999999996 0.99999999800000005656 0.00000000099999999996 
0.00000000100000000000 0.91227027301860852404 0.08772972598139150424 
0.29493824208126967479 0.23134245380168463879 0.47371930411704571418 
0.99999999799999994554 0.00000000099999999997 0.00000000099999999997 
0.99999999800000005656 0.00000000099999999996 0.00000000099999999996 
0.99993091207324713565 0.00000000100000000000 0.00006908692675286996 
0.99999999799999994554 0.00000000099999999998 0.00000000099999999998 
0.91599918392826562563 0.00000000099999999998 0.08400081507173440265 
0.03253789640428594171 0.00864663956995301818 0.95881546402576101062 
0.83434461296928708052 0.00000000099999999999 0.16565538603071297552 
0.53168873495380797323 0.00000000099999999998 0.46831126404619205505 
0.99999999800000005656 0.00000000099999999998 0.00000000099999999998 
0.13324614889952679508 0.08205031666196913043 0.78470353443850415776 
0.46427233195015071843 0.00000000099999999999 0.53572766704984919883 
0.95483265893800606250 0.00616023952503307829 0.03900710153696086008 
0.94752912086405305381 0.04142094169785050239 0.01104993743809646288 
0.57163379813974724009 0.01695974552109262568 0.41140645633916023138 
0.99999999800000005656 0.00000000099999999998 0.00000000099999999998 
0.91637141189858961621 0.08362858710141031493 0.00000000099999999999 
0.99542399346244614389 0.00457597421930393353 0.00000003231824989911 
0.07584729831582068260 0.59365909402693584074 0.33049360765724350442 
0.02227674562077444284 0.21907354274964993546 0.75864971162957561823 
0.19008865487403969752 0.00000000099999999999 0.80991134412596021974 
0.99999999799999994554 0.00000000099999999997 0.00000000099999999997 
0.99999999800000005656 0.00000000099999999997 0.00000000099999999997 
0.00011762669639109858 0.00000000099999999999 0.99988237230360899055 
0.99999999800000005656 0.00000000099999999994 0.00000000099999999994 
0.04562036213830582276 0.00000000099999999998 0.95437963686169424715 
0.99999999799999994554 0.00000000099999999998 0.00000000099999999998 
0.99999999800000005656 0.00000000099999999994 0.00000000099999999994 
0.99999999800000005656 0.00000000099999999997 0.00000000099999999997 
0.02677326900984355537 0.04001519854011850730 0.93321153245003796162 
0.34655691584208386802 0.00000000100000000000 0.65344308315791610475 
0.99999999799999994554 0.00000000099999999996 0.00000000099999999996 
0.11097073279296967852 0.00000000099999999998 0.88902926620703026650 
0.98548215864647004114 0.00000000099999999997 0.01451784035352986571 
0.06377545567785385117 0.00000000099999999999 0.93622454332214621875 
0.01507740493129498469 0.00000000099999999999 0.98492259406870497074 
0.10683662855282587134 0.00000000100000000000 0.89316337044717419857 
0.00000000099999999999 0.78923553621818998138 0.21076446278181001914 
0.02612174108772764153 0.00928551447164120518 0.96459274444063114462 
0.03266649458069901396 0.00000000099999999999 0.96733350441930110453 
0.78138548100032823029 0.00000000099999999998 0.21861451799967188125 
0.00000000099999999999 0.00065636691612118078 0.99934363208387888555 
0.00000000099999999999 0.00000000099999999999 0.99999999799999994554 
0.03074911249793553861 0.00000000099999999998 0.96925088650206447927 
0.00000000099999999998 0.00000000099999999998 0.99999999800000005656 
0.00000000808835357536 0.00000000099999999998 0.99999999091164637477 
0.99999914436636683224 0.00000000099999999999 0.00000085463363324170 
0.39012739893388259649 0.00000000099999999998 0.60987260006611732077 
0.00000000099999999997 0.00000000099999999997 0.99999999799999994554 
0.00000000099999999997 0.00000000099999999997 0.99999999799999994554 
0.05631830361080325531 0.00000000099999999999 0.94368169538919677297 
0.92681846180858706852 0.06246205794691242486 0.01071948024450061938 
0.01619104483998400762 0.00000000099999999999 0.98380895416001601372 
0.02473954199607492077 0.00000000099999999999 0.97526045700392505200 
0.00000000099999999999 0.99999999800000005656 0.00000000099999999999 
0.01830526572148976835 0.04518449811933462207 0.93651023615917550202 
0.12666105552241288534 0.04133694852677421983 0.83200199595081281156 
0.00000000099999999999 0.04421386953585892260 0.95578612946414098772 
0.99999999799999994554 0.00000000099999999997 0.00000000099999999997 
0.84906154565080105279 0.04923161038802145034 0.10170684396117750381 
0.00000000099999999998 0.00000000099999999998 0.99999999800000005656 
0.76193811162533897630 0.05120439097417273794 0.18685749740048837597 
0.00000000099999999997 0.00000000099999999997 0.99999999800000005656 
0.00000000100000000000 0.01018889365382001123 0.98981110534617999797 
0.00584896256681444876 0.00000000099999999999 0.99415103643318569748 
0.00000000099999999999 0.00000000099999999999 0.99999999799999994554 
0.00000001138619816786 0.00000000099999999998 0.99999998761380193280 
0.03526553342783896039 0.00000000100000000000 0.96473446557216102626 
0.00000000099999999996 0.00000000099999999996 0.99999999800000005656 
