0.00000000100000000000 0.03044942248007513966 0.16368664672302599139 0.45178258556155376224 0.08998006057865828855 0.26410128365668672501 
0.00000000099999999999 0.00000000099999999999 0.25025589695229649712 0.00000000099999999999 0.09090315054755310209 0.65884094950015048564 
0.05975133729541058647 0.00000000099999999998 0.21432952424404838609 0.00000000099999999998 0.00000000099999999998 0.72591913546054098738 
0.00000000099999999999 0.00000000099999999999 0.13714715125901852377 0.38772946132378438566 0.00000000099999999999 0.47512338441719720317 
0.00000000099999999997 0.00000000099999999997 0.49418233426464114322 0.00000000099999999997 0.00000000099999999997 0.50581766173535869235 
0.00000000099999999997 0.00000000099999999997 0.30312748466080069454 0.69687251133919936308 0.00000000099999999997 0.00000000099999999997 
0.00000000099999999987 0.00000000099999999987 0.00000000099999999987 0.00000000099999999987 0.00000000099999999987 0.99999999499999991937 
0.00000000099999999983 0.00000000099999999983 0.00000000099999999983 0.99999999499999991937 0.00000000099999999983 0.00000000099999999983 
0.00000000099999999987 0.00000000099999999987 0.00000000099999999987 0.99999999499999991937 0.00000000099999999987 0.00000000099999999987 
0.00000000099999999988 0.00000000099999999988 0.00000000099999999988 0.00000000099999999988 0.00000000099999999988 0.99999999499999991937 
0.00000000099999999989 0.00000000099999999989 0.00000000099999999989 0.99999999499999991937 0.00000000099999999989 0.00000000099999999989 
0.51468537394291846709 0.00000170183201361667 0.00000000099999999998 0.48078803232535882728 0.00000000099999999998 0.00452488989970910218 
0.00000000099999999994 0.00000000099999999994 0.00000000099999999994 0.55269362967293234057 0.00000000099999999994 0.44730636632706777256 
0.00000000099999999993 0.00000000099999999993 0.00000000099999999993 0.72287413281755674710 0.00000000099999999993 0.27712586318244319949 
0.15317303884930413838 0.00000000099999999991 0.00000000099999999991 0.84682695715069589149 0.00000000099999999991 0.00000000099999999991 
0.00000000099999999983 0.00000000099999999983 0.00000000099999999983 0.00000000099999999983 0.00000000099999999983 0.99999999500000003039 
0.00000000099999999982 0.00000000099999999982 0.00000000099999999982 0.00000000099999999982 0.00000000099999999982 0.99999999500000003039 
0.99999999500000003039 0.00000000099999999982 0.00000000099999999982 0.00000000099999999982 0.00000000099999999982 0.00000000099999999982 
0.83899046630780993450 0.00000000099999999993 0.00000000099999999993 0.00000000099999999993 0.00000000099999999993 0.16100952969219009536 
0.00000000099999999977 0.00000000099999999977 0.00000000099999999977 0.99999999499999991937 0.00000000099999999977 0.00000000099999999977 
0.00000000099999999976 0.00000000099999999976 0.00000000099999999976 0.99999999500000003039 0.00000000099999999976 0.00000000099999999976 
0.00000000099999999981 0.00000000099999999981 0.00000000099999999981 0.99999999500000003039 0.00000000099999999981 0.00000000099999999981 
0.00000000099999999998 0.08691154029501059475 0.91308845570498931021 0.00000000099999999998 0.00000000099999999998 0.00000000099999999998 
0.00000000099999999983 0.00000000099999999983 0.00000000099999999983 0.00000000099999999983 0.00000000099999999983 0.99999999499999991937 
0.00000001583453370967 0.03593835713697250689 0.48190020869189248431 0.00000000099999999999 0.42801591973190750151 0.05414549760469380274 
0.00000000099999999998 0.00000000099999999998 0.10686762229612731256 0.89313237370387277281 0.00000000099999999998 0.00000000099999999998 
0.05753342804908065378 0.00000000099999999999 0.03186199600976537261 0.73523268128185059744 0.00000000588216180660 0.17537188777714168841 
0.04916823243395418430 0.04367324021267125073 0.45222000238219794976 0.00000000099999999999 0.00938131067122572118 0.44555721329995090496 
0.00000000099999999997 0.00000000099999999997 0.02687513066450053847 0.97312486533549935608 0.00000000099999999997 0.00000000099999999997 
0.05146148479396758096 0.00000000100000000000 0.00000000100000000000 0.51559762403067188608 0.05519990149103989191 0.37774098768432046169 
0.00000000099999999991 0.00000000099999999991 0.00000000099999999991 0.99999999500000003039 0.00000000099999999991 0.00000000099999999991 
0.00000000099999999990 0.00000000099999999990 0.00000000099999999990 0.99999999500000003039 0.00000000099999999990 0.00000000099999999990 
0.00000000099999999984 0.00000000099999999984 0.00000000099999999984 0.99999999500000003039 0.00000000099999999984 0.00000000099999999984 
0.00000000099999999982 0.00000000099999999982 0.00000000099999999982 0.99999999500000003039 0.00000000099999999982 0.00000000099999999982 
0.00000000099999999999 0.00000000099999999999 0.12581078436813664112 0.80626282295389584132 0.06792638967796747751 0.00000000099999999999 
0.00000000099999999990 0.00000000099999999990 0.00000000099999999990 0.99999999500000003039 0.00000000099999999990 0.00000000099999999990 
0.00000000099999999998 0.00000000099999999998 0.09742188098360982096 0.90257811501639018115 0.00000000099999999998 0.00000000099999999998 
0.00000000100000000000 0.04584288662115849899 0.40355255035650994255 0.22989990395499401710 0.29572470750043045040 0.02497995056690694923 
0.24517554345873984745 0.00000000099999999995 0.00000000099999999995 0.00000000099999999995 0.75482445254126018241 0.00000000099999999995 
0.00000000099999999992 0.00000000099999999992 0.00000000099999999992 0.00000000099999999992 0.99999999499999991937 0.00000000099999999992 
0.16453214147043004889 0.00000000099999999999 0.00000000421831717551 0.00000000099999999999 0.83546785131125278490 0.00000000099999999999 
0.00000000099999999995 0.00000000099999999995 0.00000000099999999995 0.00000000099999999995 0.90798419497782389964 0.09201580102217611634 
0.00000001310579907130 0.00000000099999999997 0.09182833618768959649 0.00000000099999999997 0.90817164770651126471 0.00000000099999999997 
0.00000000099999999999 0.00001389222809769234 0.98564764142675886927 0.00002798843001517131 0.01431042254229763014 0.00000005437283053511 
0.00032111794258181153 0.00000000099999999997 0.00000000099999999997 0.00000000099999999997 0.66058095371823444264 0.33909792533918375890 
0.00000000099999999998 0.02002276837286618566 0.42524382981346436905 0.00000000099999999998 0.52612708648189210336 0.02860631333177728053 
0.47942545284314824761 0.00000000099999999994 0.00000000099999999994 0.00000000099999999994 0.52057454315685147694 0.00000000099999999994 
0.00000000099999999999 0.06000312887335661899 0.72435770806125099330 0.08255342650061625598 0.13308573456477607033 0.00000000099999999999 
0.03508423536311779112 0.04803254475250300082 0.40409246666250003832 0.00000000099999999999 0.40744546654877750180 0.10534528567310159908 
0.00000000100000000000 0.00826716438805358278 0.00000000100000000000 0.00000000100000000000 0.94693020343230338565 0.04480262917964308172 
0.99999999500000003039 0.00000000099999999991 0.00000000099999999991 0.00000000099999999991 0.00000000099999999991 0.00000000099999999991 
0.12239307903164206581 0.10321705614955159480 0.30277909401751129659 0.01175517171435225099 0.45985559808694270734 0.00000000100000000000 
0.13207320715169365566 0.00000000099999999996 0.00000000099999999996 0.00000000099999999996 0.86792678884830620767 0.00000000099999999996 
0.00000000099999999997 0.00000000099999999997 0.00000000099999999997 0.08712308568740458059 0.91287691031259532437 0.00000000099999999997 
0.00000000099999999998 0.00000000099999999998 0.00000000099999999998 0.00000000099999999998 0.97239694144457144986 0.02760305455542865632 
0.00000000100000000000 0.05320481958245754095 0.26836935731165467711 0.59087309734429316332 0.08281828075313431292 0.00473444400846027152 
0.00000000100000000000 0.02490686993257124754 0.71877773547444900881 0.21856316043177420605 0.01666178231495571774 0.02109045084624979610 
0.00000000099999999998 0.05097986076705994518 0.75071588313620329913 0.00000000099999999998 0.19037976038562859360 0.00792449371110827416 
0.00000000099999999995 0.00000000099999999995 0.00000000099999999995 0.00000000099999999995 0.99999999500000003039 0.00000000099999999995 
0.00000000099999999996 0.00000000099999999996 0.00000000099999999996 0.00000000099999999996 0.99999999500000003039 0.00000000099999999996 
0.00000000099999999997 0.00000000099999999997 0.99999999499999991937 0.00000000099999999997 0.00000000099999999997 0.00000000099999999997 
0.00000000099999999988 0.00000000099999999988 0.00000000099999999988 0.00000000099999999988 0.99999999499999991937 0.00000000099999999988 
0.00000000099999999997 0.03631390704874257191 0.91212199340031574479 0.00000000099999999997 0.05156409655094154609 0.00000000099999999997 
0.00000000099999999995 0.00000000099999999995 0.00000000099999999995 0.00000000099999999995 0.99999999500000003039 0.00000000099999999995 
0.00000000099999999988 0.00000000099999999988 0.00000000099999999988 0.00000000099999999988 0.99999999499999991937 0.00000000099999999988 
0.00000000099999999994 0.00000000099999999994 0.00000000099999999994 0.00000000099999999994 0.99999999499999991937 0.00000000099999999994 
0.00000000100000000000 0.05894643943290516636 0.84812714127143773446 0.03847664752369584634 0.01620156973972917969 0.03824820103223197654 
0.00000000099999999991 0.00000000099999999991 0.00000000099999999991 0.00000000099999999991 0.00000000099999999991 0.99999999499999991937 
0.00000000099999999991 0.00000000099999999991 0.00000000099999999991 0.00000000099999999991 0.99999999500000003039 0.00000000099999999991 
0.00000000099999999997 0.00000000099999999997 0.89054910453746083387 0.00000000099999999997 0.10945089146253908496 0.00000000099999999997 
0.08842554344286948642 0.00000000099999999996 0.00000000099999999996 0.00000000099999999996 0.80359018549229743744 0.10798426806483302220 
0.06934818973027774558 0.08717560465187007557 0.84347620261785216655 0.00000000099999999997 0.00000000099999999997 0.00000000099999999997 
0.00000000099999999998 0.05661317246444410450 0.93563876496407316630 0.00000000099999999998 0.00774313822298129065 0.00000492234850143837 
0.00000000099999999998 0.05788420231854211201 0.84087161702655599527 0.00000000099999999998 0.10124417765490173471 0.00000000099999999998 
0.00000000099999999998 0.20626937827343147513 0.00000000099999999998 0.79373061772656849922 0.00000000099999999998 0.00000000099999999998 
0.00000000100000000000 0.08223466463615626554 0.91004850793677960485 0.00000000100000000000 0.00771682442706412772 0.00000000100000000000 
0.00001121901374800389 0.00000000099999999998 0.99998877698625199262 0.00000000099999999998 0.00000000099999999998 0.00000000099999999998 
0.27404226247915042247 0.00003416513795481716 0.20683384215901959302 0.00000000099999999998 0.51908524096623187560 0.00000448825764312272 
0.00000000099999999997 0.00080956543158535333 0.99919043056841472250 0.00000000099999999997 0.00000000099999999997 0.00000000099999999997 
0.00145965613489371527 0.05175591007191896603 0.94678443079318741482 0.00000000099999999998 0.00000000099999999998 0.00000000099999999998 
0.01994280363433074618 0.01940543363460663084 0.96065175973106275986 0.00000000099999999997 0.00000000099999999997 0.00000000099999999997 
0.00000000099999999997 0.00041050328783842291 0.99958949271216168686 0.00000000099999999997 0.00000000099999999997 0.00000000099999999997 
0.00000000099999999997 0.00000000099999999997 0.99999999499999991937 0.00000000099999999997 0.00000000099999999997 0.00000000099999999997 
0.99999999500000003039 0.00000000099999999987 0.00000000099999999987 0.00000000099999999987 0.00000000099999999987 0.00000000099999999987 
0.16199338916169972458 0.00000000099999999996 0.63050734048458112468 0.00000000099999999996 0.20749926735371906905 0.00000000099999999996 
0.00000000099999999964 0.99999999500000014141 0.00000000099999999964 0.00000000099999999964 0.00000000099999999964 0.00000000099999999964 
0.00000000099999999966 0.99999999500000003039 0.00000000099999999966 0.00000000099999999966 0.00000000099999999966 0.00000000099999999966 
0.00000000099999999999 0.04614118186191672882 0.90579151150579528817 0.00000000099999999999 0.04779615749059135110 0.00027114714169676441 
0.17137130208018602762 0.01457679803494448152 0.00704179928024261780 0.05706172519447573477 0.74994837441015116397 0.00000000100000000000 
0.03774733088709167350 0.17832397701952043545 0.78392415290241657111 0.00000000099999999998 0.00000000099999999998 0.00000453719097140361 
0.00000000099999999998 0.07061352222307652748 0.92938647346415725892 0.00000000099999999998 0.00000000131276609105 0.00000000099999999998 
0.00000000099999999998 0.00000000099999999998 0.00000000099999999998 0.99999999499999991937 0.00000000099999999998 0.00000000099999999998 
0.03997793485679674436 0.00000837202065270984 0.86593769744298043634 0.03890689997616918194 0.00000000099999999999 0.05516909470340101290 
0.16621135057915809030 0.04697575328841116504 0.75828562675784438873 0.02847405470610351111 0.00000000100000000000 0.00005321366848278283 
0.00000000099999999993 0.99999999500000003039 0.00000000099999999993 0.00000000099999999993 0.00000000099999999993 0.00000000099999999993 
0.99999999500000003039 0.00000000099999999984 0.00000000099999999984 0.00000000099999999984 0.00000000099999999984 0.00000000099999999984 
0.99999999500000003039 0.00000000099999999993 0.00000000099999999993 0.00000000099999999993 0.00000000099999999993 0.00000000099999999993 
0.00000000099999999985 0.99999999500000003039 0.00000000099999999985 0.00000000099999999985 0.00000000099999999985 0.00000000099999999985 
0.39456515451409279738 0.05709533334338198762 0.10481545022211020968 0.03078950163288536601 0.41273455099752864861 0.00000000929000095207 
0.00000000099999999997 0.03559592409966285537 0.90964498838087848309 0.00000000099999999997 0.00000000099999999997 0.05475908451945867700 
0.00000000099999999998 0.00000000099999999998 0.99999974414347247986 0.00000025185652736822 0.00000000099999999998 0.00000000099999999998 
0.00000000099999999997 0.00000000099999999997 0.94329469182047476217 0.00000000099999999997 0.00000000099999999997 0.05670530417952525382 
0.00000000099999999997 0.00000000099999999997 0.99999999499999991937 0.00000000099999999997 0.00000000099999999997 0.00000000099999999997 
0.00000000099999999996 0.00000000099999999996 0.99999999499999991937 0.00000000099999999996 0.00000000099999999996 0.00000000099999999996 
0.00000000099999999999 0.00000000099999999999 0.95850648224362289263 0.00000000099999999999 0.00996278435618373585 0.03153073040019345463 
0.00000000099999999992 0.00000000099999999992 0.99999999500000003039 0.00000000099999999992 0.00000000099999999992 0.00000000099999999992 
