0.26930866539694037209 0.07783426369108954745 0.45265625980621887470 0.20020081110575116412 
0.66563063311392545174 0.07943454599222368739 0.00000000099999999999 0.25493481989385080588 
0.83110245485090072926 0.00000000099999999999 0.00000000099999999999 0.16889754314909929955 
0.48935203463333137863 0.00000000100000000000 0.38850058620462440961 0.12214737816204422616 
0.52381786025119247974 0.00000000099999999998 0.00000000099999999998 0.47618213774880741029 
0.01954982247051096148 0.00000000099999999999 0.70277814123702431193 0.27767203529246470284 
0.99999999699999997382 0.00000000099999999992 0.00000000099999999992 0.00000000099999999992 
0.00000000099999999989 0.00000000099999999989 0.99999999699999986280 0.00000000099999999989 
0.00000000099999999992 0.00000000099999999992 0.99999999699999986280 0.00000000099999999992 
0.99999999700000008485 0.00000000099999999993 0.00000000099999999993 0.00000000099999999993 
0.00000000099999999993 0.00000000099999999993 0.99999999699999997382 0.00000000099999999993 
0.20838750260140800896 0.27034873673921860915 0.50104696646672330917 0.02021679419265005190 
0.44554250127934780235 0.00000000099999999997 0.55445749672065214320 0.00000000099999999997 
0.27651983005006963712 0.00000000099999999996 0.72348016794993030842 0.00000000099999999996 
0.05390816953153330926 0.05177156560796554452 0.89432026386050111899 0.00000000099999999999 
0.99999999700000008485 0.00000000099999999989 0.00000000099999999989 0.00000000099999999989 
0.99999999699999997382 0.00000000099999999989 0.00000000099999999989 0.00000000099999999989 
0.32166227766271171529 0.65714227515288270443 0.02119544618440556000 0.00000000099999999998 
0.41800911574196297771 0.58197762051088608448 0.00000000099999999999 0.00001326274715095864 
0.00000000099999999986 0.00000000099999999986 0.99999999699999997382 0.00000000099999999986 
0.00000000099999999986 0.00000000099999999986 0.99999999699999986280 0.00000000099999999986 
0.00000000099999999989 0.00000000099999999989 0.99999999699999986280 0.00000000099999999989 
0.00000000099999999999 0.00000000099999999999 0.00000000099999999999 0.99999999700000008485 
0.99999999699999997382 0.00000000099999999989 0.00000000099999999989 0.00000000099999999989 
0.04939520122401108021 0.43302395150176842265 0.00000000099999999999 0.51758084627422040747 
0.00000000099999999999 0.00000000099999999999 0.89679768779132662537 0.10320231020867337568 
0.18802786561129791743 0.05672397187181891370 0.74179723134460240352 0.01345093117228065606 
0.46137087853450492458 0.05104891825434319103 0.00000000099999999999 0.48758020221115194737 
0.00000000099999999998 0.00000000099999999998 0.97951628780588295697 0.02048371019411692265 
0.39231351810560644022 0.08987498231912073587 0.51781146144679268684 0.00000003812848006145 
0.00000000099999999995 0.00000000099999999995 0.99999999699999997382 0.00000000099999999995 
0.00000000099999999994 0.00000000099999999994 0.99999999699999986280 0.00000000099999999994 
0.00000000099999999990 0.00000000099999999990 0.99999999699999986280 0.00000000099999999990 
0.00000000099999999989 0.00000000099999999989 0.99999999699999997382 0.00000000099999999989 
0.00000000100000000000 0.06235098179846908228 0.80942268624850777226 0.12822633095302313211 
0.00000000099999999994 0.00000000099999999994 0.99999999699999997382 0.00000000099999999994 
0.00000000099999999999 0.00000000099999999999 0.90956374498449898969 0.09043625301550091422 
0.02730592679799154557 0.28645543011155738533 0.23120611179421859949 0.45503253129623250084 
0.00000000099999999997 0.99999999699999997382 0.00000000099999999997 0.00000000099999999997 
0.00000000099999999995 0.99999999699999997382 0.00000000099999999995 0.00000000099999999995 
0.00000000099999999999 0.99011347535096516648 0.00000000099999999999 0.00988652264903486580 
0.09815799311988689102 0.90184200488011323493 0.00000000099999999997 0.00000000099999999997 
0.00000000099999999997 0.89828502653769026765 0.00000000099999999997 0.10171497146230989994 
0.00027914543384473272 0.02979960227183335239 0.00697255738708247707 0.96294869490723933314 
0.32966639800216346323 0.67033359999783659333 0.00000000099999999997 0.00000000099999999997 
0.03440104673831265863 0.51680531635958637526 0.00000000099999999998 0.44879363590210102908 
0.00000000099999999998 0.99999999700000008485 0.00000000099999999998 0.00000000099999999998 
0.00000000100000000000 0.13495601904550288963 0.08392328287654399199 0.78112069707795306339 
0.11265042157052573835 0.44086995439744791625 0.00000000099999999999 0.44647962303202642920 
0.04441240558849850889 0.93214647042926102039 0.00565564223113717169 0.01778548175110341439 
0.00087619093096418248 0.92075235682861977793 0.04265160647611520445 0.03571984576430089348 
0.00022022408054616819 0.56405836231171402328 0.01936278911990168758 0.41635862448783833578 
0.00000000099999999998 0.99999999699999997382 0.00000000099999999998 0.00000000099999999998 
0.00000000099999999998 0.91377120923376431438 0.08622878876623574218 0.00000000099999999998 
0.04830251080345180498 0.94924742809407858246 0.00245006010246960788 0.00000000100000000000 
0.00847941828691409563 0.07279227246896056991 0.59261648100572750231 0.32611182823839784950 
0.03186557971298023539 0.01789813618254338864 0.21990094861270273463 0.73033533549177365174 
0.02078502839738226304 0.18926313312732026550 0.00000000099999999999 0.78995183747529740259 
0.00000000099999999996 0.99999999699999997382 0.00000000099999999996 0.00000000099999999996 
0.00000123193716116565 0.99999876606283888414 0.00000000099999999998 0.00000000099999999998 
0.02435180294821059563 0.00001366807394166352 0.00000000099999999999 0.97563452797784766535 
0.00000000099999999993 0.99999999700000008485 0.00000000099999999993 0.00000000099999999993 
0.00006429543099896257 0.05477365973877419691 0.00000000099999999998 0.94516204383022672797 
0.00000000099999999997 0.99999999699999997382 0.00000000099999999997 0.00000000099999999997 
0.00000000099999999993 0.99999999700000008485 0.00000000099999999993 0.00000000099999999993 
0.00000000099999999997 0.99999998953289004344 0.00000000099999999997 0.00000000846710996201 
0.04883841390980564467 0.01821213543082678479 0.04015810608367383072 0.89279134457569375716 
0.99999999700000008485 0.00000000099999999993 0.00000000099999999993 0.00000000099999999993 
0.00000000099999999994 0.99999999700000008485 0.00000000099999999994 0.00000000099999999994 
0.00123879920151951316 0.10997486476407589140 0.00000000099999999998 0.88878633503440462871 
0.11016934096813237043 0.88983065703186770001 0.00000000099999999997 0.00000000099999999997 
0.00000000099999999998 0.05982364991034953838 0.00000000099999999998 0.94017634808965044879 
0.01307576626781200603 0.01183418944768597179 0.00000000099999999999 0.97509004328450199495 
0.00000000099999999999 0.10245864768155643620 0.00000000099999999999 0.89754135031844362036 
0.00000000099999999999 0.00000000099999999999 0.78940041919945580506 0.21059957880054414048 
0.00000001982593649388 0.01566572849825112468 0.00409406587285640351 0.98024018580295602110 
0.00000267298173364551 0.03223304420775278956 0.00000000099999999999 0.96776428181051366018 
0.01934010837770769320 0.76159377286848328747 0.00000000099999999998 0.21906611775380910312 
0.00000000099999999999 0.00000000099999999999 0.00000384487192082595 0.99999615312807921264 
0.00257651685356910737 0.00000000099999999999 0.00000000099999999999 0.99742348114643075707 
0.00000000099999999998 0.02960510620190526590 0.00000000099999999998 0.97039489179809479413 
0.00000334349471775502 0.00000000099999999998 0.00000000099999999998 0.99999665450528218980 
0.00000000099999999998 0.00000000099999999998 0.00000000099999999998 0.99999999700000008485 
0.00000000099999999999 0.99967021745979545155 0.00000000099999999999 0.00032978054020450239 
0.00000000099999999997 0.38103590116890634354 0.00000000099999999997 0.61896409683109354649 
0.00000000099999999996 0.00000000099999999996 0.00000000099999999996 0.99999999699999997382 
0.00000000099999999995 0.00000000099999999995 0.00000000099999999995 0.99999999699999997382 
0.01319060546549403676 0.04982301302237501783 0.00000000099999999999 0.93698638051213101186 
0.00000000100000000000 0.90271383057137832839 0.06089493454520008425 0.03639123388342171278 
0.00652542293379598792 0.01716631246211931111 0.00000000099999999999 0.97630826360408473619 
0.00000000099999999998 0.00443572368374651506 0.00000000099999999998 0.99556427431625349467 
0.00000000099999999998 0.00000000099999999998 0.99999999699999997382 0.00000000099999999998 
0.09296626133023040695 0.00924430148390128180 0.04223097423613708656 0.85555846294973114663 
0.03123246519898940227 0.12336646575318509222 0.04054287801659435531 0.80485819103123124041 
0.00009742724167656402 0.00000000099999999999 0.04621576675836275294 0.95368680499996072442 
0.00000000099999999997 0.99999999699999997382 0.00000000099999999997 0.00000000099999999997 
0.00000000100000000000 0.83352787521250992775 0.04799206630591228845 0.11848005748157786066 
0.00000000099999999997 0.00000000099999999997 0.00000000099999999997 0.99999999700000008485 
0.03088610504578372454 0.74825630494363792877 0.05018736976416490747 0.17067022024641348432 
0.07307956446492087921 0.00000000099999999997 0.00000000099999999997 0.92692043353507902470 
0.01958768659920143845 0.00000000099999999999 0.01143971813522836646 0.96897259426557014184 
0.07896325306281896939 0.00055303936666044611 0.00000000099999999999 0.92048370657052058785 
0.00075605416164269688 0.00000000099999999999 0.00000000099999999999 0.99924394383835724032 
0.01399053733413572510 0.00000000099999999998 0.00000000099999999998 0.98600946066586425687 
0.04745224473505802593 0.03187650606564317035 0.00000000100000000000 0.92067124819929868629 
0.00000000099999999996 0.00000000099999999996 0.00000000099999999996 0.99999999699999997382 
