0.604096 0.313214 0.082689
0.825875 0.024829 0.149296
0.795727 0.056050 0.148223
0.606245 0.340385 0.053370
0.999980 0.000010 0.000010
0.332115 0.667875 0.000010
0.809394 0.041500 0.149106
0.000010 0.999980 0.000010
0.000010 0.999980 0.000010
0.734477 0.076864 0.188659
0.000010 0.999980 0.000010
0.362338 0.395379 0.242283
0.450788 0.549202 0.000010
0.269077 0.730913 0.000010
0.000010 0.899536 0.100454
0.835138 0.057073 0.107789
0.815402 0.056087 0.128511
0.096904 0.086191 0.816906
0.376237 0.007401 0.616362
0.000010 0.999980 0.000010
0.000010 0.999980 0.000010
0.000010 0.999980 0.000010
0.959887 0.000010 0.040103
0.706129 0.021741 0.272130
0.578121 0.000010 0.421869
0.138066 0.861924 0.000010
0.208042 0.692016 0.099942
0.855362 0.012420 0.132218
0.120168 0.879822 0.000010
0.534945 0.345855 0.119200
0.103475 0.896515 0.000010
0.000010 0.999980 0.000010
0.000010 0.999980 0.000010
0.000010 0.999980 0.000010
0.247943 0.687378 0.064680
0.073445 0.926545 0.000010
0.042362 0.957628 0.000010
0.513145 0.220252 0.266603
0.000010 0.000010 0.999980
0.000010 0.000010 0.999980
0.004083 0.008678 0.987239
0.000010 0.000010 0.999980
0.192474 0.000010 0.807516
0.919928 0.018253 0.061819
0.247251 0.000010 0.752739
0.499243 0.000010 0.500747
0.000010 0.000010 0.999980
0.795415 0.082846 0.121739
0.585816 0.000010 0.414174
0.273108 0.031109 0.695783
0.059652 0.059955 0.880393
0.403722 0.025735 0.570543
0.000010 0.000010 0.999980
0.000010 0.116658 0.883332
0.000010 0.015664 0.984326
0.487541 0.438749 0.073711
0.727588 0.222884 0.049528
0.797476 0.000010 0.202514
0.000010 0.000010 0.999980
0.000010 0.000010 0.999980
0.991576 0.000010 0.008414
0.000010 0.000010 0.999980
0.931572 0.000010 0.068418
0.000010 0.000010 0.999980
0.000010 0.000010 0.999980
0.000010 0.000010 0.999980
0.920316 0.045023 0.034661
0.666442 0.000010 0.333548
0.000010 0.000010 0.999980
0.878951 0.000010 0.121039
0.000010 0.000010 0.999980
0.908161 0.000010 0.091829
0.949111 0.000010 0.050879
0.870340 0.000010 0.129650
0.375241 0.624749 0.000010
0.962528 0.021262 0.016210
0.951695 0.000010 0.048295
0.310242 0.000010 0.689748
0.993535 0.006455 0.000010
0.999980 0.000010 0.000010
0.944235 0.000010 0.055755
0.999980 0.000010 0.000010
0.999980 0.000010 0.000010
0.050789 0.000010 0.949201
0.610214 0.000010 0.389776
0.999980 0.000010 0.000010
0.999980 0.000010 0.000010
0.951284 0.000010 0.048706
0.000010 0.080403 0.919587
0.959359 0.000010 0.040631
0.990573 0.000010 0.009417
0.078195 0.916909 0.004896
0.926310 0.051547 0.022143
0.817551 0.049468 0.132981
0.941226 0.058764 0.000010
0.000010 0.000010 0.999980
0.240207 0.062056 0.697737
0.999980 0.000010 0.000010
0.295630 0.060700 0.643670
0.999980 0.000010 0.000010
0.975044 0.024946 0.000010
0.968474 0.000010 0.031516
0.996127 0.003863 0.000010
0.999980 0.000010 0.000010
0.951698 0.000158 0.048145
0.999980 0.000010 0.000010
