0.861098 0.000010 0.000010 0.138872 0.000010
0.999960 0.000010 0.000010 0.000010 0.000010
0.592505 0.000010 0.407465 0.000010 0.000010
0.570184 0.000010 0.207667 0.222129 0.000010
0.999960 0.000010 0.000010 0.000010 0.000010
0.116225 0.000010 0.000010 0.636673 0.247082
0.000010 0.000010 0.999960 0.000010 0.000010
0.000010 0.000010 0.000010 0.999960 0.000010
0.000010 0.000010 0.000010 0.999960 0.000010
0.000010 0.000010 0.999960 0.000010 0.000010
0.000010 0.000010 0.000010 0.999960 0.000010
0.674644 0.060636 0.012721 0.251989 0.000010
0.170437 0.000010 0.369419 0.460124 0.000010
0.000010 0.000010 0.326684 0.673286 0.000010
0.000010 0.069012 0.076785 0.854183 0.000010
0.000010 0.000010 0.999960 0.000010 0.000010
0.000010 0.000010 0.999960 0.000010 0.000010
0.000010 0.620714 0.331009 0.048256 0.000010
0.302424 0.426697 0.270859 0.000010 0.000010
0.000010 0.000010 0.000010 0.999960 0.000010
0.000010 0.000010 0.000010 0.999960 0.000010
0.000010 0.000010 0.000010 0.999960 0.000010
0.000010 0.000010 0.000010 0.000010 0.999960
0.000010 0.000010 0.999960 0.000010 0.000010
0.195093 0.369304 0.049425 0.000010 0.386168
0.037889 0.000010 0.000010 0.828853 0.133239
0.236167 0.029648 0.131027 0.603148 0.000010
0.507924 0.000010 0.292453 0.000010 0.199603
0.215173 0.000010 0.000010 0.784797 0.000010
0.831953 0.000013 0.000010 0.168014 0.000010
0.250115 0.000010 0.000010 0.749855 0.000010
0.105562 0.000010 0.000010 0.894408 0.000010
0.004465 0.000010 0.000010 0.995505 0.000010
0.000010 0.000010 0.000010 0.999960 0.000010
0.460894 0.000010 0.000010 0.539076 0.000010
0.234242 0.000010 0.000010 0.765728 0.000010
0.000010 0.000010 0.000010 0.904294 0.095676
0.455833 0.193253 0.000010 0.170133 0.180771
0.097493 0.902477 0.000010 0.000010 0.000010
0.000010 0.999960 0.000010 0.000010 0.000010
0.141975 0.855996 0.000010 0.002009 0.000010
0.175329 0.742095 0.082555 0.000010 0.000010
0.347264 0.652706 0.000010 0.000010 0.000010
0.259193 0.024278 0.000010 0.004626 0.711893
0.235078 0.514675 0.250227 0.000010 0.000010
0.248296 0.429236 0.027846 0.000010 0.294612
0.213676 0.786294 0.000010 0.000010 0.000010
0.999960 0.000010 0.000010 0.000010 0.000010
0.378203 0.322220 0.069497 0.000010 0.230069
0.583386 0.416584 0.000010 0.000010 0.000010
0.210476 0.746532 0.000010 0.042972 0.000010
0.108396 0.527897 0.000010 0.024248 0.339449
0.000010 0.999960 0.000010 0.000010 0.000010
0.230487 0.688856 0.000010 0.080637 0.000010
0.083589 0.884406 0.014227 0.017768 0.000010
0.719142 0.000010 0.000010 0.280828 0.000010
0.171393 0.027286 0.028758 0.213570 0.558992
0.322870 0.158947 0.000010 0.000010 0.518163
0.151308 0.848662 0.000010 0.000010 0.000010
0.000010 0.959626 0.040344 0.000010 0.000010
0.000012 0.000010 0.000380 0.000010 0.999588
0.000010 0.999960 0.000010 0.000010 0.000010
0.000010 0.046773 0.004498 0.000010 0.948709
0.073568 0.926402 0.000010 0.000010 0.000010
0.000010 0.999960 0.000010 0.000010 0.000010
0.000010 0.991580 0.000010 0.000010 0.008390
0.834325 0.000010 0.000010 0.000010 0.165645
0.000010 0.000010 0.999960 0.000010 0.000010
0.014505 0.985465 0.000010 0.000010 0.000010
0.404407 0.073764 0.000010 0.000010 0.521809
0.000010 0.863864 0.136106 0.000010 0.000010
0.000010 0.047502 0.000010 0.000010 0.952468
0.000010 0.000010 0.020320 0.000010 0.979650
0.193903 0.102372 0.000010 0.000010 0.703705
0.509839 0.000010 0.000010 0.490131 0.000010
0.584523 0.000010 0.000010 0.000010 0.415447
0.076867 0.029068 0.008455 0.000010 0.885599
0.249746 0.597194 0.015052 0.000010 0.137998
0.332332 0.000010 0.000010 0.000010 0.667638
0.008872 0.000010 0.037132 0.000010 0.953976
0.131933 0.040100 0.000010 0.000010 0.827947
0.186120 0.000010 0.000010 0.000010 0.813850
0.254785 0.000010 0.000010 0.000010 0.745185
0.182045 0.817925 0.000010 0.000010 0.000010
0.000010 0.384752 0.000010 0.000010 0.615218
0.240309 0.000010 0.000010 0.000010 0.759661
0.193689 0.000010 0.000010 0.000010 0.806281
0.657098 0.000010 0.000010 0.000010 0.342872
0.000010 0.863591 0.000010 0.080243 0.056146
0.000010 0.000010 0.043988 0.000010 0.955982
0.407761 0.000010 0.000010 0.000010 0.592209
0.218645 0.000010 0.000010 0.781325 0.000010
0.591585 0.000010 0.000010 0.000010 0.408385
0.408280 0.091401 0.000010 0.027710 0.472599
0.520908 0.000010 0.000010 0.018633 0.460439
0.000010 0.999960 0.000010 0.000010 0.000010
0.460517 0.524680 0.000010 0.014783 0.000010
0.000010 0.000010 0.000010 0.000010 0.999960
0.405708 0.529742 0.000010 0.033831 0.030709
0.340862 0.000010 0.000010 0.000010 0.659108
0.000010 0.000010 0.000010 0.021114 0.978856
0.013780 0.000010 0.098981 0.000010 0.887219
0.999960 0.000010 0.000010 0.000010 0.000010
0.000010 0.000010 0.000688 0.000010 0.999282
0.299410 0.016103 0.024204 0.000010 0.660273
0.441318 0.000010 0.000010 0.000010 0.558652
