0.000013 0.766868 0.233109 0.000010
0.000010 0.999970 0.000010 0.000010
0.000010 0.999970 0.000010 0.000010
0.000010 0.737334 0.262646 0.000010
0.000010 0.999970 0.000010 0.000010
0.261118 0.085894 0.652978 0.000010
0.000010 0.999970 0.000010 0.000010
0.000012 0.000010 0.999968 0.000010
0.000010 0.000010 0.999970 0.000010
0.000010 0.999970 0.000010 0.000010
0.000010 0.000010 0.999970 0.000010
0.000010 0.572367 0.313157 0.114466
0.000010 0.547697 0.452283 0.000010
0.000010 0.341326 0.658654 0.000010
0.000010 0.079062 0.858175 0.062754
0.000010 0.999970 0.000010 0.000010
0.000010 0.999970 0.000010 0.000010
0.000010 0.354268 0.045187 0.600535
0.000010 0.544907 0.000010 0.455073
0.000010 0.000010 0.999970 0.000010
0.000010 0.000012 0.999968 0.000010
0.000010 0.000010 0.999970 0.000010
0.999970 0.000010 0.000010 0.000010
0.000010 0.999970 0.000010 0.000010
0.450858 0.158334 0.000010 0.390798
0.147801 0.000010 0.852179 0.000010
0.000010 0.327666 0.633058 0.039267
0.302221 0.679966 0.000010 0.017802
0.052909 0.097293 0.849788 0.000010
0.000010 0.758181 0.241799 0.000010
0.000010 0.176057 0.823923 0.000010
0.000010 0.034598 0.965382 0.000010
0.000010 0.000010 0.999970 0.000010
0.000010 0.000010 0.999970 0.000010
0.038663 0.278794 0.636507 0.046035
0.000012 0.153232 0.846747 0.000010
0.072981 0.000010 0.926999 0.000010
0.305670 0.266868 0.202410 0.225051
0.000010 0.036336 0.000010 0.963644
0.000010 0.000010 0.000010 0.999970
0.000561 0.065472 0.011414 0.922553
0.000010 0.213089 0.000010 0.786891
0.084624 0.176949 0.000010 0.738417
0.845511 0.097781 0.015410 0.041298
0.000012 0.463218 0.000010 0.536760
0.376057 0.159855 0.000010 0.464078
0.000010 0.120656 0.000010 0.879324
0.436577 0.423038 0.063343 0.077043
0.316653 0.333331 0.000010 0.350006
0.000012 0.469480 0.000010 0.530498
0.000010 0.126543 0.055388 0.818059
0.399317 0.009180 0.029104 0.562398
0.000010 0.000010 0.000010 0.999970
0.000010 0.085091 0.107073 0.807826
0.000010 0.043754 0.021313 0.934923
0.103895 0.492823 0.377338 0.025945
0.647593 0.093919 0.222728 0.035760
0.648758 0.171749 0.000010 0.179482
0.000010 0.068279 0.000010 0.931701
0.000010 0.000010 0.000010 0.999970
0.999970 0.000010 0.000010 0.000010
0.000013 0.000010 0.000010 0.999967
0.939919 0.000010 0.000010 0.060061
0.000010 0.000010 0.000010 0.999970
0.000010 0.000010 0.000010 0.999970
0.000010 0.000010 0.000010 0.999970
0.472774 0.509586 0.017630 0.000010
0.000010 0.896052 0.000010 0.103928
0.000010 0.000010 0.000010 0.999970
0.707324 0.197592 0.000010 0.095074
0.000010 0.060319 0.000010 0.939661
0.934791 0.000010 0.000010 0.065189
0.996214 0.000010 0.000010 0.003766
0.871083 0.000010 0.000010 0.128897
0.111626 0.317981 0.570383 0.000010
0.679752 0.311364 0.008873 0.000010
0.959748 0.000010 0.000010 0.040232
0.189162 0.182010 0.000010 0.628818
0.863754 0.130096 0.006140 0.000010
0.999970 0.000010 0.000010 0.000010
0.948165 0.000010 0.000010 0.051815
0.945245 0.054735 0.000010 0.000010
0.904104 0.095876 0.000010 0.000010
0.029061 0.080629 0.000010 0.890300
0.620345 0.000013 0.000010 0.379632
0.999970 0.000010 0.000010 0.000010
0.999970 0.000010 0.000010 0.000010
0.598009 0.399217 0.000010 0.002763
0.034405 0.000010 0.079235 0.886350
0.980312 0.000010 0.000010 0.019668
0.818953 0.181027 0.000010 0.000010
0.000010 0.148087 0.851893 0.000010
0.574680 0.391788 0.033522 0.000010
0.624531 0.235917 0.041837 0.097716
0.677555 0.272679 0.049756 0.000010
0.000010 0.000010 0.000010 0.999970
0.064523 0.268307 0.049923 0.617246
0.999970 0.000010 0.000010 0.000010
0.121058 0.250128 0.050949 0.577864
0.791786 0.208194 0.000010 0.000010
0.977218 0.000010 0.022762 0.000010
0.905037 0.081055 0.000010 0.013899
0.439257 0.560723 0.000010 0.000010
0.999970 0.000010 0.000010 0.000010
0.774156 0.196613 0.000010 0.029221
0.838342 0.161638 0.000010 0.000010
