0.000010 0.864395 0.000010 0.135565 0.000010 0.000010
0.000010 0.999950 0.000010 0.000010 0.000010 0.000010
0.000010 0.595107 0.404853 0.000010 0.000010 0.000010
0.000010 0.568728 0.208892 0.222349 0.000010 0.000010
0.000010 0.999950 0.000010 0.000010 0.000010 0.000010
0.248756 0.114534 0.000010 0.636680 0.000010 0.000010
0.000010 0.000010 0.999950 0.000010 0.000010 0.000010
0.000010 0.000010 0.000010 0.999950 0.000010 0.000010
0.000010 0.000010 0.000010 0.999950 0.000010 0.000010
0.000010 0.000010 0.999950 0.000010 0.000010 0.000010
0.000010 0.000010 0.000010 0.999950 0.000010 0.000010
0.000010 0.667646 0.000010 0.250525 0.081799 0.000010
0.000010 0.170752 0.369524 0.459694 0.000010 0.000010
0.000010 0.000010 0.327216 0.672744 0.000010 0.000010
0.000010 0.000010 0.062554 0.851852 0.085564 0.000010
0.000010 0.000010 0.999950 0.000010 0.000010 0.000010
0.000010 0.000010 0.999950 0.000010 0.000010 0.000010
0.000010 0.000010 0.325761 0.044942 0.629267 0.000010
0.000010 0.279547 0.266767 0.000010 0.309874 0.143793
0.000010 0.000010 0.000010 0.999950 0.000010 0.000010
0.000010 0.000010 0.000010 0.999950 0.000010 0.000010
0.000010 0.000010 0.000010 0.999950 0.000010 0.000010
0.999950 0.000010 0.000010 0.000010 0.000010 0.000010
0.000010 0.000010 0.999950 0.000010 0.000010 0.000010
0.390227 0.134122 0.050831 0.000010 0.155178 0.269632
0.133203 0.038191 0.000010 0.828576 0.000010 0.000010
0.000010 0.198090 0.121468 0.604889 0.000010 0.075533
0.196198 0.483679 0.289137 0.000010 0.000010 0.030967
0.000010 0.215147 0.000010 0.784813 0.000010 0.000010
0.000010 0.830817 0.000010 0.169143 0.000010 0.000010
0.000010 0.251255 0.000010 0.748705 0.000010 0.000010
0.000010 0.106253 0.000010 0.893707 0.000010 0.000010
0.000010 0.006181 0.000010 0.993779 0.000010 0.000010
0.000010 0.000010 0.000010 0.999950 0.000010 0.000010
0.000010 0.461030 0.000010 0.538930 0.000010 0.000010
0.000010 0.234195 0.000010 0.765765 0.000010 0.000010
0.096296 0.000010 0.000010 0.903664 0.000010 0.000010
0.141172 0.375377 0.000010 0.161349 0.000010 0.322083
0.000010 0.000010 0.000010 0.000010 0.000010 0.999950
0.000010 0.000010 0.000010 0.000010 0.626434 0.373526
0.000010 0.000010 0.000010 0.000010 0.316654 0.683306
0.000010 0.000010 0.000010 0.000010 0.000010 0.999950
0.000010 0.066445 0.000010 0.000010 0.000010 0.933515
0.688716 0.219838 0.000010 0.004476 0.000010 0.086951
0.000010 0.011686 0.263602 0.000010 0.000010 0.724682
0.323701 0.075087 0.013964 0.000010 0.000010 0.587227
0.000010 0.104772 0.000010 0.000010 0.372185 0.523013
0.000010 0.999950 0.000010 0.000010 0.000010 0.000010
0.228786 0.341757 0.068282 0.000010 0.173532 0.187633
0.000010 0.594085 0.000010 0.000010 0.405875 0.000010
0.000010 0.000010 0.000010 0.000010 0.000010 0.999950
0.368020 0.000010 0.000010 0.003816 0.137455 0.490689
0.000010 0.000010 0.000010 0.000010 0.437492 0.562468
0.000010 0.000010 0.000010 0.000010 0.000010 0.999950
0.000010 0.000010 0.000010 0.000010 0.000010 0.999950
0.000010 0.720910 0.000010 0.279050 0.000010 0.000010
0.545911 0.131203 0.016932 0.212976 0.000010 0.092969
0.511000 0.313720 0.000010 0.000010 0.109925 0.065334
0.000010 0.093613 0.000010 0.000010 0.574883 0.331474
0.000010 0.000010 0.013530 0.000010 0.698378 0.288062
0.992961 0.000010 0.006999 0.000010 0.000010 0.000010
0.000010 0.000010 0.000010 0.000010 0.999950 0.000010
0.944072 0.000010 0.003894 0.000010 0.052004 0.000010
0.000010 0.000010 0.000010 0.000010 0.402079 0.597881
0.000010 0.000010 0.000010 0.000010 0.999950 0.000010
0.000010 0.000010 0.000010 0.000010 0.999950 0.000010
0.157106 0.842854 0.000010 0.000010 0.000010 0.000010
0.000010 0.000010 0.999950 0.000010 0.000010 0.000010
0.000010 0.000010 0.000010 0.000010 0.999950 0.000010
0.518884 0.371529 0.000010 0.000010 0.000010 0.109558
0.000010 0.000010 0.118245 0.000010 0.881715 0.000010
0.950790 0.000010 0.000010 0.000010 0.049170 0.000010
0.978261 0.000010 0.021699 0.000010 0.000010 0.000010
0.697895 0.193730 0.000010 0.000010 0.108345 0.000010
0.000010 0.511008 0.000010 0.488952 0.000010 0.000010
0.415137 0.584823 0.000010 0.000010 0.000010 0.000010
0.881672 0.055468 0.010100 0.000010 0.000010 0.052740
0.132771 0.251892 0.001245 0.000010 0.523946 0.090137
0.663242 0.336718 0.000010 0.000010 0.000010 0.000010
0.949329 0.014567 0.036074 0.000010 0.000010 0.000010
0.801041 0.130171 0.000010 0.000010 0.068758 0.000010
0.809132 0.190820 0.000018 0.000010 0.000010 0.000010
0.742200 0.257760 0.000010 0.000010 0.000010 0.000010
0.000010 0.186057 0.000010 0.000010 0.813903 0.000010
0.597618 0.000010 0.000010 0.000010 0.303265 0.099087
0.764619 0.235341 0.000010 0.000010 0.000010 0.000010
0.815580 0.184380 0.000010 0.000010 0.000010 0.000010
0.343692 0.656268 0.000010 0.000010 0.000010 0.000010
0.000010 0.008434 0.000010 0.082996 0.908541 0.000010
0.944803 0.000010 0.043186 0.000010 0.011981 0.000010
0.593444 0.406516 0.000010 0.000010 0.000010 0.000010
0.000010 0.220524 0.000010 0.779436 0.000010 0.000010
0.406940 0.593020 0.000010 0.000010 0.000010 0.000010
0.460623 0.414028 0.000010 0.024684 0.100646 0.000010
0.462546 0.521198 0.000010 0.016226 0.000010 0.000010
0.000010 0.000010 0.000010 0.000010 0.999950 0.000010
0.000010 0.483363 0.000010 0.000010 0.516597 0.000010
0.999950 0.000010 0.000010 0.000010 0.000010 0.000010
0.000010 0.449977 0.000010 0.010744 0.539249 0.000010
0.658063 0.341897 0.000010 0.000010 0.000010 0.000010
0.978436 0.000010 0.000010 0.021524 0.000010 0.000010
0.865080 0.015018 0.089699 0.000010 0.030182 0.000010
0.000010 0.999950 0.000010 0.000010 0.000010 0.000010
0.996436 0.000010 0.003524 0.000010 0.000010 0.000010
0.654459 0.295900 0.020566 0.000010 0.000010 0.029055
0.552894 0.447066 0.000010 0.000010 0.000010 0.000010
