0.000000	0.259435	0.256429	0.256677	0.310216	0.300463	0.259259	0.311741	0.253178	0.254549	0.294247	0.253208	0.301817	0.275308	0.312274	0.314929	0.255939	0.268123	0.306337	0.260005	0.257958	0.256688	0.263416	0.290451	0.316792	0.258828	0.257035	0.266802	0.263310	0.259182	0.266589	0.275544	0.253848	0.318020	0.278911	0.290379	0.296107	0.261166	0.254246	0.263990	0.294904	0.263205	0.278671	0.261187	0.288207	0.252308	0.257431	0.255712	0.280499	0.242185	0.263870	0.258971	0.268001	0.270202	0.266160	0.258311	0.266744	0.266992	0.266841	0.252734	0.255281	0.288062	0.321497	0.328048	0.260573	0.351570	0.347784	0.358767	0.261208	0.254334	0.266125	0.273778	0.261881	0.298243	0.261466	0.264762	0.257988	0.275316	0.280380	0.275446	0.275050	0.269132	0.261321	0.291732	0.291785	0.267299	0.285279	0.282609	0.281368	0.294873	0.282368	0.263910	0.269088	0.284543	0.257469	0.255267	0.314404	0.252519	0.255662	0.279582	0.269623	0.264204	0.278443	0.268100	0.274990	0.265507	0.271166	0.302197	0.255969	0.271443	0.267632	0.263947	
0.259435	0.000000	0.255960	0.259047	0.300588	0.297521	0.263083	0.306615	0.262692	0.262504	0.284716	0.256075	0.303019	0.275184	0.307545	0.305516	0.257668	0.272938	0.300806	0.262834	0.264879	0.260911	0.260571	0.281152	0.314787	0.258564	0.260047	0.264586	0.266846	0.262192	0.274120	0.274856	0.250464	0.313819	0.271722	0.279471	0.282272	0.260952	0.263406	0.260941	0.297047	0.272565	0.280977	0.256747	0.287358	0.259660	0.263022	0.256423	0.275921	0.250918	0.266028	0.264372	0.266923	0.269301	0.265047	0.265968	0.267147	0.266152	0.265734	0.261128	0.260010	0.287052	0.316707	0.325613	0.267196	0.345037	0.349605	0.348771	0.268834	0.260942	0.266659	0.272700	0.262250	0.291564	0.264228	0.265422	0.259704	0.268157	0.274993	0.269696	0.270480	0.271348	0.265403	0.285503	0.280110	0.261986	0.281043	0.279390	0.282313	0.280183	0.274747	0.257463	0.269624	0.272569	0.253482	0.268188	0.309594	0.256908	0.268880	0.278182	0.270634	0.266826	0.277788	0.265727	0.273225	0.270190	0.269859	0.307112	0.264880	0.270354	0.275048	0.266541	
0.256429	0.255960	0.000000	0.254929	0.311055	0.288803	0.258215	0.306955	0.257602	0.259734	0.291650	0.254610	0.301319	0.276400	0.309997	0.307692	0.256318	0.268111	0.306864	0.257678	0.260037	0.258491	0.269192	0.286334	0.316521	0.256045	0.259123	0.259578	0.265807	0.266873	0.265182	0.274827	0.253951	0.314566	0.279577	0.287610	0.290093	0.255575	0.267622	0.263236	0.293566	0.265962	0.285738	0.255242	0.279784	0.245722	0.252883	0.254896	0.278162	0.241311	0.258536	0.268741	0.263347	0.271367	0.261859	0.255992	0.267309	0.263761	0.259283	0.254435	0.264925	0.282458	0.317683	0.326349	0.261453	0.353598	0.353525	0.356602	0.263023	0.260222	0.263676	0.278775	0.261505	0.292586	0.261640	0.265108	0.258634	0.274166	0.282669	0.279383	0.272616	0.269873	0.261642	0.292793	0.286174	0.264109	0.283069	0.290475	0.288091	0.293062	0.284681	0.270039	0.271394	0.273617	0.252433	0.260895	0.307873	0.251188	0.261789	0.281507	0.275496	0.263011	0.286345	0.266858	0.278812	0.266236	0.274502	0.311629	0.257810	0.262820	0.269654	0.260998	
0.256677	0.259047	0.254929	0.000000	0.311427	0.303901	0.258259	0.316132	0.265292	0.261103	0.288765	0.259480	0.304543	0.274148	0.309622	0.315327	0.258000	0.269016	0.309395	0.260290	0.257955	0.258376	0.261236	0.279429	0.322701	0.257521	0.258250	0.265936	0.264284	0.261158	0.262262	0.263445	0.256775	0.315385	0.274437	0.278591	0.282991	0.258788	0.257939	0.265806	0.287603	0.264433	0.280828	0.257954	0.288631	0.255363	0.264780	0.258727	0.280666	0.250532	0.267762	0.263366	0.265488	0.265458	0.263211	0.262243	0.272714	0.257810	0.264762	0.257310	0.264738	0.288699	0.328147	0.331101	0.259327	0.352010	0.350303	0.349048	0.261032	0.256768	0.271268	0.276338	0.261569	0.294922	0.264552	0.263929	0.260188	0.271006	0.278664	0.270821	0.276493	0.268863	0.267087	0.289722	0.279453	0.264356	0.277972	0.278428	0.282581	0.281144	0.277836	0.265628	0.263137	0.278694	0.259161	0.257502	0.312997	0.263855	0.268015	0.276702	0.268625	0.264543	0.272663	0.271693	0.274325	0.269387	0.262783	0.296473	0.265702	0.266830	0.264438	0.264199	
0.310216	0.300588	0.311055	0.311427	0.000000	0.260244	0.311111	0.240276	0.311081	0.310015	0.335378	0.314340	0.249837	0.311808	0.290686	0.278929	0.311223	0.301342	0.252610	0.311540	0.310797	0.306184	0.310937	0.327081	0.253759	0.314863	0.308586	0.315257	0.315972	0.310161	0.317953	0.318004	0.308046	0.265332	0.323728	0.330842	0.330906	0.310753	0.315476	0.316074	0.334812	0.312171	0.328347	0.310276	0.280747	0.301851	0.310101	0.313752	0.313608	0.305393	0.318562	0.299368	0.316550	0.319103	0.316127	0.305353	0.287152	0.313061	0.309792	0.306467	0.307795	0.284462	0.291535	0.297902	0.317575	0.314821	0.309643	0.337880	0.311102	0.317758	0.316796	0.323403	0.314684	0.335636	0.311896	0.315879	0.304853	0.319429	0.331789	0.322093	0.318708	0.323276	0.313905	0.342905	0.334705	0.313378	0.324376	0.331002	0.325009	0.322068	0.327138	0.311555	0.327523	0.288896	0.307348	0.312816	0.238563	0.309132	0.319501	0.325453	0.326000	0.309962	0.324349	0.310413	0.301296	0.318411	0.322273	0.299170	0.306830	0.322486	0.310410	0.308797	
0.300463	0.297521	0.288803	0.303901	0.260244	0.000000	0.297407	0.270222	0.300178	0.307394	0.323564	0.302517	0.263553	0.305007	0.284535	0.283784	0.303541	0.292385	0.262061	0.302196	0.300683	0.305810	0.303643	0.321544	0.270051	0.300750	0.300431	0.309623	0.301843	0.302422	0.308833	0.314134	0.296877	0.270806	0.320283	0.321301	0.314309	0.299308	0.306554	0.308346	0.321472	0.306187	0.315322	0.299226	0.272202	0.297077	0.295705	0.291885	0.295916	0.295208	0.307570	0.295958	0.302734	0.307847	0.309449	0.295471	0.294724	0.300007	0.299219	0.297111	0.298943	0.277949	0.293887	0.300053	0.302220	0.312291	0.312637	0.332481	0.311355	0.307586	0.305547	0.312586	0.298479	0.324825	0.304799	0.302067	0.296814	0.309345	0.311732	0.315072	0.310973	0.313291	0.305782	0.328609	0.323635	0.300337	0.311543	0.310732	0.317716	0.318492	0.315896	0.305525	0.304279	0.291422	0.294095	0.304445	0.259290	0.291822	0.308494	0.319550	0.312988	0.306664	0.311624	0.306392	0.290476	0.309224	0.308987	0.296443	0.304214	0.309389	0.303594	0.289618	
0.259259	0.263083	0.258215	0.258259	0.311111	0.297407	0.000000	0.319087	0.264929	0.260195	0.278844	0.259914	0.304126	0.270027	0.301520	0.307543	0.258919	0.268153	0.310999	0.261405	0.253951	0.264009	0.267473	0.274596	0.323188	0.256079	0.257953	0.265611	0.261315	0.263383	0.265875	0.262815	0.256861	0.315834	0.264230	0.282356	0.279841	0.259259	0.254577	0.258362	0.284237	0.257544	0.275336	0.251207	0.289960	0.253062	0.255237	0.256630	0.276468	0.248723	0.264045	0.261036	0.262883	0.269543	0.267078	0.264263	0.262343	0.261028	0.262913	0.261913	0.262492	0.292064	0.327041	0.328965	0.261383	0.345663	0.351074	0.345154	0.269140	0.257303	0.263753	0.272964	0.265153	0.282420	0.259508	0.262122	0.262455	0.268858	0.265762	0.268588	0.268796	0.273186	0.260475	0.283672	0.280563	0.262524	0.267941	0.275484	0.272404	0.284891	0.278482	0.262772	0.254356	0.280583	0.256224	0.250842	0.321271	0.257268	0.256317	0.277539	0.266389	0.263524	0.271297	0.267958	0.276426	0.263460	0.266990	0.296363	0.261462	0.264558	0.263528	0.258463	
0.311741	0.306615	0.306955	0.316132	0.240276	0.270222	0.319087	0.000000	0.309854	0.315315	0.335927	0.322384	0.247395	0.315817	0.285368	0.283947	0.315536	0.303327	0.252405	0.319141	0.314617	0.313376	0.316468	0.326010	0.258508	0.323087	0.314455	0.320437	0.312156	0.316062	0.326268	0.324966	0.311017	0.260672	0.334823	0.329181	0.332571	0.318776	0.316102	0.316300	0.333962	0.314925	0.331551	0.312340	0.277299	0.304064	0.312722	0.308192	0.318365	0.305586	0.326157	0.300046	0.320740	0.317276	0.320568	0.313473	0.296277	0.315246	0.315123	0.309630	0.311936	0.288603	0.291005	0.294205	0.319201	0.311398	0.300087	0.340716	0.313589	0.321860	0.318209	0.322469	0.320491	0.347870	0.316574	0.318139	0.308313	0.322302	0.327952	0.328321	0.323582	0.325141	0.316352	0.347291	0.336248	0.315803	0.331981	0.333477	0.334272	0.324233	0.328185	0.317290	0.331023	0.286211	0.311930	0.320000	0.237986	0.313564	0.317125	0.333311	0.324458	0.320911	0.321816	0.318591	0.305336	0.321479	0.326050	0.304837	0.309263	0.329170	0.317710	0.314128	
0.253178	0.262692	0.257602	0.265292	0.311081	0.300178	0.264929	0.309854	0.000000	0.264948	0.300659	0.259944	0.298931	0.278382	0.314283	0.318304	0.263086	0.267629	0.304505	0.266368	0.271450	0.259188	0.268734	0.295062	0.315832	0.265811	0.264329	0.267345	0.264313	0.271273	0.270436	0.277321	0.253788	0.319791	0.280181	0.289423	0.286507	0.260692	0.261362	0.269838	0.288377	0.267715	0.288878	0.258760	0.282508	0.261239	0.257099	0.266584	0.281244	0.245612	0.265277	0.262753	0.269432	0.275123	0.269902	0.259701	0.269873	0.264622	0.267088	0.259273	0.264711	0.283858	0.320956	0.326095	0.263609	0.351449	0.340909	0.356797	0.261702	0.260836	0.271472	0.282095	0.264767	0.302480	0.263497	0.266937	0.261610	0.276864	0.285704	0.281330	0.271722	0.271554	0.273137	0.298472	0.290672	0.261545	0.283117	0.292305	0.288480	0.295107	0.286660	0.265367	0.278091	0.280700	0.266481	0.265539	0.310022	0.264985	0.271203	0.283911	0.271832	0.263056	0.277427	0.265465	0.282255	0.273924	0.272688	0.299387	0.259168	0.273355	0.272793	0.276435	
0.254549	0.262504	0.259734	0.261103	0.310015	0.307394	0.260195	0.315315	0.264948	0.000000	0.290047	0.257831	0.307558	0.279149	0.295848	0.312125	0.263491	0.268624	0.307018	0.268553	0.262835	0.263760	0.261289	0.285397	0.318931	0.263588	0.262473	0.265058	0.264276	0.263483	0.266682	0.278002	0.259344	0.319378	0.274100	0.279812	0.296217	0.258990	0.267457	0.268529	0.287224	0.263269	0.282851	0.262902	0.290430	0.251346	0.267035	0.259844	0.284473	0.249359	0.269670	0.268787	0.269215	0.276180	0.263505	0.267349	0.270950	0.260433	0.259537	0.260056	0.262282	0.290919	0.331265	0.340737	0.264725	0.361960	0.356977	0.351216	0.263794	0.262611	0.262411	0.278457	0.266980	0.293040	0.262431	0.260130	0.260400	0.273138	0.279699	0.269096	0.272023	0.274128	0.265146	0.292605	0.285541	0.262221	0.276516	0.277407	0.279609	0.283195	0.279943	0.268147	0.276613	0.278917	0.264761	0.262308	0.315884	0.261870	0.263493	0.282894	0.266599	0.262922	0.274029	0.270542	0.276952	0.268750	0.271822	0.309542	0.255756	0.271179	0.269355	0.272928	
0.294247	0.284716	0.291650	0.288765	0.335378	0.323564	0.278844	0.335927	0.300659	0.290047	0.000000	0.296367	0.331541	0.284264	0.299067	0.302153	0.275752	0.297925	0.336060	0.287368	0.280183	0.288065	0.285530	0.286728	0.336487	0.281580	0.283386	0.286899	0.253333	0.281527	0.286579	0.268820	0.288468	0.334634	0.281715	0.276256	0.277738	0.287971	0.279738	0.277382	0.299963	0.294913	0.275419	0.277602	0.325862	0.275554	0.296748	0.281576	0.296416	0.290851	0.286726	0.292095	0.281618	0.283363	0.280991	0.289903	0.294359	0.283159	0.293766	0.286419	0.281362	0.307699	0.344930	0.367352	0.277353	0.350083	0.364504	0.338536	0.285002	0.286594	0.289922	0.281821	0.282403	0.268605	0.282560	0.289512	0.292690	0.274203	0.277796	0.280059	0.286047	0.291085	0.276056	0.281366	0.287002	0.288625	0.278056	0.289617	0.277500	0.275977	0.272460	0.284784	0.276664	0.290698	0.281172	0.278654	0.341925	0.278674	0.280893	0.283589	0.277533	0.289274	0.285276	0.287536	0.285965	0.276310	0.284311	0.295346	0.290345	0.282969	0.284780	0.278270	
0.253208	0.256075	0.254610	0.259480	0.314340	0.302517	0.259914	0.322384	0.259944	0.257831	0.296367	0.000000	0.306517	0.277745	0.315565	0.318438	0.257620	0.264568	0.310000	0.259952	0.259609	0.259292	0.263171	0.285456	0.321299	0.258239	0.261650	0.264581	0.265506	0.257524	0.266953	0.280646	0.253594	0.319701	0.280447	0.281322	0.299368	0.249291	0.259054	0.269073	0.290813	0.263802	0.287123	0.261968	0.294680	0.250074	0.262740	0.251960	0.276023	0.243334	0.270131	0.272821	0.270626	0.271979	0.263948	0.259918	0.268724	0.261571	0.261906	0.257733	0.264977	0.296926	0.324057	0.323379	0.262041	0.356135	0.352320	0.350981	0.263148	0.259334	0.267969	0.278311	0.264051	0.304244	0.264349	0.267923	0.259679	0.272191	0.281491	0.278333	0.273334	0.269038	0.269703	0.292206	0.290072	0.257826	0.286126	0.288096	0.281706	0.298056	0.281570	0.263304	0.274897	0.280691	0.257411	0.261567	0.315796	0.262752	0.267215	0.282369	0.271816	0.263716	0.279452	0.264405	0.275910	0.266989	0.269084	0.301898	0.256119	0.274109	0.271881	0.266060	
0.301817	0.303019	0.301319	0.304543	0.249837	0.263553	0.304126	0.247395	0.298931	0.307558	0.331541	0.306517	0.000000	0.307898	0.281905	0.285445	0.308896	0.297054	0.252759	0.310184	0.312362	0.299730	0.310792	0.332319	0.256023	0.318340	0.310463	0.317322	0.308619	0.313507	0.318589	0.316786	0.305242	0.256809	0.323339	0.331694	0.335756	0.313568	0.311276	0.312202	0.329529	0.315680	0.326369	0.308018	0.274650	0.303298	0.301758	0.299634	0.306273	0.297297	0.327507	0.296356	0.316119	0.315229	0.310080	0.301789	0.295043	0.308785	0.309294	0.303763	0.307702	0.278168	0.288606	0.293039	0.308244	0.310484	0.301162	0.331977	0.311615	0.312764	0.313748	0.319426	0.311205	0.343541	0.311901	0.309593	0.304464	0.324846	0.327962	0.321512	0.311172	0.323256	0.318440	0.343115	0.333073	0.309091	0.319787	0.332307	0.327232	0.318299	0.332612	0.313426	0.319419	0.285161	0.308856	0.308696	0.245587	0.308611	0.314023	0.324996	0.326489	0.308637	0.320023	0.315029	0.292252	0.315738	0.326432	0.297896	0.305887	0.321834	0.311512	0.308094	
0.275308	0.275184	0.276400	0.274148	0.311808	0.305007	0.270027	0.315817	0.278382	0.279149	0.284264	0.277745	0.307898	0.000000	0.290821	0.307437	0.263604	0.269149	0.311888	0.268435	0.277650	0.281061	0.277373	0.286536	0.317612	0.273567	0.272699	0.277878	0.277629	0.278987	0.277671	0.279882	0.275807	0.306212	0.280714	0.287642	0.285255	0.285261	0.278494	0.276157	0.294833	0.282478	0.275760	0.272814	0.288635	0.268560	0.273838	0.269543	0.284302	0.269926	0.283676	0.278909	0.282044	0.277881	0.283659	0.274631	0.281049	0.276469	0.276550	0.280095	0.276950	0.294668	0.326679	0.335521	0.276502	0.338126	0.344365	0.344207	0.272117	0.276619	0.279026	0.286491	0.277472	0.288241	0.280420	0.284041	0.275268	0.279178	0.280314	0.281006	0.283227	0.279425	0.274818	0.299409	0.282889	0.275818	0.280870	0.286340	0.283194	0.291565	0.281504	0.278996	0.279520	0.296167	0.275849	0.277344	0.320289	0.277580	0.277188	0.281092	0.280914	0.283267	0.274632	0.282881	0.281639	0.278626	0.279351	0.302530	0.276737	0.281967	0.277696	0.276500	
0.312274	0.307545	0.309997	0.309622	0.290686	0.284535	0.301520	0.285368	0.314283	0.295848	0.299067	0.315565	0.281905	0.290821	0.000000	0.263538	0.308882	0.292384	0.279645	0.312853	0.300276	0.312109	0.301218	0.309558	0.288969	0.309189	0.299497	0.306181	0.309471	0.305294	0.309743	0.299794	0.304980	0.282920	0.305824	0.311167	0.298796	0.309520	0.303410	0.297614	0.309429	0.306328	0.300281	0.307158	0.292391	0.301750	0.311164	0.304795	0.306200	0.315812	0.309640	0.303214	0.302233	0.306533	0.302972	0.312529	0.301209	0.302330	0.310005	0.312965	0.300617	0.283769	0.309681	0.316259	0.314298	0.318455	0.321979	0.322038	0.304547	0.306414	0.315341	0.312261	0.304352	0.307213	0.302941	0.313909	0.305829	0.302082	0.298217	0.305607	0.312139	0.313275	0.305374	0.317459	0.310615	0.312465	0.307701	0.310727	0.310178	0.298357	0.310249	0.307982	0.312012	0.296581	0.308206	0.307685	0.284255	0.307262	0.308303	0.304455	0.310289	0.306452	0.288389	0.307956	0.300754	0.299178	0.299157	0.285951	0.303141	0.301592	0.303386	0.297168	
0.314929	0.305516	0.307692	0.315327	0.278929	0.283784	0.307543	0.283947	0.318304	0.312125	0.302153	0.318438	0.285445	0.307437	0.263538	0.000000	0.305275	0.307764	0.277345	0.307589	0.298487	0.315672	0.308073	0.307939	0.288990	0.305575	0.310604	0.308853	0.307344	0.306392	0.308002	0.296771	0.309669	0.280570	0.312911	0.313988	0.299919	0.314813	0.296047	0.303434	0.314645	0.309808	0.305710	0.307163	0.301887	0.300691	0.319288	0.307619	0.307435	0.313815	0.309699	0.305692	0.300688	0.306628	0.310564	0.313944	0.303195	0.303496	0.310146	0.309899	0.301745	0.294152	0.315866	0.312449	0.311587	0.313960	0.328959	0.311865	0.315461	0.307834	0.311891	0.308583	0.309413	0.305673	0.305827	0.311191	0.310305	0.303107	0.304328	0.308009	0.317511	0.309181	0.308123	0.312912	0.310091	0.313860	0.297341	0.309008	0.302058	0.292502	0.306446	0.311520	0.314419	0.304348	0.309251	0.302993	0.284236	0.303159	0.316647	0.309003	0.303767	0.316084	0.307415	0.310911	0.293742	0.299265	0.305152	0.290836	0.305897	0.307140	0.293639	0.303538	
0.255939	0.257668	0.256318	0.258000	0.311223	0.303541	0.258919	0.315536	0.263086	0.263491	0.275752	0.257620	0.308896	0.263604	0.308882	0.305275	0.000000	0.265276	0.312607	0.243899	0.256071	0.258422	0.262009	0.279984	0.319371	0.255713	0.258776	0.261322	0.261359	0.257892	0.264702	0.265155	0.256759	0.314451	0.271456	0.277700	0.288976	0.259786	0.258974	0.264873	0.290457	0.261677	0.279380	0.250929	0.295102	0.249678	0.258587	0.253374	0.282756	0.244721	0.268368	0.257018	0.266954	0.266134	0.266600	0.257893	0.270115	0.258355	0.265981	0.256141	0.263432	0.297295	0.324247	0.330089	0.261169	0.351887	0.355020	0.351224	0.256992	0.261579	0.262527	0.274937	0.263542	0.286761	0.255270	0.264536	0.257556	0.261359	0.273844	0.268328	0.271523	0.270098	0.262313	0.286066	0.278456	0.259866	0.266808	0.278062	0.271695	0.271879	0.271760	0.269089	0.270363	0.275070	0.255393	0.259145	0.314355	0.258447	0.255697	0.272860	0.265786	0.267124	0.268202	0.265639	0.277086	0.253368	0.269525	0.293446	0.247750	0.268889	0.260934	0.266344	
0.268123	0.272938	0.268111	0.269016	0.301342	0.292385	0.268153	0.303327	0.267629	0.268624	0.297925	0.264568	0.297054	0.269149	0.292384	0.307764	0.265276	0.000000	0.292967	0.271465	0.273281	0.270095	0.269658	0.295665	0.307019	0.264476	0.266444	0.276895	0.269847	0.267490	0.276075	0.281673	0.265561	0.313186	0.287394	0.288047	0.299913	0.273047	0.270224	0.268851	0.293364	0.275089	0.292534	0.264712	0.291411	0.266064	0.274423	0.262466	0.282645	0.251815	0.288027	0.269355	0.273965	0.282084	0.280479	0.269649	0.277580	0.272109	0.274538	0.265399	0.269395	0.283519	0.322394	0.326926	0.272675	0.353939	0.347042	0.353536	0.269247	0.275724	0.274861	0.281303	0.270425	0.310945	0.270738	0.277588	0.269662	0.281364	0.289560	0.278681	0.286679	0.277006	0.273929	0.300706	0.292564	0.276416	0.287603	0.291229	0.290577	0.290700	0.288484	0.275659	0.285685	0.282044	0.269019	0.280321	0.306331	0.273462	0.275312	0.284971	0.275249	0.281666	0.239720	0.280365	0.279699	0.280092	0.272120	0.301530	0.269010	0.264438	0.278698	0.281931	
0.306337	0.300806	0.306864	0.309395	0.252610	0.262061	0.310999	0.252405	0.304505	0.307018	0.336060	0.310000	0.252759	0.311888	0.279645	0.277345	0.312607	0.292967	0.000000	0.309976	0.311637	0.307407	0.311645	0.330957	0.256797	0.308708	0.307117	0.316135	0.310172	0.311947	0.319761	0.312779	0.304985	0.259500	0.323866	0.336847	0.331249	0.312371	0.312744	0.306009	0.332971	0.312696	0.326552	0.305027	0.279225	0.310847	0.306164	0.307318	0.311863	0.300727	0.321849	0.307539	0.319360	0.319254	0.316122	0.309900	0.291508	0.314686	0.307313	0.307200	0.302878	0.286231	0.286649	0.289569	0.310393	0.307226	0.302265	0.338422	0.307886	0.310958	0.309317	0.322790	0.311007	0.335359	0.309658	0.312666	0.301469	0.319004	0.325314	0.321522	0.315751	0.320262	0.314378	0.339477	0.332165	0.313245	0.325404	0.326874	0.328701	0.325324	0.328748	0.313221	0.326643	0.292131	0.305075	0.311973	0.246288	0.304182	0.318642	0.330206	0.320502	0.311881	0.316442	0.312919	0.272424	0.317757	0.327456	0.293046	0.304135	0.316442	0.306290	0.309373	
0.260005	0.262834	0.257678	0.260290	0.311540	0.302196	0.261405	0.319141	0.266368	0.268553	0.287368	0.259952	0.310184	0.268435	0.312853	0.307589	0.243899	0.271465	0.309976	0.000000	0.264432	0.262810	0.262737	0.274069	0.324044	0.261607	0.262581	0.264655	0.273174	0.266003	0.267810	0.265171	0.261355	0.318254	0.274888	0.277085	0.275930	0.262035	0.259085	0.266546	0.281866	0.266071	0.275681	0.264759	0.290001	0.257873	0.260403	0.261577	0.279246	0.251928	0.268083	0.264007	0.262953	0.274291	0.263158	0.258138	0.275166	0.260800	0.264481	0.265036	0.264085	0.293774	0.328045	0.333215	0.263545	0.349579	0.351334	0.347822	0.260434	0.263733	0.268064	0.277048	0.269819	0.289958	0.267105	0.266977	0.258600	0.263204	0.273177	0.271708	0.270149	0.262906	0.262758	0.278736	0.272781	0.264665	0.266349	0.276428	0.273101	0.286777	0.275910	0.267117	0.267540	0.278234	0.258444	0.257524	0.321557	0.261266	0.269226	0.269715	0.265309	0.267521	0.273390	0.265899	0.269918	0.258480	0.266705	0.291038	0.253608	0.265083	0.267659	0.264539	
0.257958	0.264879	0.260037	0.257955	0.310797	0.300683	0.253951	0.314617	0.271450	0.262835	0.280183	0.259609	0.312362	0.277650	0.300276	0.298487	0.256071	0.273281	0.311637	0.264432	0.000000	0.258694	0.259222	0.261599	0.322076	0.258870	0.256272	0.259234	0.269132	0.268027	0.265745	0.264867	0.255731	0.317177	0.267975	0.278793	0.278471	0.258795	0.258164	0.264529	0.284543	0.266817	0.276328	0.259495	0.290375	0.253958	0.264163	0.258956	0.280653	0.250216	0.263908	0.266163	0.262218	0.259334	0.264342	0.261458	0.270944	0.262783	0.262115	0.260556	0.261134	0.291514	0.327651	0.330716	0.263278	0.350095	0.354115	0.343274	0.266975	0.256700	0.262833	0.273932	0.262680	0.287728	0.260370	0.262662	0.259819	0.261135	0.275114	0.272739	0.270235	0.266659	0.262862	0.280690	0.281026	0.262505	0.268587	0.277778	0.273885	0.279251	0.276768	0.260777	0.263999	0.277913	0.260097	0.256265	0.318907	0.259549	0.261014	0.274935	0.269801	0.264096	0.280468	0.266365	0.265124	0.270077	0.262773	0.288266	0.264652	0.268884	0.263864	0.264065	
0.256688	0.260911	0.258491	0.258376	0.306184	0.305810	0.264009	0.313376	0.259188	0.263760	0.288065	0.259292	0.299730	0.281061	0.312109	0.315672	0.258422	0.270095	0.307407	0.262810	0.258694	0.000000	0.270970	0.285134	0.320557	0.259749	0.263226	0.269009	0.265999	0.261420	0.274651	0.271506	0.258978	0.317670	0.273056	0.278949	0.282966	0.259614	0.263598	0.264112	0.294056	0.261682	0.287627	0.258378	0.289189	0.260107	0.261678	0.260513	0.273321	0.249822	0.267925	0.263576	0.269973	0.274832	0.264970	0.261622	0.271763	0.260861	0.269638	0.261653	0.268348	0.291664	0.324355	0.330110	0.267037	0.352721	0.345572	0.349432	0.264128	0.259726	0.269103	0.280928	0.264778	0.298305	0.269335	0.265533	0.258320	0.267651	0.280717	0.280642	0.269643	0.276046	0.268927	0.291270	0.284750	0.262062	0.281893	0.286184	0.286553	0.287770	0.276386	0.269526	0.276206	0.280014	0.263593	0.266040	0.318542	0.258910	0.265733	0.282472	0.278592	0.262681	0.274025	0.268817	0.278484	0.271611	0.275188	0.305300	0.263161	0.274883	0.269107	0.270608	
0.263416	0.260571	0.269192	0.261236	0.310937	0.303643	0.267473	0.316468	0.268734	0.261289	0.285530	0.263171	0.310792	0.277373	0.301218	0.308073	0.262009	0.269658	0.311645	0.262737	0.259222	0.270970	0.000000	0.272752	0.322761	0.260209	0.261741	0.270356	0.266971	0.263716	0.261198	0.271501	0.265201	0.312091	0.278550	0.288205	0.269369	0.255642	0.263291	0.270384	0.286708	0.270124	0.282889	0.268224	0.288578	0.257552	0.265867	0.268290	0.277784	0.263838	0.277774	0.273112	0.273294	0.272063	0.266538	0.273063	0.273134	0.269133	0.269133	0.264942	0.269146	0.291069	0.327334	0.336462	0.262534	0.351678	0.347253	0.350639	0.263763	0.264226	0.270265	0.277333	0.264197	0.290702	0.269145	0.266794	0.265144	0.271190	0.280157	0.267787	0.271979	0.271141	0.273798	0.289199	0.281186	0.268191	0.274102	0.281310	0.275141	0.288901	0.279805	0.266359	0.260622	0.280745	0.260953	0.264014	0.321063	0.263867	0.270914	0.274856	0.268521	0.267722	0.278138	0.265756	0.273698	0.268355	0.266405	0.295590	0.261111	0.268980	0.264265	0.271460	
0.290451	0.281152	0.286334	0.279429	0.327081	0.321544	0.274596	0.326010	0.295062	0.285397	0.286728	0.285456	0.332319	0.286536	0.309558	0.307939	0.279984	0.295665	0.330957	0.274069	0.261599	0.285134	0.272752	0.000000	0.345860	0.277163	0.274910	0.274576	0.286855	0.281804	0.284257	0.276399	0.279938	0.332067	0.276773	0.290016	0.278523	0.282021	0.280031	0.279660	0.292337	0.282763	0.288400	0.279376	0.318963	0.276949	0.290883	0.285825	0.292842	0.277343	0.284939	0.291908	0.285681	0.269272	0.284766	0.283522	0.289932	0.277699	0.284550	0.290520	0.284932	0.309717	0.348011	0.350604	0.284769	0.356719	0.359297	0.343518	0.281813	0.283597	0.284889	0.282806	0.286842	0.291370	0.279399	0.281362	0.287726	0.284571	0.276529	0.279939	0.288723	0.279466	0.277314	0.286025	0.277225	0.281377	0.277472	0.286107	0.286659	0.284217	0.283087	0.278297	0.281552	0.293412	0.277953	0.278667	0.337412	0.279597	0.278678	0.279095	0.270297	0.284953	0.280015	0.284184	0.289468	0.273026	0.281500	0.303756	0.268954	0.282960	0.277411	0.277547	
0.316792	0.314787	0.316521	0.322701	0.253759	0.270051	0.323188	0.258508	0.315832	0.318931	0.336487	0.321299	0.256023	0.317612	0.288969	0.288990	0.319371	0.307019	0.256797	0.324044	0.322076	0.320557	0.322761	0.345860	0.000000	0.327236	0.318067	0.325885	0.314159	0.320273	0.325580	0.323793	0.318735	0.266383	0.334683	0.342621	0.341942	0.327121	0.322121	0.323242	0.339452	0.323937	0.330336	0.314353	0.288464	0.316383	0.320062	0.319289	0.318265	0.310517	0.331522	0.316063	0.328323	0.329492	0.324837	0.324219	0.303504	0.321542	0.321615	0.311189	0.316671	0.288445	0.289887	0.288833	0.322628	0.309963	0.300716	0.335872	0.321531	0.327674	0.326753	0.333393	0.322759	0.348052	0.320081	0.325174	0.312640	0.332573	0.337880	0.332961	0.327128	0.333523	0.317578	0.349477	0.342013	0.320313	0.335723	0.335752	0.341265	0.332000	0.338262	0.327349	0.336131	0.300556	0.314828	0.324503	0.256201	0.320189	0.328353	0.338876	0.338927	0.321807	0.332271	0.324129	0.311446	0.328255	0.325688	0.311280	0.318051	0.330579	0.321008	0.320925	
0.258828	0.258564	0.256045	0.257521	0.314863	0.300750	0.256079	0.323087	0.265811	0.263588	0.281580	0.258239	0.318340	0.273567	0.309189	0.305575	0.255713	0.264476	0.308708	0.261607	0.258870	0.259749	0.260209	0.277163	0.327236	0.000000	0.254662	0.260811	0.264408	0.257410	0.259935	0.265963	0.255546	0.318731	0.261194	0.283211	0.278103	0.254674	0.256760	0.262441	0.292854	0.268149	0.281320	0.260132	0.293146	0.254827	0.265299	0.258682	0.276007	0.245674	0.259478	0.273498	0.262699	0.271119	0.262162	0.262341	0.267884	0.261632	0.263028	0.260140	0.262270	0.295823	0.330918	0.336455	0.263509	0.357857	0.351670	0.347986	0.265074	0.257719	0.262487	0.274209	0.259983	0.290713	0.263000	0.263596	0.261923	0.268758	0.276891	0.270113	0.270905	0.268028	0.263545	0.285999	0.277848	0.258399	0.276034	0.284715	0.284326	0.285143	0.274347	0.268562	0.270288	0.276467	0.257148	0.252579	0.319345	0.260767	0.260547	0.276756	0.265798	0.269273	0.274614	0.270729	0.278877	0.263480	0.266634	0.304466	0.258229	0.271957	0.268618	0.263921	
0.257035	0.260047	0.259123	0.258250	0.308586	0.300431	0.257953	0.314455	0.264329	0.262473	0.283386	0.261650	0.310463	0.272699	0.299497	0.310604	0.258776	0.266444	0.307117	0.262581	0.256272	0.263226	0.261741	0.274910	0.318067	0.254662	0.000000	0.255433	0.262558	0.255601	0.261534	0.264893	0.259686	0.316783	0.270724	0.280356	0.278550	0.261781	0.264495	0.259628	0.284195	0.270058	0.282680	0.262085	0.290841	0.255089	0.262541	0.257758	0.281518	0.249122	0.263023	0.270491	0.274092	0.272463	0.268787	0.268993	0.270497	0.258523	0.264039	0.258420	0.258181	0.292900	0.328312	0.333288	0.263428	0.349086	0.348105	0.349629	0.264001	0.258487	0.261326	0.272653	0.264728	0.283968	0.258256	0.264864	0.260097	0.263551	0.277965	0.270994	0.271721	0.272646	0.263715	0.286806	0.278012	0.263573	0.273874	0.286405	0.280214	0.283205	0.271204	0.259012	0.264663	0.274751	0.254273	0.257705	0.317276	0.267356	0.266062	0.276414	0.268807	0.263520	0.274024	0.263298	0.277382	0.266307	0.264160	0.299351	0.264501	0.267999	0.266954	0.265190	
0.266802	0.264586	0.259578	0.265936	0.315257	0.309623	0.265611	0.320437	0.267345	0.265058	0.286899	0.264581	0.317322	0.277878	0.306181	0.308853	0.261322	0.276895	0.316135	0.264655	0.259234	0.269009	0.270356	0.274576	0.325885	0.260811	0.255433	0.000000	0.267602	0.265859	0.265270	0.267085	0.264677	0.320545	0.276331	0.285972	0.280241	0.264783	0.267466	0.263399	0.283490	0.267923	0.282431	0.263299	0.295140	0.256791	0.264318	0.263607	0.286943	0.253368	0.270089	0.272063	0.265170	0.276455	0.272201	0.268216	0.275415	0.270421	0.264927	0.262008	0.266335	0.298649	0.332658	0.343454	0.261462	0.355666	0.353976	0.353431	0.268362	0.265675	0.265912	0.277562	0.273235	0.288887	0.268876	0.266784	0.265409	0.270503	0.278247	0.276311	0.274832	0.272036	0.270412	0.290921	0.277619	0.266158	0.280568	0.278619	0.280313	0.280479	0.276787	0.268420	0.271451	0.278770	0.265555	0.264262	0.327891	0.263635	0.261840	0.276065	0.270085	0.265480	0.287082	0.266990	0.278745	0.269561	0.265952	0.308679	0.266189	0.272322	0.273400	0.270522	
0.263310	0.266846	0.265807	0.264284	0.315972	0.301843	0.261315	0.312156	0.264313	0.264276	0.253333	0.265506	0.308619	0.277629	0.309471	0.307344	0.261359	0.269847	0.310172	0.273174	0.269132	0.265999	0.266971	0.286855	0.314159	0.264408	0.262558	0.267602	0.000000	0.264227	0.263692	0.267990	0.259648	0.318242	0.274033	0.288059	0.291505	0.261493	0.266841	0.270474	0.294635	0.270657	0.282997	0.258401	0.291097	0.252966	0.263786	0.258025	0.278969	0.256588	0.273100	0.271117	0.272810	0.278634	0.267167	0.267171	0.272118	0.265078	0.271019	0.257558	0.266663	0.292815	0.328143	0.333873	0.257445	0.353196	0.345096	0.351431	0.271546	0.266433	0.268711	0.274620	0.266823	0.295054	0.266409	0.265486	0.259911	0.274101	0.281803	0.276405	0.275095	0.274044	0.270158	0.286641	0.286866	0.270011	0.277879	0.286420	0.285157	0.288347	0.277295	0.273954	0.270595	0.280202	0.264970	0.265768	0.315038	0.258053	0.268634	0.284434	0.273779	0.265273	0.275170	0.266972	0.278004	0.268930	0.274539	0.305056	0.263516	0.281117	0.264539	0.272036	
0.259182	0.262192	0.266873	0.261158	0.310161	0.302422	0.263383	0.316062	0.271273	0.263483	0.281527	0.257524	0.313507	0.278987	0.305294	0.306392	0.257892	0.267490	0.311947	0.266003	0.268027	0.261420	0.263716	0.281804	0.320273	0.257410	0.255601	0.265859	0.264227	0.000000	0.268881	0.272487	0.268533	0.315299	0.273775	0.286552	0.286991	0.263797	0.258923	0.266674	0.282442	0.272012	0.282736	0.259338	0.305066	0.258139	0.274639	0.253242	0.282064	0.248134	0.277832	0.277790	0.266923	0.276400	0.268714	0.267193	0.273735	0.263331	0.266080	0.260380	0.259441	0.292024	0.330515	0.335807	0.264835	0.352767	0.356543	0.345487	0.269430	0.262345	0.262580	0.270768	0.262840	0.287478	0.268661	0.262506	0.263211	0.265342	0.270341	0.272607	0.274823	0.271675	0.266760	0.282330	0.281246	0.262005	0.273875	0.281067	0.281285	0.282937	0.271379	0.269523	0.273514	0.278440	0.266877	0.262261	0.317371	0.263834	0.261532	0.276418	0.271771	0.269142	0.276346	0.270028	0.275682	0.264162	0.258541	0.298567	0.253114	0.265225	0.262240	0.266751	
0.266589	0.274120	0.265182	0.262262	0.317953	0.308833	0.265875	0.326268	0.270436	0.266682	0.286579	0.266953	0.318589	0.277671	0.309743	0.308002	0.264702	0.276075	0.319761	0.267810	0.265745	0.274651	0.261198	0.284257	0.325580	0.259935	0.261534	0.265270	0.263692	0.268881	0.000000	0.275894	0.264856	0.313620	0.261897	0.280999	0.274984	0.267195	0.270740	0.264181	0.286157	0.268638	0.281427	0.262970	0.297832	0.262152	0.265172	0.269451	0.280444	0.256490	0.267837	0.270370	0.268094	0.275651	0.270485	0.262038	0.277507	0.265518	0.263425	0.268631	0.265541	0.298425	0.334228	0.342905	0.264586	0.347791	0.355792	0.349134	0.265405	0.261290	0.261364	0.280499	0.266602	0.282313	0.263335	0.263978	0.261001	0.268452	0.278740	0.268707	0.276461	0.279483	0.267158	0.290937	0.274968	0.262778	0.278590	0.279243	0.281882	0.280138	0.274187	0.269686	0.270659	0.279366	0.265388	0.263195	0.322726	0.264798	0.267508	0.283946	0.267187	0.273296	0.272279	0.275413	0.279725	0.270270	0.269451	0.300363	0.262123	0.276070	0.265040	0.267127	
0.275544	0.274856	0.274827	0.263445	0.318004	0.314134	0.262815	0.324966	0.277321	0.278002	0.268820	0.280646	0.316786	0.279882	0.299794	0.296771	0.265155	0.281673	0.312779	0.265171	0.264867	0.271506	0.271501	0.276399	0.323793	0.265963	0.264893	0.267085	0.267990	0.272487	0.275894	0.000000	0.267350	0.314125	0.278778	0.276849	0.270361	0.269880	0.270114	0.267297	0.289763	0.270601	0.270624	0.263880	0.301662	0.261188	0.271258	0.273048	0.288321	0.269876	0.273342	0.283562	0.273630	0.268854	0.269445	0.271630	0.282413	0.263192	0.269823	0.271188	0.263683	0.294586	0.329980	0.343415	0.272266	0.342047	0.358537	0.336333	0.274674	0.266597	0.275567	0.271276	0.269360	0.280026	0.269645	0.271866	0.272860	0.263652	0.271130	0.275110	0.275245	0.277926	0.269021	0.278326	0.277590	0.278851	0.271491	0.277911	0.280255	0.277289	0.275832	0.265729	0.266413	0.286457	0.266099	0.264886	0.324994	0.263042	0.269245	0.278585	0.267429	0.270522	0.282682	0.280377	0.276334	0.271676	0.266219	0.288863	0.269997	0.266425	0.275446	0.270301	
0.253848	0.250464	0.253951	0.256775	0.308046	0.296877	0.256861	0.311017	0.253788	0.259344	0.288468	0.253594	0.305242	0.275807	0.304980	0.309669	0.256759	0.265561	0.304985	0.261355	0.255731	0.258978	0.265201	0.279938	0.318735	0.255546	0.259686	0.264677	0.259648	0.268533	0.264856	0.267350	0.000000	0.312359	0.274332	0.252516	0.286026	0.255376	0.255431	0.259962	0.294796	0.263051	0.274818	0.257646	0.284919	0.252473	0.258484	0.254361	0.278779	0.244640	0.265205	0.264099	0.251307	0.267478	0.265879	0.262691	0.261128	0.260283	0.264379	0.255244	0.258935	0.288393	0.327386	0.329059	0.262829	0.355271	0.348089	0.353241	0.260465	0.258440	0.261838	0.276893	0.260726	0.293172	0.258402	0.262219	0.259916	0.264174	0.275531	0.266192	0.274431	0.268438	0.265008	0.288905	0.276600	0.261736	0.277459	0.285801	0.277689	0.282145	0.276174	0.261225	0.274382	0.273928	0.251735	0.257069	0.315039	0.259791	0.261587	0.278934	0.263216	0.267236	0.278165	0.268219	0.270793	0.266482	0.266671	0.298293	0.258043	0.271375	0.261770	0.267198	
0.318020	0.313819	0.314566	0.315385	0.265332	0.270806	0.315834	0.260672	0.319791	0.319378	0.334634	0.319701	0.256809	0.306212	0.282920	0.280570	0.314451	0.313186	0.259500	0.318254	0.317177	0.317670	0.312091	0.332067	0.266383	0.318731	0.316783	0.320545	0.318242	0.315299	0.313620	0.314125	0.312359	0.000000	0.325469	0.328044	0.323964	0.321794	0.316401	0.317774	0.332861	0.323995	0.326372	0.312911	0.290278	0.311057	0.310839	0.313512	0.314280	0.314535	0.327445	0.312377	0.325068	0.314166	0.317938	0.319170	0.307108	0.312605	0.320114	0.312801	0.314394	0.291133	0.297714	0.303725	0.315080	0.309570	0.307707	0.331076	0.315031	0.321157	0.322710	0.324677	0.320333	0.328902	0.313935	0.314045	0.316973	0.323456	0.320057	0.327231	0.319409	0.328482	0.316738	0.335445	0.332693	0.316603	0.314364	0.323860	0.320637	0.322660	0.327321	0.316626	0.322985	0.295648	0.316011	0.318587	0.253399	0.314524	0.319306	0.326427	0.324407	0.318944	0.323304	0.320532	0.301853	0.319670	0.325265	0.299263	0.317184	0.319430	0.308575	0.314554	
0.278911	0.271722	0.279577	0.274437	0.323728	0.320283	0.264230	0.334823	0.280181	0.274100	0.281715	0.280447	0.323339	0.280714	0.305824	0.312911	0.271456	0.287394	0.323866	0.274888	0.267975	0.273056	0.278550	0.276773	0.334683	0.261194	0.270724	0.276331	0.274033	0.273775	0.261897	0.278778	0.274332	0.325469	0.000000	0.282130	0.276841	0.280630	0.269591	0.268636	0.290952	0.273066	0.280409	0.271333	0.304742	0.267053	0.272932	0.265730	0.292694	0.265659	0.271025	0.277986	0.269678	0.275309	0.269367	0.270537	0.279526	0.266285	0.279772	0.276618	0.272352	0.299740	0.340639	0.349680	0.268144	0.352180	0.362594	0.343845	0.273814	0.266850	0.274139	0.279446	0.277796	0.280200	0.271641	0.270009	0.273828	0.273648	0.274122	0.269896	0.283602	0.281773	0.272351	0.276057	0.278838	0.265058	0.275166	0.273192	0.276895	0.280577	0.276402	0.267498	0.280170	0.285751	0.273838	0.266438	0.325014	0.270696	0.273196	0.276934	0.271577	0.276114	0.290663	0.282640	0.275280	0.273154	0.269677	0.296878	0.271183	0.272235	0.271969	0.259667	
0.290379	0.279471	0.287610	0.278591	0.330842	0.321301	0.282356	0.329181	0.289423	0.279812	0.276256	0.281322	0.331694	0.287642	0.311167	0.313988	0.277700	0.288047	0.336847	0.277085	0.278793	0.278949	0.288205	0.290016	0.342621	0.283211	0.280356	0.285972	0.288059	0.286552	0.280999	0.276849	0.252516	0.328044	0.282130	0.000000	0.288780	0.286229	0.284719	0.284342	0.300353	0.292844	0.283731	0.283730	0.318431	0.269933	0.289499	0.275586	0.295012	0.277165	0.286547	0.283204	0.271784	0.282114	0.279874	0.284849	0.288021	0.275806	0.291407	0.287537	0.279961	0.306482	0.342571	0.350778	0.283227	0.359547	0.362167	0.342854	0.280533	0.284068	0.286419	0.284355	0.284360	0.282324	0.288665	0.281901	0.286521	0.277765	0.277837	0.279827	0.298784	0.289481	0.278746	0.288784	0.290596	0.288777	0.275850	0.288043	0.274278	0.277861	0.280829	0.282790	0.276640	0.292852	0.279850	0.278012	0.338503	0.280559	0.288159	0.282162	0.276051	0.290814	0.289760	0.285714	0.289349	0.282743	0.274005	0.302328	0.280892	0.278155	0.276715	0.281576	
0.296107	0.282272	0.290093	0.282991	0.330906	0.314309	0.279841	0.332571	0.286507	0.296217	0.277738	0.299368	0.335756	0.285255	0.298796	0.299919	0.288976	0.299913	0.331249	0.275930	0.278471	0.282966	0.269369	0.278523	0.341942	0.278103	0.278550	0.280241	0.291505	0.286991	0.274984	0.270361	0.286026	0.323964	0.276841	0.288780	0.000000	0.286529	0.279344	0.274573	0.287825	0.289907	0.288414	0.275750	0.315759	0.274110	0.287132	0.277312	0.288618	0.294118	0.286157	0.286641	0.282921	0.276056	0.278974	0.291873	0.291752	0.277055	0.284163	0.296427	0.282592	0.301838	0.340825	0.342347	0.279705	0.341398	0.352578	0.332214	0.285094	0.280741	0.285871	0.290804	0.285983	0.279431	0.287452	0.278243	0.279261	0.273262	0.277116	0.282363	0.287966	0.288576	0.282236	0.283779	0.287791	0.287137	0.274157	0.290230	0.275568	0.271016	0.278974	0.286948	0.277500	0.296635	0.285976	0.278147	0.339418	0.280617	0.286346	0.284159	0.282919	0.290808	0.282311	0.283575	0.284446	0.269473	0.273041	0.301556	0.284386	0.279847	0.280355	0.278089	
0.261166	0.260952	0.255575	0.258788	0.310753	0.299308	0.259259	0.318776	0.260692	0.258990	0.287971	0.249291	0.313568	0.285261	0.309520	0.314813	0.259786	0.273047	0.312371	0.262035	0.258795	0.259614	0.255642	0.282021	0.327121	0.254674	0.261781	0.264783	0.261493	0.263797	0.267195	0.269880	0.255376	0.321794	0.280630	0.286229	0.286529	0.000000	0.255183	0.270735	0.289092	0.258717	0.290564	0.259794	0.282145	0.255901	0.264621	0.254808	0.283303	0.246902	0.267569	0.262543	0.265608	0.269072	0.262466	0.258881	0.270844	0.260145	0.261500	0.254961	0.265273	0.292680	0.325215	0.333242	0.258683	0.353841	0.350676	0.361179	0.267295	0.256594	0.268461	0.276418	0.261398	0.294935	0.261592	0.263298	0.258863	0.268999	0.282034	0.278625	0.275643	0.274698	0.266921	0.295346	0.283867	0.265635	0.285395	0.290859	0.291424	0.294830	0.278354	0.270690	0.277982	0.284474	0.259771	0.259240	0.317223	0.257649	0.266241	0.284382	0.274849	0.269945	0.280127	0.273263	0.276399	0.269966	0.266870	0.307614	0.264829	0.268523	0.274613	0.263736	
0.254246	0.263406	0.267622	0.257939	0.315476	0.306554	0.254577	0.316102	0.261362	0.267457	0.279738	0.259054	0.311276	0.278494	0.303410	0.296047	0.258974	0.270224	0.312744	0.259085	0.258164	0.263598	0.263291	0.280031	0.322121	0.256760	0.264495	0.267466	0.266841	0.258923	0.270740	0.270114	0.255431	0.316401	0.269591	0.284719	0.279344	0.255183	0.000000	0.263034	0.285587	0.264146	0.272902	0.256706	0.299008	0.257342	0.265291	0.260737	0.283507	0.254774	0.261704	0.269991	0.262536	0.275667	0.265986	0.259219	0.272049	0.261278	0.263681	0.256789	0.259436	0.290834	0.330046	0.335487	0.264829	0.350248	0.348198	0.349591	0.261636	0.260072	0.268152	0.273255	0.265185	0.295551	0.263479	0.265124	0.256566	0.264626	0.269668	0.273665	0.272032	0.266060	0.265822	0.285113	0.280583	0.265577	0.274335	0.285122	0.280004	0.286760	0.272241	0.270614	0.270704	0.280929	0.260599	0.264204	0.319171	0.263413	0.259466	0.279737	0.269533	0.269342	0.275890	0.269666	0.275373	0.269318	0.267502	0.300113	0.264172	0.269018	0.271177	0.265200	
