0.899599	0.009690	0.014598	0.015775	-0.056494	-0.043103	-0.000322	-0.049781	0.025289	0.020361	-0.037879	0.033415	-0.039316	-0.010948	-0.059731	-0.072673	0.006224	0.003048	-0.051938	0.011087	0.010216	0.019060	0.003914	-0.029901	-0.043936	0.012045	0.020398	-0.002741	0.009965	0.024748	-0.000821	-0.023862	0.014800	-0.063169	-0.024255	-0.040686	-0.045405	0.008558	0.020493	0.002320	-0.036432	0.007762	-0.010825	0.002698	-0.029086	0.009180	0.013717	0.005016	-0.017077	0.036071	0.008435	0.013634	-0.009734	-0.009498	-0.001359	0.011061	-0.007292	-0.019000	-0.003834	0.024002	0.016656	-0.019210	-0.057831	-0.050809	0.000784	-0.097557	-0.081534	-0.103232	0.011628	0.022704	0.001208	-0.003688	0.001082	-0.048929	0.011824	-0.001342	0.008554	-0.025896	-0.021575	-0.014943	-0.020161	-0.000774	0.005574	-0.026708	-0.038907	-0.007627	-0.031470	-0.017926	-0.022805	-0.049681	-0.029383	0.001836	0.000998	-0.035784	0.010840	0.017122	-0.053735	0.020281	0.032710	-0.019126	-0.003765	0.001395	-0.019612	-0.008414	-0.009714	-0.001854	-0.000054	-0.037298	0.016137	-0.013845	-0.002817	0.002661	
0.009690	0.897817	0.020812	0.014438	-0.019565	-0.033308	-0.002547	-0.033379	0.007238	0.011177	-0.018999	0.024117	-0.037314	-0.000666	-0.053144	-0.044558	0.009629	-0.006692	-0.032303	0.004418	-0.011149	0.012824	0.011740	-0.011633	-0.042392	0.009665	0.006875	0.009611	-0.001838	0.005484	-0.020291	-0.016907	0.023642	-0.048737	-0.003946	-0.010533	-0.023539	0.006566	0.003438	0.016708	-0.033214	-0.015145	-0.023146	0.010112	-0.031802	-0.007881	-0.005388	0.002646	-0.008697	0.011515	-0.000769	-0.004158	-0.002522	-0.001895	-0.004456	-0.005318	-0.005569	-0.008020	-0.004806	0.002078	0.002913	-0.024404	-0.043028	-0.054136	-0.011897	-0.072774	-0.083785	-0.074996	-0.015449	0.004342	-0.005379	0.000000	0.002869	-0.036107	-0.003582	0.002893	0.000256	-0.006115	-0.007775	0.000597	-0.004403	-0.003004	-0.001951	-0.022232	-0.007118	0.001968	-0.029235	-0.018882	-0.026344	-0.015993	-0.007678	0.023289	-0.004259	-0.002324	0.019593	-0.016879	-0.027802	0.010017	-0.015017	-0.011906	-0.004457	-0.004029	-0.018963	-0.005770	-0.013297	-0.015145	-0.014043	-0.060650	-0.007848	-0.016441	-0.024545	-0.004761	
0.014598	0.020812	0.908248	0.022188	-0.052467	-0.005575	0.006129	-0.030686	0.012417	0.010375	-0.031288	0.028102	-0.036429	-0.006136	-0.058454	-0.049512	0.010510	0.005756	-0.048730	0.014943	0.001598	0.013765	-0.008996	-0.027764	-0.049242	0.015469	0.004473	0.014858	-0.000462	-0.005720	-0.000210	-0.010496	0.016556	-0.053060	-0.027322	-0.030786	-0.040547	0.019473	-0.012730	0.007653	-0.034358	-0.003554	-0.025798	0.011186	-0.005940	0.028719	0.021718	0.007839	-0.019521	0.030401	0.018750	-0.012636	0.006716	-0.015655	0.000575	0.018734	-0.007608	-0.010004	0.007961	0.017174	-0.009318	-0.018885	-0.041280	-0.049261	0.007767	-0.090882	-0.091095	-0.098179	-0.003137	0.005274	0.000670	-0.018961	0.007656	-0.035787	0.000683	-0.005916	0.008492	-0.021877	-0.026826	-0.019324	-0.013643	-0.003527	0.010300	-0.034312	-0.026562	-0.001568	-0.032061	-0.035339	-0.038759	-0.038367	-0.032240	-0.010712	-0.004963	-0.005488	0.021766	0.004691	-0.032826	0.027357	0.010347	-0.026127	-0.025008	0.004154	-0.035826	-0.009172	-0.022553	-0.004149	-0.014771	-0.064583	0.006600	0.007743	-0.010828	0.008781	
0.015775	0.014438	0.022188	0.893101	-0.054964	-0.047388	0.015954	-0.059731	0.003441	0.010763	-0.026837	0.014456	-0.041561	0.000108	-0.065078	-0.069924	0.009809	0.000491	-0.052558	0.006899	0.015403	0.014046	0.009206	-0.008553	-0.067474	0.014172	0.012697	0.002490	0.001508	0.003341	0.011604	0.010050	0.011778	-0.059880	-0.012747	-0.015119	-0.016683	0.015943	0.018807	-0.002282	-0.014674	0.002132	-0.024492	-0.000868	-0.027340	-0.002061	-0.007955	-0.003308	-0.023739	0.009272	-0.006633	-0.007668	0.003598	0.008169	0.006648	0.008658	-0.017281	0.006069	-0.001149	0.020173	-0.004502	-0.028256	-0.083160	-0.074473	0.013503	-0.091666	-0.084757	-0.084867	0.012411	0.021599	-0.013715	-0.007924	0.009036	-0.045911	0.006444	0.008773	0.015231	-0.011646	-0.022538	-0.004965	-0.019102	0.009359	-0.007153	-0.027226	-0.002080	-0.003540	-0.023930	-0.014813	-0.022983	-0.030143	-0.017555	0.002968	0.015135	-0.011986	0.005133	0.018883	-0.044110	-0.005478	-0.009623	-0.005521	-0.004624	-0.001402	-0.012678	-0.012071	-0.017950	-0.012018	0.008334	-0.036958	-0.013565	0.000466	-0.001707	0.002189	
-0.056494	-0.019565	-0.052467	-0.054964	1.274170	0.233870	-0.052566	0.349047	-0.053410	-0.051010	-0.079307	-0.055985	0.298618	-0.027169	0.134407	0.163068	-0.054695	-0.006561	0.297440	-0.059064	-0.054401	-0.038183	-0.053223	-0.067932	0.323325	-0.066764	-0.049026	-0.057187	-0.055319	-0.053292	-0.058219	-0.060647	-0.049642	0.267986	-0.068818	-0.061548	-0.065118	-0.049662	-0.063685	-0.061557	-0.054450	-0.046369	-0.064978	-0.063277	0.118193	-0.046930	-0.042016	-0.071411	-0.006427	-0.054104	-0.068273	-0.005143	-0.059353	-0.071114	-0.062736	-0.042874	0.053319	-0.058887	-0.045891	-0.043182	-0.049929	0.093218	0.179610	0.176904	-0.071182	0.156602	0.189862	0.098621	-0.057348	-0.072199	-0.058048	-0.058691	-0.055217	-0.080700	-0.052094	-0.053096	-0.043754	-0.071185	-0.077582	-0.066172	-0.055635	-0.063296	-0.054120	-0.097977	-0.083410	-0.061738	-0.073217	-0.068688	-0.057629	-0.049997	-0.074683	-0.055396	-0.084316	0.071893	-0.042583	-0.058601	0.378991	-0.053077	-0.066261	-0.070621	-0.089940	-0.049055	-0.050654	-0.047848	0.021097	-0.064898	-0.056570	0.071769	-0.036540	-0.066613	-0.040016	-0.038042	
-0.043103	-0.033308	-0.005575	-0.047388	0.233870	1.191312	-0.027781	0.208604	-0.036263	-0.050014	-0.064814	-0.031353	0.209389	-0.026224	0.097769	0.128512	-0.054664	-0.001118	0.236413	-0.044403	-0.050708	-0.053161	-0.046171	-0.055309	0.238870	-0.040323	-0.041690	-0.054488	-0.039736	-0.048889	-0.057051	-0.061867	-0.035114	0.216153	-0.070804	-0.057954	-0.033620	-0.026593	-0.055090	-0.057667	-0.042621	-0.049720	-0.050785	-0.048752	0.107172	-0.051284	-0.025905	-0.034377	-0.005576	-0.042954	-0.049523	-0.016593	-0.049065	-0.053521	-0.063972	-0.027224	-0.004701	-0.039229	-0.039682	-0.034033	-0.042726	0.075141	0.131217	0.133946	-0.053492	0.151266	0.154838	0.086780	-0.074755	-0.063759	-0.048231	-0.054001	-0.030335	-0.065242	-0.050462	-0.039441	-0.035189	-0.057376	-0.045909	-0.067518	-0.048891	-0.063468	-0.054754	-0.079629	-0.062169	-0.039827	-0.056229	-0.024362	-0.066003	-0.044043	-0.061199	-0.050215	-0.024575	0.034398	-0.018512	-0.052497	0.260728	-0.011209	-0.056829	-0.057127	-0.066854	-0.049343	-0.036742	-0.049212	0.017154	-0.054717	-0.054652	0.048464	-0.048275	-0.054482	-0.040428	0.004728	
-0.000322	-0.002547	0.006129	0.015954	-0.052566	-0.027781	0.892975	-0.073042	-0.001542	0.003298	-0.011418	0.007296	-0.046187	-0.003615	-0.042496	-0.032777	-0.001808	0.003113	-0.061837	0.002921	0.010065	-0.002461	-0.006701	-0.002706	-0.064049	0.019421	0.013127	-0.001613	0.016326	-0.005638	-0.004790	0.007406	0.007486	-0.049687	0.017514	-0.023140	-0.015737	0.006391	0.024748	0.020122	-0.016699	0.014814	-0.013235	0.014504	-0.033843	0.005008	0.012972	-0.006206	-0.024186	0.009448	0.002630	0.004187	-0.003386	-0.012867	-0.007926	-0.002737	0.005212	0.001309	0.003006	-0.003575	-0.005573	-0.038036	-0.069522	-0.066728	-0.002605	-0.078559	-0.092467	-0.086162	-0.017922	0.007955	-0.002880	-0.012425	-0.004040	-0.022730	0.004489	0.002554	-0.005963	-0.016998	-0.001988	0.004538	-0.008063	-0.012773	0.006907	-0.012357	-0.010995	-0.000391	0.004685	-0.010209	-0.003282	-0.032689	-0.026702	0.009280	0.039855	-0.032970	0.009484	0.025457	-0.069994	0.003877	0.021977	-0.018214	0.000672	-0.003497	0.000364	-0.014249	-0.020781	-0.008093	-0.002323	-0.040473	-0.001667	-0.000567	-0.000209	0.009455	
-0.049781	-0.033379	-0.030686	-0.059731	0.349047	0.208604	-0.073042	1.294180	-0.032003	-0.051553	-0.074263	-0.071349	0.318018	-0.028142	0.151942	0.170286	-0.065772	-0.000438	0.311597	-0.065164	-0.061206	-0.046634	-0.055070	-0.054747	0.332800	-0.081469	-0.058204	-0.061123	-0.041483	-0.054671	-0.076130	-0.065580	-0.052699	0.301680	-0.087161	-0.051708	-0.045828	-0.059491	-0.060624	-0.057982	-0.045053	-0.052930	-0.074187	-0.052624	0.123055	-0.048722	-0.047304	-0.055810	-0.012567	-0.051742	-0.077566	0.007798	-0.070261	-0.053784	-0.069120	-0.056248	0.027889	-0.061840	-0.054394	-0.041852	-0.054663	0.080687	0.191042	0.196460	-0.074832	0.189093	0.227157	0.095250	-0.053184	-0.081341	-0.053761	-0.052723	-0.063525	-0.103733	-0.058278	-0.058034	-0.041957	-0.069391	-0.060671	-0.077293	-0.060140	-0.064147	-0.056811	-0.099052	-0.077263	-0.055427	-0.088598	-0.061907	-0.076323	-0.049540	-0.068185	-0.058779	-0.084193	0.092835	-0.048441	-0.068420	0.396016	-0.053013	-0.057480	-0.077492	-0.071668	-0.073828	-0.027827	-0.060393	0.018316	-0.062634	-0.073790	0.071258	-0.044338	-0.082259	-0.055039	-0.038905	
0.025289	0.007238	0.012417	0.003441	-0.053410	-0.036263	-0.001542	-0.032003	0.944924	0.008098	-0.047158	0.013963	-0.014348	-0.007394	-0.057872	-0.070093	-0.000832	0.020525	-0.033901	-0.001125	-0.019606	0.022201	0.004541	-0.044238	-0.038382	-0.003560	0.005170	0.005576	0.015328	-0.007081	-0.004055	-0.018948	0.028238	-0.053469	-0.017097	-0.024684	-0.016844	0.019584	0.012383	0.003678	-0.012953	0.002293	-0.022270	0.003665	-0.009114	-0.006291	0.013753	-0.019157	-0.021815	0.025723	0.009484	0.003847	-0.004312	-0.009403	-0.005115	0.026842	-0.008029	-0.006105	0.005730	0.015471	-0.004913	-0.006353	-0.046858	-0.040481	0.003776	-0.078034	-0.046702	-0.086133	0.016162	0.008516	-0.016075	-0.016496	0.007152	-0.064874	0.008408	0.002787	0.006631	-0.016778	-0.029459	-0.028606	-0.000392	0.003725	-0.018482	-0.033623	-0.026026	0.010489	-0.032305	-0.035132	-0.033924	-0.048842	-0.025173	0.007437	-0.013869	-0.017078	-0.007872	0.001928	-0.027147	0.000748	-0.006901	-0.012611	-0.004932	0.010277	0.006253	0.010137	-0.026845	-0.013045	-0.013812	-0.032737	0.010290	-0.007853	-0.008185	-0.027944	
0.020361	0.011177	0.010375	0.010763	-0.051010	-0.050014	0.003298	-0.051553	0.008098	0.918762	-0.020635	0.025556	-0.049852	-0.010861	-0.027158	-0.058404	-0.001779	0.008764	-0.041705	-0.005681	0.007314	0.007680	0.021203	-0.010034	-0.050827	0.008091	0.009158	0.013214	0.011424	0.001216	0.005837	-0.020332	0.007623	-0.061374	-0.002463	0.005903	-0.044562	0.020263	-0.005512	-0.002838	-0.018404	0.021876	-0.024215	0.008717	-0.034019	0.015077	-0.005776	0.003029	-0.035616	0.020489	-0.003135	-0.010092	-0.001759	-0.014447	0.005713	-0.005657	-0.012345	0.008422	0.013635	0.011316	0.003710	-0.041252	-0.078221	-0.088856	-0.000843	-0.112331	-0.100124	-0.081035	-0.001899	0.003200	0.019389	-0.011517	-0.006395	-0.025738	0.010265	0.017450	0.010501	-0.014608	-0.010847	0.005722	-0.001141	-0.001360	-0.000931	-0.025322	-0.018347	0.012762	-0.012967	0.000825	-0.013202	-0.016466	-0.011682	-0.010173	-0.014574	-0.012523	-0.006808	0.003662	-0.054303	0.003222	0.007125	-0.017197	0.014052	0.011636	0.003110	-0.011812	-0.020552	-0.005225	-0.009248	-0.063891	0.020505	-0.005317	-0.007467	-0.020216	
-0.037879	-0.018999	-0.031288	-0.026837	-0.079307	-0.064814	-0.011418	-0.074263	-0.047158	-0.020635	1.037655	-0.037419	-0.071640	0.007713	0.002823	0.016230	0.006786	-0.036311	-0.082808	-0.027547	0.000530	-0.017921	-0.016965	0.029772	-0.062419	-0.002873	-0.016017	-0.011243	0.087177	0.004399	-0.005919	0.052458	-0.033084	-0.059143	0.028411	0.065424	0.059409	-0.021081	-0.006920	0.002017	0.019662	-0.030221	0.039653	-0.002811	-0.083096	-0.009979	-0.045016	-0.002490	-0.026664	-0.053583	-0.006307	-0.043717	0.000640	0.005074	-0.000484	-0.033311	-0.038854	-0.020750	-0.022812	-0.021732	-0.007552	-0.049888	-0.087403	-0.116550	-0.000554	-0.034130	-0.067865	0.020063	-0.011360	-0.017933	-0.026980	0.028497	-0.002712	0.104191	-0.008638	-0.017557	-0.035725	0.019517	0.031247	0.011815	0.002338	-0.005579	0.012796	0.068226	0.034561	-0.018620	0.028425	0.021168	0.050027	0.057400	0.050261	-0.004105	0.026431	-0.012358	-0.016155	-0.008821	-0.086110	-0.003035	-0.004297	0.024978	0.022452	-0.026271	0.008836	-0.019186	-0.007336	0.014465	-0.003510	0.009742	-0.032551	-0.008911	-0.013237	0.006780	
0.033415	0.024117	0.028102	0.014456	-0.055985	-0.031353	0.007296	-0.071349	0.013963	0.025556	-0.037419	0.919208	-0.043178	-0.008257	-0.062941	-0.072121	0.008203	0.009086	-0.050441	0.014648	0.007757	0.015837	0.009859	-0.010869	-0.050439	0.017993	0.008742	0.010725	0.003834	0.027802	0.000225	-0.035433	0.019540	-0.055641	-0.020734	-0.002932	-0.051712	0.055468	0.016098	-0.003199	-0.026083	0.008866	-0.029941	-0.002139	-0.041531	0.009886	0.007769	0.010446	-0.013937	0.025735	-0.011398	-0.025133	-0.009420	-0.016465	0.004664	0.012451	-0.000239	0.006111	0.006097	0.011449	-0.007685	-0.051508	-0.062474	-0.032808	-0.002707	-0.092587	-0.084605	-0.074874	0.005493	0.015049	-0.004239	-0.016889	-0.000253	-0.061066	0.002493	-0.011633	0.011385	-0.008058	-0.018581	-0.020571	-0.007312	0.004357	-0.011097	-0.018715	-0.029344	0.021820	-0.039046	-0.024037	-0.009225	-0.047877	-0.025498	0.014327	-0.014746	-0.022075	0.006326	0.005513	-0.051461	0.001069	0.001775	-0.022570	-0.008570	0.010862	-0.012219	0.002702	-0.016968	-0.004121	-0.008313	-0.051246	0.020637	-0.025805	-0.006052	-0.003555	
-0.039316	-0.037314	-0.036429	-0.041561	0.298618	0.209389	-0.046187	0.318018	-0.014348	-0.049852	-0.071640	-0.043178	1.240787	-0.010378	0.169195	0.144140	-0.061027	-0.000806	0.291630	-0.055822	-0.055107	-0.021983	-0.041355	-0.077902	0.314420	-0.073690	-0.062407	-0.070669	-0.045882	-0.053552	-0.071354	-0.055334	-0.045478	0.288795	-0.072495	-0.073383	-0.068979	-0.060836	-0.061562	-0.055731	-0.055262	-0.062867	-0.065570	-0.063979	0.114651	-0.062994	-0.033503	-0.036842	-0.015623	-0.045809	-0.095588	-0.009622	-0.067552	-0.051280	-0.043110	-0.031477	0.006209	-0.042020	-0.052842	-0.042628	-0.051712	0.104410	0.179706	0.179651	-0.055337	0.175331	0.206543	0.106988	-0.058919	-0.062752	-0.053684	-0.055709	-0.051795	-0.097882	-0.059652	-0.045237	-0.047992	-0.092108	-0.071927	-0.073342	-0.038928	-0.067374	-0.074017	-0.101901	-0.084397	-0.052471	-0.066538	-0.079475	-0.068988	-0.041592	-0.091726	-0.062200	-0.054690	0.074656	-0.052583	-0.047966	0.339007	-0.053488	-0.059613	-0.077393	-0.088381	-0.044594	-0.039952	-0.060180	0.041612	-0.063786	-0.085142	0.084635	-0.038632	-0.078635	-0.042790	-0.038989	
-0.010948	-0.000666	-0.006136	0.000108	-0.027169	-0.026224	-0.003615	-0.028142	-0.007394	-0.010861	0.007713	-0.008257	-0.010378	0.978911	0.015512	-0.010951	0.022395	0.035709	-0.025169	0.007992	-0.013231	-0.016264	-0.002344	-0.001669	-0.013849	-0.002338	0.000153	-0.005552	-0.011908	-0.013208	-0.007917	-0.013283	-0.015817	0.002344	-0.001851	0.001615	-0.004753	-0.027048	-0.013297	-0.009765	-0.006941	-0.022671	0.016192	-0.004422	-0.001195	-0.008711	-0.006353	-0.010711	-0.006477	-0.018465	-0.026531	-0.024611	-0.016707	-0.002217	-0.023539	0.004779	-0.019591	-0.009148	-0.003406	-0.026072	-0.011406	-0.016209	-0.042012	-0.045015	-0.009361	-0.019701	-0.035427	-0.025600	-0.003729	-0.005652	-0.007315	-0.008460	-0.009961	-0.003482	-0.014407	-0.028061	-0.007228	-0.012879	-0.005069	-0.006132	-0.016645	0.002919	0.000041	-0.020191	0.005628	-0.003515	-0.002973	-0.004107	-0.003146	-0.004638	0.001961	-0.012135	-0.004391	-0.041514	-0.017943	-0.017822	-0.031076	-0.019559	-0.008135	0.011193	-0.018465	-0.031870	0.022328	-0.017284	-0.014067	-0.007138	-0.006993	-0.016058	-0.012810	-0.010924	-0.008194	-0.009074	
-0.059731	-0.053144	-0.058454	-0.065078	0.134407	0.097769	-0.042496	0.151942	-0.057872	-0.027158	0.002823	-0.062941	0.169195	0.015512	1.190896	0.201977	-0.065859	0.009216	0.168884	-0.067469	-0.039223	-0.052249	-0.023131	-0.019494	0.161789	-0.053854	-0.034818	-0.040158	-0.047868	-0.038577	-0.044334	-0.014373	-0.051071	0.163963	-0.031936	-0.018028	0.008263	-0.056142	-0.040636	-0.019193	0.007568	-0.041268	0.003688	-0.063774	0.062238	-0.064583	-0.059314	-0.044205	-0.020578	-0.091963	-0.054353	-0.020059	-0.023220	-0.033070	-0.028999	-0.069908	-0.006587	-0.032462	-0.042147	-0.072453	-0.046090	0.066448	0.084972	0.071922	-0.069521	0.121918	0.120876	0.142429	-0.031935	-0.050879	-0.060614	-0.038943	-0.039289	0.001123	-0.040457	-0.065773	-0.055173	-0.042495	-0.014442	-0.028896	-0.054190	-0.041031	-0.035324	-0.032247	-0.010528	-0.048120	-0.034228	-0.016834	-0.014574	0.017490	-0.030895	-0.041903	-0.052995	0.006508	-0.046442	-0.058361	0.173114	-0.050426	-0.051865	-0.011020	-0.051650	-0.052484	0.045052	-0.047636	-0.011834	-0.026470	-0.023288	0.105712	-0.038575	-0.025488	-0.028177	-0.021140	
-0.072673	-0.044558	-0.049512	-0.069924	0.163068	0.128512	-0.032777	0.170286	-0.070093	-0.058404	0.016230	-0.072121	0.144140	-0.010951	0.201977	1.233319	-0.050185	-0.031551	0.185413	-0.057073	-0.034541	-0.061588	-0.047946	-0.015551	0.169963	-0.049489	-0.059535	-0.046005	-0.046503	-0.046755	-0.040361	-0.007080	-0.069888	0.176004	-0.034574	-0.022893	-0.006502	-0.065093	-0.017173	-0.034313	0.020806	-0.053163	-0.008405	-0.052409	0.044268	-0.056690	-0.073090	-0.053238	-0.029801	-0.081769	-0.042589	-0.035638	-0.021376	-0.045547	-0.040411	-0.059806	-0.012836	-0.037576	-0.050021	-0.061748	-0.052412	0.055202	0.086394	0.108535	-0.051986	0.155812	0.104519	0.158527	-0.063929	-0.041816	-0.049908	-0.027682	-0.048782	0.009830	-0.038382	-0.051446	-0.064278	-0.033162	-0.019457	-0.028876	-0.057806	-0.037931	-0.041890	-0.006793	-0.016205	-0.060489	-0.010894	-0.008711	0.012940	0.019175	-0.014351	-0.065126	-0.056970	-0.013031	-0.056755	-0.046595	0.184641	-0.038826	-0.078644	-0.024581	-0.024787	-0.063236	-0.008477	-0.053279	0.025858	-0.018104	-0.033164	0.106462	-0.048923	-0.044261	-0.007861	-0.045948	
0.006224	0.009629	0.010510	0.009809	-0.054695	-0.054664	-0.001808	-0.065772	-0.000832	-0.001779	0.006786	0.008203	-0.061027	0.022395	-0.065859	-0.050185	0.894884	0.010265	-0.064659	0.050572	0.019883	0.017376	0.002440	-0.016045	-0.058009	0.012907	0.008839	0.003110	0.012547	0.009136	-0.001812	-0.004641	0.011491	-0.056529	-0.008831	-0.007963	-0.035410	0.003728	0.009421	-0.006554	-0.036511	0.006070	-0.025771	0.019682	-0.054070	0.014363	-0.002661	0.016469	-0.035821	0.018659	-0.012143	0.013716	-0.010197	0.001108	-0.007545	0.013132	-0.019042	0.006621	-0.010248	0.010948	-0.009310	-0.055791	-0.068315	-0.076652	-0.005567	-0.097355	-0.101214	-0.098696	0.020480	0.001240	0.000154	-0.013541	-0.003519	-0.025591	0.024338	0.001221	0.011137	0.006226	-0.011535	-0.007798	-0.006224	-0.007031	0.000372	-0.012557	-0.016418	0.011108	0.004698	-0.019768	-0.012041	0.012995	-0.003608	-0.017671	-0.015617	-0.016688	0.012999	0.003431	-0.056771	0.003717	0.016877	-0.000449	0.006763	-0.009313	0.006655	-0.003644	-0.028390	0.024455	-0.010831	-0.029679	0.022965	-0.012234	0.008329	-0.015386	
0.003048	-0.006692	0.005756	0.000491	-0.006561	-0.001118	0.003113	-0.000438	0.020525	0.008764	-0.036311	0.009086	-0.000806	0.035709	0.009216	-0.031551	0.010265	0.968981	0.016569	-0.007763	-0.008896	0.008384	0.002533	-0.039132	-0.002396	0.013159	0.013339	-0.008758	0.000939	0.009071	-0.008693	-0.013051	0.008367	-0.031042	-0.022202	-0.015600	-0.052081	-0.006623	0.000746	0.005816	-0.008235	-0.013985	-0.039112	0.006459	-0.023191	-0.011683	-0.017330	-0.001881	-0.019411	0.018684	-0.043620	-0.008396	-0.004856	-0.025546	-0.023343	0.001426	-0.015700	-0.015830	-0.016251	0.005689	-0.007127	0.001878	-0.038884	-0.030375	-0.012714	-0.071526	-0.053159	-0.070075	-0.002214	-0.015532	-0.013819	-0.002770	0.004460	-0.071273	0.000851	-0.014673	-0.006345	-0.023230	-0.027680	-0.005998	-0.033503	0.004687	-0.008449	-0.037933	-0.022424	-0.020858	-0.023766	-0.030036	-0.034396	-0.023635	-0.028356	-0.010119	-0.031038	-0.011123	-0.000558	-0.032251	-0.004456	-0.019547	-0.004666	-0.007150	0.000028	-0.025343	0.143863	-0.021142	-0.016378	-0.018356	0.006356	-0.020558	-0.001280	0.023322	-0.020199	-0.028926	
-0.051938	-0.032303	-0.048730	-0.052558	0.297440	0.236413	-0.061837	0.311597	-0.033901	-0.041705	-0.082808	-0.050441	0.291630	-0.025169	0.168884	0.185413	-0.064659	0.016569	1.280451	-0.058338	-0.066407	-0.042043	-0.053663	-0.079963	0.313670	-0.052536	-0.048182	-0.069668	-0.047618	-0.057017	-0.075269	-0.045028	-0.045570	0.283250	-0.078012	-0.086294	-0.065712	-0.058884	-0.063035	-0.039885	-0.057886	-0.058508	-0.063937	-0.046085	0.106600	-0.082785	-0.038385	-0.062494	-0.027237	-0.053525	-0.083466	-0.018054	-0.079673	-0.064050	-0.071829	-0.058599	0.021683	-0.069465	-0.047434	-0.058321	-0.041176	0.081943	0.197134	0.210332	-0.061858	0.215019	0.232505	0.099875	-0.055147	-0.065021	-0.051580	-0.070605	-0.059072	-0.095992	-0.054436	-0.052725	-0.039860	-0.071924	-0.073403	-0.079385	-0.053583	-0.062734	-0.065041	-0.087759	-0.077644	-0.068111	-0.085644	-0.066821	-0.073087	-0.062963	-0.086532	-0.067904	-0.082650	0.051951	-0.045255	-0.058705	0.351706	-0.040579	-0.071933	-0.079478	-0.070548	-0.060188	-0.032288	-0.057988	0.114081	-0.063065	-0.085232	0.107657	-0.039963	-0.055262	-0.027597	-0.039845	
0.011087	0.004418	0.014943	0.006899	-0.059064	-0.044403	0.002921	-0.065164	-0.001125	-0.005681	-0.027547	0.014648	-0.055822	0.007992	-0.067469	-0.057073	0.050572	-0.007763	-0.058338	0.902013	-0.005668	0.006877	0.012959	0.008464	-0.065156	0.003413	-0.000031	0.006965	-0.018143	0.001195	-0.003335	0.000145	0.001904	-0.060800	-0.012910	0.004827	0.009135	0.014330	0.013802	-0.003086	-0.008104	-0.000056	0.000295	-0.013813	-0.036515	-0.005835	0.008618	-0.001818	-0.015718	0.002939	-0.003722	-0.000859	0.001968	-0.021946	0.004346	0.007828	-0.021370	0.004530	-0.005633	-0.007256	-0.006644	-0.049652	-0.072779	-0.077944	-0.008537	-0.090884	-0.086835	-0.081277	0.007138	0.006856	-0.005750	-0.010973	-0.010679	-0.026833	-0.004714	-0.005976	0.013958	0.007608	-0.014651	-0.012228	-0.004755	0.018089	0.005764	0.006521	0.007916	0.002839	0.010020	-0.011382	-0.001229	-0.023503	-0.011232	0.001676	0.004766	-0.013647	0.007396	0.012462	-0.069732	0.002425	-0.009432	0.013512	0.005928	-0.009106	-0.005783	0.003229	-0.012516	0.024568	0.003484	-0.027164	0.023661	-0.000474	-0.003908	-0.002215	
0.010216	-0.011149	0.001598	0.015403	-0.054401	-0.050708	0.010065	-0.061206	-0.019606	0.007314	0.000530	0.007757	-0.055107	-0.013231	-0.039223	-0.034541	0.019883	-0.008896	-0.066407	-0.005668	0.894708	0.015388	0.011229	0.055123	-0.064823	0.010873	0.017403	0.019652	-0.007202	-0.006598	0.001032	0.004534	0.009620	-0.067293	0.005668	-0.008506	-0.004650	0.013217	0.015033	0.004730	-0.017649	0.003133	-0.013352	-0.004477	-0.037876	-0.006765	-0.006091	-0.006734	-0.032209	0.006149	0.003108	-0.009738	0.005577	0.017753	-0.004725	0.003291	-0.021594	-0.012200	0.006732	0.002582	-0.002923	-0.046179	-0.075161	-0.075243	-0.005382	-0.086874	-0.099138	-0.076285	-0.006290	0.018717	0.007494	-0.007742	0.004004	-0.029264	0.000684	0.007707	0.008515	0.004788	-0.015609	-0.016717	-0.003476	0.010247	0.003152	-0.001312	-0.011990	0.009605	-0.001912	-0.008185	-0.010366	-0.016104	-0.016675	0.012390	0.009255	-0.013663	-0.004237	0.012020	-0.068351	0.003484	0.006395	-0.009260	-0.007880	-0.004758	-0.023768	-0.007418	0.000260	-0.016952	0.005579	-0.016637	-0.013239	-0.008624	0.008814	-0.002201	
0.019060	0.012824	0.013765	0.014046	-0.038183	-0.053161	-0.002461	-0.046634	0.022201	0.007680	-0.017921	0.015837	-0.021983	-0.016264	-0.052249	-0.061588	0.017376	0.008384	-0.042043	0.006877	0.015388	0.929188	-0.004739	-0.010671	-0.052976	0.009818	0.003562	-0.004668	0.006659	0.013798	-0.017661	-0.005484	0.003543	-0.053606	-0.001009	-0.003286	-0.009984	0.015475	0.008224	0.010654	-0.031929	0.017494	-0.018639	0.016870	-0.028072	-0.011918	0.006255	0.011610	0.004245	0.010487	-0.009119	0.005117	0.001615	-0.011388	0.006360	0.004976	-0.011897	0.012278	-0.016776	0.005243	-0.011419	-0.041558	-0.061219	-0.064797	0.000549	-0.091550	-0.063419	-0.067394	0.005666	0.013560	-0.010412	-0.016353	0.003043	-0.032899	-0.013911	0.003320	0.013861	0.002522	-0.010346	-0.022404	-0.001808	-0.007020	-0.002371	-0.016781	-0.013104	0.012270	-0.028216	-0.028340	-0.028118	-0.021599	-0.006642	-0.008045	-0.011802	-0.013333	-0.002171	-0.004740	-0.059974	0.008253	0.005018	-0.017632	-0.025601	0.005933	0.005783	0.001256	-0.021469	-0.012001	-0.019464	-0.047466	-0.001617	-0.020763	-0.001894	-0.013188	
0.003914	0.011740	-0.008996	0.009206	-0.053223	-0.046171	-0.006701	-0.055070	0.004541	0.021203	-0.016965	0.009859	-0.041355	-0.002344	-0.023131	-0.047946	0.002440	0.002533	-0.053663	0.012959	0.011229	-0.004739	0.917610	0.022379	-0.057034	0.008095	0.008203	0.002962	-0.006430	0.007723	0.020840	-0.002130	-0.005268	-0.036131	-0.014495	-0.023949	0.039692	0.032152	0.008050	0.005639	-0.006133	-0.002502	-0.015345	-0.013534	-0.028068	0.000809	-0.003653	-0.015343	-0.005460	-0.009799	-0.027269	-0.024053	-0.012211	-0.006846	0.000145	-0.017296	-0.012655	-0.015512	-0.001209	0.002105	-0.014838	-0.034657	-0.074907	-0.078389	-0.001128	-0.087705	-0.062495	-0.077572	0.009417	-0.004732	-0.004087	-0.008070	0.002369	-0.002418	-0.008524	0.008875	-0.006098	-0.005301	-0.018392	0.003747	-0.002259	0.006666	-0.023743	-0.014095	-0.000923	-0.005840	-0.003531	-0.016146	-0.002287	-0.020808	-0.011226	-0.002546	0.021312	-0.007292	0.010149	-0.005605	-0.064022	0.002019	-0.009769	0.004199	-0.005089	-0.001213	-0.003251	0.006252	-0.007973	-0.002362	-0.002751	-0.032645	0.005992	0.004968	0.008079	-0.015204	
-0.029901	-0.011633	-0.027764	-0.008553	-0.067932	-0.055309	-0.002706	-0.054747	-0.044238	-0.010034	0.029772	-0.010869	-0.077902	-0.001669	-0.019494	-0.015551	-0.016045	-0.039132	-0.079963	0.008464	0.055123	-0.010671	0.022379	1.032571	-0.076936	-0.007605	0.001653	0.017916	-0.019353	-0.006820	-0.010910	0.011548	-0.013424	-0.059205	0.025454	0.003520	0.025616	-0.005747	-0.007166	-0.001270	0.024715	0.006221	0.004299	-0.012923	-0.074448	-0.018285	-0.041120	-0.028271	-0.014267	-0.019304	-0.009837	-0.024936	-0.015631	0.047365	-0.010751	-0.022882	-0.027917	-0.005830	-0.019112	-0.036196	-0.019264	-0.045358	-0.090214	-0.081940	-0.020500	-0.064113	-0.071506	-0.017521	-0.000740	-0.010955	-0.009963	0.017587	-0.024701	0.037944	-0.006643	0.001729	-0.022617	-0.016181	0.024042	0.004999	-0.017347	0.019722	0.002984	0.041990	0.054552	-0.006419	0.032620	0.008508	0.015411	0.040163	0.021988	0.003065	0.005441	-0.021517	-0.004568	-0.009576	-0.076493	-0.003606	-0.001846	0.033185	0.032179	-0.017021	0.038499	-0.005808	-0.018238	0.019091	0.006212	-0.014772	0.013130	-0.002826	0.000382	0.002768	
-0.043936	-0.042392	-0.049242	-0.067474	0.323325	0.238870	-0.064049	0.332800	-0.038382	-0.050827	-0.062419	-0.050439	0.314420	-0.013849	0.161789	0.169963	-0.058009	-0.002396	0.313670	-0.065156	-0.064823	-0.052976	-0.057034	-0.076936	1.357465	-0.076781	-0.055899	-0.060012	-0.034865	-0.053964	-0.066372	-0.047079	-0.065923	0.292980	-0.076770	-0.076720	-0.063583	-0.074214	-0.055551	-0.057446	-0.049046	-0.063669	-0.037766	-0.050490	0.114606	-0.061789	-0.050493	-0.063631	-0.012007	-0.050727	-0.074633	-0.034057	-0.072758	-0.068874	-0.059602	-0.065341	0.013374	-0.059575	-0.061041	-0.033011	-0.041761	0.104695	0.213667	0.249228	-0.061093	0.214299	0.250272	0.123382	-0.059130	-0.080128	-0.060367	-0.067622	-0.056392	-0.092964	-0.055730	-0.063234	-0.043629	-0.081527	-0.077513	-0.078343	-0.060620	-0.068947	-0.046161	-0.092464	-0.077175	-0.052864	-0.079735	-0.069700	-0.074179	-0.050689	-0.083762	-0.074870	-0.080542	0.058700	-0.045135	-0.065486	0.341345	-0.060471	-0.074211	-0.065469	-0.100275	-0.065828	-0.041663	-0.060895	0.011364	-0.063554	-0.059822	0.062134	-0.047311	-0.076063	-0.040688	-0.044693	
0.012045	0.009665	0.015469	0.014172	-0.066764	-0.040323	0.019421	-0.081469	-0.003560	0.008091	-0.002873	0.017993	-0.073690	-0.002338	-0.053854	-0.049489	0.012907	0.013159	-0.052536	0.003413	0.010873	0.009818	0.008095	-0.007605	-0.076781	0.879318	0.018258	0.017933	-0.003260	0.019504	0.016113	-0.001346	0.012671	-0.066461	0.024740	-0.021919	0.007547	0.028231	0.021826	0.006862	-0.028927	-0.006634	-0.015960	-0.000806	-0.042090	0.007693	-0.013247	-0.000677	-0.017479	0.023649	0.016778	-0.014383	0.006243	-0.010888	0.007138	0.003217	-0.003483	0.004192	0.002750	0.000721	-0.001869	-0.046383	-0.082029	-0.085465	-0.002778	-0.111605	-0.087611	-0.074797	-0.005390	0.013149	0.010817	-0.008308	0.010919	-0.029581	0.006392	0.001708	0.005697	-0.008294	-0.017615	-0.003310	-0.007458	0.007976	0.001677	-0.017130	-0.000831	0.010412	-0.017961	-0.023259	-0.027078	-0.014280	-0.007695	-0.008744	-0.002132	-0.010118	0.007238	0.021527	-0.066613	-0.001068	0.009048	-0.007567	0.005030	-0.010716	-0.004264	-0.014967	-0.026128	0.003092	0.002201	-0.054101	0.009875	-0.011348	-0.011731	-0.000053	
0.020398	0.006875	0.004473	0.012697	-0.049026	-0.041690	0.013127	-0.058204	0.005170	0.009158	-0.016017	0.008742	-0.062407	0.000153	-0.034818	-0.059535	0.008839	0.013339	-0.048182	-0.000031	0.017403	0.003562	0.008203	0.001653	-0.055899	0.018258	0.889862	0.029367	0.012400	0.025722	0.013741	0.011838	0.001633	-0.063902	0.000761	-0.009922	-0.008223	0.013046	-0.002961	0.015423	-0.013432	-0.006928	-0.028251	-0.000989	-0.033375	0.006332	-0.002971	-0.006562	-0.023646	0.013174	0.009330	-0.018901	-0.027239	-0.016009	-0.011997	-0.014496	-0.012289	0.001226	-0.006468	0.012185	0.007302	-0.038253	-0.080036	-0.075625	-0.002228	-0.092524	-0.086129	-0.077907	-0.001811	0.011618	0.008274	-0.000280	-0.000786	-0.021902	0.014761	0.002752	0.002286	0.004811	-0.026344	-0.012394	-0.010180	-0.005278	-0.000529	-0.017735	-0.006265	0.001857	-0.011585	-0.036832	-0.015280	-0.030940	-0.000094	0.012598	0.005060	-0.014672	0.015251	0.007244	-0.060598	-0.018613	0.001728	-0.005677	-0.008642	0.000151	-0.003224	-0.000513	-0.022927	-0.004716	0.005627	-0.038289	-0.010393	-0.004953	-0.011391	-0.002940	
-0.002741	0.009611	0.014858	0.002490	-0.057187	-0.054488	-0.001613	-0.061123	0.005576	0.013214	-0.011243	0.010725	-0.070669	-0.005552	-0.040158	-0.046005	0.003110	-0.008758	-0.069668	0.006965	0.019652	-0.004668	0.002962	0.017916	-0.060012	0.017933	0.029367	0.932802	0.000926	0.011327	0.009551	0.015204	-0.001258	-0.068493	-0.003058	-0.021404	0.008255	0.013456	0.008240	0.019281	-0.001180	0.001596	-0.014370	-0.004975	-0.038296	0.006018	-0.000839	-0.010451	-0.021864	0.012683	-0.001990	-0.018898	0.004638	-0.013595	-0.010139	-0.000030	-0.019501	-0.017284	-0.000734	0.011830	-0.001890	-0.049733	-0.078076	-0.092643	0.010863	-0.090727	-0.086977	-0.086028	-0.000149	0.002675	0.017255	-0.009621	-0.017493	-0.014494	-0.002506	0.007771	0.000639	0.004305	-0.016944	-0.005697	0.000519	0.004156	-0.005640	-0.023000	0.011717	-0.001737	-0.018236	-0.009173	-0.013225	-0.014253	-0.003290	-0.000642	0.006606	-0.006605	-0.002074	0.010082	-0.077590	0.003746	0.019988	0.007678	0.001471	0.013091	-0.028576	0.003538	-0.018140	-0.004700	0.010647	-0.049801	0.002991	-0.006158	-0.007704	-0.008541	
0.009965	-0.001838	-0.000462	0.001508	-0.055319	-0.039736	0.016326	-0.041483	0.015328	0.011424	0.087177	0.003834	-0.045882	-0.011908	-0.047868	-0.046503	0.012547	0.000939	-0.047618	-0.018143	-0.007202	0.006659	-0.006430	-0.019353	-0.034865	-0.003260	0.012400	0.000926	0.931542	0.014766	0.015275	0.007003	0.014486	-0.054084	0.001189	-0.019707	-0.028323	0.014724	0.000533	0.000491	-0.037274	-0.006390	-0.025924	0.009209	-0.027780	0.016416	0.003297	0.007462	-0.003196	-0.000056	-0.013940	-0.022506	-0.011914	-0.022418	-0.001705	-0.003320	-0.002990	0.001396	-0.010759	0.022514	-0.005402	-0.033503	-0.065778	-0.069793	0.023736	-0.084038	-0.064942	-0.082352	-0.011374	-0.003934	-0.002499	0.004264	-0.004357	-0.036421	0.008406	0.002571	0.011902	-0.014474	-0.021395	-0.010464	-0.008974	0.000995	0.003600	-0.006944	-0.013316	-0.011118	-0.015610	-0.023560	-0.031290	-0.029709	-0.001925	-0.014429	0.005867	-0.013905	-0.003726	-0.000736	-0.043166	0.015584	0.000414	-0.016530	-0.001930	0.004015	-0.003767	0.007543	-0.020594	-0.004849	-0.010325	-0.046746	0.001246	-0.035222	0.001355	-0.011837	
0.024748	0.005484	-0.005720	0.003341	-0.053292	-0.048889	-0.005638	-0.054671	-0.007081	0.001216	0.004399	0.027802	-0.053552	-0.013208	-0.038577	-0.046755	0.009136	0.009071	-0.057017	0.001195	-0.006598	0.013798	0.007723	-0.006820	-0.053964	0.019504	0.025722	0.011327	0.014766	0.923492	-0.002912	-0.011978	-0.012365	-0.052251	-0.004783	-0.025468	-0.016485	0.015242	0.013232	0.002168	0.001994	-0.008722	-0.017910	0.007591	-0.071555	-0.009074	-0.030793	0.019464	-0.021126	0.021019	-0.032681	-0.035718	0.003284	-0.020584	-0.009602	0.000143	-0.022890	0.002698	-0.001811	0.013912	0.010101	-0.030241	-0.083585	-0.078344	0.008602	-0.087612	-0.098847	-0.056148	-0.007929	0.002316	0.008385	0.003888	0.005334	-0.011166	-0.004613	0.011023	-0.002536	0.006178	-0.002527	-0.005142	-0.014718	0.002974	0.001849	-0.001718	-0.008143	0.011836	-0.003262	-0.012276	-0.012274	-0.016469	-0.000792	-0.007757	-0.011742	-0.016389	-0.016987	0.003614	-0.050919	-0.002785	0.018281	0.000409	-0.012664	-0.008512	-0.008442	-0.009191	-0.020777	0.007513	0.023123	-0.037191	0.029526	0.007131	0.007956	-0.002769	
-0.000821	-0.020291	-0.000210	0.011604	-0.058219	-0.057051	-0.004790	-0.076130	-0.004055	0.005837	-0.005919	0.000225	-0.071354	-0.007917	-0.044334	-0.040361	-0.001812	-0.008693	-0.075269	-0.003335	0.001032	-0.017661	0.020840	-0.010910	-0.066372	0.016113	0.013741	0.009551	0.015275	-0.002912	0.925502	-0.015851	-0.001999	-0.042865	0.033709	-0.002792	0.018540	-0.004474	-0.006180	0.011959	-0.000807	0.010975	-0.015125	0.003891	-0.043893	-0.003641	0.001246	-0.020535	-0.009561	0.004130	0.003223	0.004410	0.005015	-0.013338	-0.010216	0.009360	-0.022795	-0.002030	0.010782	-0.008183	0.000931	-0.044966	-0.082413	-0.086639	0.004961	-0.070561	-0.095130	-0.075567	0.004374	0.010766	0.017484	-0.005866	0.001504	0.008063	0.011593	0.013067	0.012568	0.000621	-0.008549	0.009455	-0.008974	-0.013827	0.002199	-0.013584	0.026484	0.014216	-0.004623	-0.003107	-0.009581	-0.001116	0.005381	0.003705	-0.001491	-0.018005	-0.008070	0.005402	-0.064306	-0.000432	-0.001242	-0.017356	0.013096	-0.012902	0.024839	-0.014137	-0.024624	0.006082	0.003029	-0.039115	0.009441	-0.011874	0.007630	0.000386	
-0.023862	-0.016907	-0.010496	0.010050	-0.060647	-0.061867	0.007406	-0.065580	-0.018948	-0.020332	0.052458	-0.035433	-0.055334	-0.013283	-0.014373	-0.007080	-0.004641	-0.013051	-0.045028	0.000145	0.004534	-0.005484	-0.002130	0.011548	-0.047079	-0.001346	0.011838	0.015204	0.007003	-0.011978	-0.015851	0.959815	-0.005827	-0.032624	-0.002140	0.013650	0.042210	-0.010421	0.002585	0.006704	-0.009061	0.002675	0.025789	0.001423	-0.048093	0.000936	-0.009688	-0.020949	-0.021545	-0.028983	-0.007335	-0.028259	-0.010743	0.008849	-0.001630	-0.008141	-0.037705	0.011040	-0.000257	-0.010494	0.010004	-0.043979	-0.074021	-0.083030	-0.010024	-0.048848	-0.091960	-0.013948	-0.021355	0.000582	-0.009048	0.016725	0.000642	0.020904	-0.007665	-0.012247	-0.020113	0.016028	0.011299	0.003068	-0.007613	-0.009041	-0.000442	0.015299	0.018033	-0.026270	0.015096	0.007120	-0.007507	0.018900	0.003061	0.013888	0.020978	-0.024862	-0.000690	-0.005396	-0.066327	0.002063	-0.005226	0.002137	0.013813	-0.006431	-0.022076	-0.023344	-0.013189	-0.001482	0.013545	-0.002501	-0.006255	0.015342	-0.020623	-0.009035	
0.014800	0.023642	0.016556	0.011778	-0.049642	-0.035114	0.007486	-0.052699	0.028238	0.007623	-0.033084	0.019540	-0.045478	-0.015817	-0.051071	-0.069888	0.011491	0.008367	-0.045570	0.001904	0.009620	0.003543	-0.005268	-0.013424	-0.065923	0.012671	0.001633	-0.001258	0.014486	-0.012365	-0.001999	-0.005827	0.901652	-0.047889	-0.014093	0.086167	-0.038189	0.024370	0.014972	0.014123	-0.042462	0.000431	-0.011766	0.003000	-0.027166	0.008573	0.001917	0.000502	-0.030382	0.017090	-0.002851	-0.012469	0.036118	-0.006409	-0.009601	-0.000572	0.003131	-0.002607	-0.003117	0.012841	0.005457	-0.036047	-0.082209	-0.063936	0.001804	-0.112281	-0.077730	-0.104492	0.006299	0.002364	0.006035	-0.018317	0.005055	-0.039396	0.010889	-0.002700	-0.000006	-0.003254	-0.017915	-0.000066	-0.015719	-0.001768	-0.000644	-0.028471	-0.006763	0.002226	-0.033119	-0.038732	-0.025478	-0.022320	-0.016887	0.007743	-0.014538	-0.010576	0.024093	0.012976	-0.062246	-0.003524	0.007594	-0.011980	0.002688	-0.010940	-0.015006	-0.010945	-0.004388	-0.016466	0.002360	-0.039970	0.000396	-0.011323	0.007595	-0.009455	
-0.063169	-0.048737	-0.053060	-0.059880	0.267986	0.216153	-0.049687	0.301680	-0.053469	-0.061374	-0.059143	-0.055641	0.288795	0.002344	0.163963	0.176004	-0.056529	-0.031042	0.283250	-0.060800	-0.067293	-0.053606	-0.036131	-0.059205	0.292980	-0.066461	-0.063902	-0.068493	-0.054084	-0.052251	-0.042865	-0.032624	-0.047889	1.316755	-0.057465	-0.048896	-0.022184	-0.067512	-0.057477	-0.063108	-0.042544	-0.068730	-0.046264	-0.061632	0.083788	-0.070098	-0.042762	-0.050571	-0.028387	-0.068332	-0.078710	-0.022822	-0.075891	-0.038595	-0.048719	-0.066748	-0.009217	-0.046228	-0.061767	-0.054556	-0.059182	0.074733	0.164503	0.169960	-0.059771	0.198640	0.219892	0.139429	-0.057182	-0.075181	-0.066722	-0.051963	-0.063092	-0.045665	-0.051595	-0.042906	-0.068489	-0.068414	-0.049877	-0.076555	-0.049885	-0.068308	-0.054622	-0.065929	-0.056777	-0.053181	-0.032584	-0.036106	-0.035198	-0.023788	-0.060166	-0.053855	-0.060766	0.060386	-0.062482	-0.073066	0.344630	-0.057846	-0.060858	-0.051090	-0.070562	-0.061632	-0.027289	-0.063463	0.014081	-0.058796	-0.070304	0.082241	-0.068143	-0.061303	-0.032322	-0.046715	
-0.024255	-0.003946	-0.027322	-0.012747	-0.068818	-0.070804	0.017514	-0.087161	-0.017097	-0.002463	0.028411	-0.020734	-0.072495	-0.001851	-0.031936	-0.034574	-0.008831	-0.022202	-0.078012	-0.012910	0.005668	-0.001009	-0.014495	0.025454	-0.076770	0.024740	0.000761	-0.003058	0.001189	-0.004783	0.033709	-0.002140	-0.014093	-0.057465	0.965049	0.026290	0.022781	-0.016542	0.003620	0.008209	0.007420	0.003587	0.004783	-0.017705	-0.054946	-0.007452	-0.016172	0.008297	-0.020934	-0.013302	0.007846	-0.018218	0.010986	0.007300	0.005807	0.000530	-0.019450	0.007513	-0.014683	-0.018187	-0.006246	-0.035849	-0.096946	-0.092673	0.002469	-0.072415	-0.098258	-0.028435	-0.005270	0.000910	-0.006169	-0.000586	-0.023813	0.046049	-0.006566	0.004350	-0.006807	-0.007967	0.016718	0.016191	-0.018761	-0.010954	0.006735	0.047041	0.015980	0.019466	0.015604	0.037045	0.017184	0.017250	0.007773	0.011398	-0.005215	-0.023407	-0.011854	0.006803	-0.054150	-0.002448	-0.002178	0.016340	0.007967	-0.012627	-0.016981	-0.027466	0.003254	-0.005457	0.014786	-0.008616	-0.006782	0.007053	-0.001470	0.030027	
-0.040686	-0.010533	-0.030786	-0.015119	-0.061548	-0.057954	-0.023140	-0.051708	-0.024684	0.005903	0.065424	-0.002932	-0.073383	0.001615	-0.018028	-0.022893	-0.007963	-0.015600	-0.086294	0.004827	-0.008506	-0.003286	-0.023949	0.003520	-0.076720	-0.021919	-0.009922	-0.021404	-0.019707	-0.025468	-0.002792	0.013650	0.086167	-0.048896	0.026290	1.073407	0.013499	-0.019064	-0.019685	-0.011875	0.013444	-0.033401	0.031766	-0.037292	-0.066321	-0.000760	-0.038386	-0.001414	-0.015616	-0.015957	-0.022732	-0.005416	0.036008	0.010725	-0.007288	-0.018776	-0.015165	0.005912	-0.024715	-0.021384	-0.015429	-0.040282	-0.067073	-0.066297	-0.012279	-0.062196	-0.050062	-0.000132	-0.009090	-0.015595	-0.012999	0.010335	-0.012601	0.063861	-0.028109	-0.000148	-0.028822	0.010796	0.034349	0.013297	-0.038947	-0.010620	0.009004	0.049441	0.013276	-0.020462	0.037555	0.023682	0.052814	0.049992	0.023240	-0.004725	0.016160	-0.017862	-0.014958	-0.001239	-0.076035	-0.011576	-0.030791	0.034017	0.019753	-0.032822	-0.005010	-0.012061	-0.011236	-0.004747	0.013867	-0.002115	-0.014844	0.014522	0.012788	-0.002166	
