0.93356713041879779702 0.06643286758120231505 0.00000000099999999996 0.00000000099999999996 
0.98043945733984472213 0.00342850631544438199 0.01613203534471076978 0.00000000100000000000 
0.99999999699999997382 0.00000000099999999993 0.00000000099999999993 0.00000000099999999993 
0.99814160214754410472 0.00185839585245591694 0.00000000099999999996 0.00000000099999999996 
0.05130282487583678191 0.00000000099999999997 0.94869717312416323995 0.00000000099999999997 
0.26893077557013383982 0.00000000099999999999 0.73106922242986605021 0.00000000099999999999 
0.86099191320133994232 0.00723337829901884131 0.00000000099999999999 0.13177470749964120822 
0.00000000099999999996 0.00000000099999999996 0.99999999699999997382 0.00000000099999999996 
0.90075677682771249088 0.08664482149038620074 0.01259840068190132972 0.00000000099999999997 
0.95785518855895401824 0.04214480944104594812 0.00000000099999999997 0.00000000099999999997 
0.00000000099999999998 0.07038172864030992071 0.00000000099999999998 0.92961826935969005259 
0.98223244835602419034 0.01776754964397566153 0.00000000099999999995 0.00000000099999999995 
0.10272597213781739511 0.00000000099999999998 0.89727402586218263369 0.00000000099999999998 
0.54958126897751236051 0.00000648154773672406 0.09843246606645773833 0.35197978340829316757 
0.00000000099999999998 0.00000000099999999998 0.57072231893246583301 0.42927767906753400151 
0.00000000099999999998 0.00000000099999999998 0.56469513283114614044 0.43530486516885374959 
0.99012362442361023795 0.00000000099999999997 0.00000000099999999997 0.00987637357638984810 
0.89863141965149984092 0.00000000099999999998 0.10136857834850022952 0.00000000099999999998 
0.09172859965621600609 0.00000000099999999998 0.90827139834378389782 0.00000000099999999998 
0.85322390090105881821 0.01540702661006264178 0.00000000099999999998 0.13136907148887863594 
0.81199818685583802225 0.04231577754469687674 0.00000000099999999997 0.14568603459946502521 
0.86675820514341506140 0.13324179285658510619 0.00000000099999999998 0.00000000099999999998 
0.71362188750622712607 0.05669366757080582936 0.00000000099999999998 0.22968444392296713530 
0.34821144237330670101 0.00011146499654364790 0.00000000099999999998 0.65167709163014975182 
0.00000000099999999996 0.00000000099999999996 0.99999999699999997382 0.00000000099999999996 
0.94820850765944730831 0.00000000099999999995 0.00000000099999999995 0.05179149034055274131 
0.96956130716202337805 0.03043869083797657443 0.00000000099999999997 0.00000000099999999997 
0.89006014415014744756 0.06068698313980350895 0.00000000099999999997 0.04925287171004900932 
0.78696612862635384467 0.14114604509925529618 0.00000000099999999999 0.07188782527439097070 
0.77794466701491016281 0.04662006988912686944 0.00000000099999999998 0.17543526209596294052 
0.69991508572272675970 0.02204534651856873001 0.00000000099999999998 0.27803956675870461490 
0.43252246806861582851 0.03215255677403314194 0.00000000100000000000 0.53532497415735091906 
0.99999999700000008485 0.00000000099999999996 0.00000000099999999996 0.00000000099999999996 
0.00000000099999999998 0.00000000099999999998 0.88166498913324053976 0.11833500886675940578 
0.42231584529770910263 0.00660076984479536760 0.00000000099999999998 0.57108338385749546351 
0.26864457846503370098 0.00000000099999999998 0.00000000099999999998 0.73135541953496630008 
0.09381079948382431422 0.04626416542686286049 0.07843597487174122640 0.78148906021757158502 
0.99999999699999997382 0.00000000099999999994 0.00000000099999999994 0.00000000099999999994 
0.84318999288863394348 0.02585724498036625837 0.00000000099999999998 0.13095276113099979520 
0.86291706602306217366 0.03836397367913845641 0.00000000099999999998 0.09871895929779934964 
0.24089263659746845692 0.08128624673613624174 0.07565560210269184349 0.60216551456370359663 
0.80899424622198612411 0.02661125969380778028 0.00000000099999999998 0.16439449308420617246 
0.24556995635945633172 0.01965550356017194480 0.05177985072086049162 0.68299468935951124227 
0.79635763016798788438 0.02897079081306524334 0.00000000099999999999 0.17467157801894686586 
0.38962756150635097230 0.00000840430618536231 0.61036403318746368374 0.00000000099999999997 
0.84317394681759783026 0.00000000099999999998 0.00000000099999999998 0.15682605118240214304 
0.88501052811432312506 0.03091929384912131887 0.08407017703655539353 0.00000000099999999999 
0.80982477262926377826 0.03662692352902605780 0.00000000099999999999 0.15354830284171031018 
0.47376583809590772089 0.13541326462906719263 0.20169613565787072873 0.18912476161715446876 
0.99999999700000008485 0.00000000099999999993 0.00000000099999999993 0.00000000099999999993 
0.80039139408147408350 0.00000000099999999997 0.00000000099999999997 0.19960860391852600082 
0.76329789851353591068 0.00000000132001260901 0.17111287392406576702 0.06558922624238566756 
0.61013707317081689041 0.00000000099999999999 0.00005063167015513483 0.38981229415902807212 
0.35303767069307145920 0.02281805107086171125 0.00000000099999999999 0.62414427723606691334 
0.62409851816770922639 0.06880855647818560905 0.00000000100000000000 0.30709292435410534550 
0.99746030099454952023 0.00253969700545044006 0.00000000099999999998 0.00000000099999999998 
0.68424374101862395214 0.03329761565309603821 0.24980172625361857230 0.03265691707466152061 
0.52841260267666612105 0.13999608067898211550 0.01076138950812921373 0.32082992713622260350 
0.69046782530903250130 0.03469584807598891790 0.01512899689312680561 0.25970732972185178733 
0.90561491970645124905 0.09438507829354865486 0.00000000099999999996 0.00000000099999999996 
0.71836203792834252280 0.05323449858734751600 0.00000000099999999999 0.22840346248431001031 
0.32783479419288974466 0.00000000100000000000 0.55733496255668235619 0.11483024225042795519 
0.02235834217282177058 0.00000000099999999998 0.97764165582717832415 0.00000000099999999998 
0.00000000099999999994 0.00000000099999999994 0.99999999699999997382 0.00000000099999999994 
0.70594292127311430995 0.13368613920513841564 0.00000000099999999999 0.16037093852174724717 
0.00000000099999999989 0.00000000099999999989 0.99999975258112872023 0.00000024541887115350 
0.00000000099999999979 0.00000000099999999979 0.99999999699999986280 0.00000000099999999979 
0.00000000099999999993 0.00000000099999999993 0.63820452339411604115 0.36179547460588390440 
0.86310401256715885143 0.03131197931922920230 0.00000000099999999999 0.10558400711361198843 
0.90972857553217889581 0.00000000099999999996 0.00000000099999999996 0.09027142246782118851 
0.75556593546563366459 0.00000000099999999998 0.00000000099999999998 0.24443406253436625319 
0.43134186292584308919 0.01168791357531165538 0.00000000100000000000 0.55697022249884531320 
0.88064293538012783369 0.00000000117052407336 0.00000000099999999998 0.11935706244934816966 
0.00000000099999999995 0.00000000099999999995 0.00000000099999999995 0.99999999700000008485 
0.90419626540877739984 0.03278981851578736256 0.00000000099999999997 0.06301391507543514792 
0.88917084757392339522 0.00000000100000000000 0.01671151251644393751 0.09411763890963281698 
0.95669772491093352240 0.04330227308906643008 0.00000000099999999999 0.00000000099999999999 
0.25328055271795862913 0.00000000099999999996 0.00000000099999999996 0.74671944528204114988 
0.04346785447070251884 0.00000000099999999998 0.00000000099999999998 0.95653214352929749609 
0.00000000099999999995 0.00000000099999999995 0.00000000099999999995 0.99999999700000008485 
0.00000000099999999969 0.99999999700000008485 0.00000000099999999969 0.00000000099999999969 
0.52837975756628796642 0.17908439569302986305 0.00000000099999999998 0.29253584574068219881 
0.59696756651650173531 0.07867151733467057928 0.00000000099999999999 0.32436091514882764431 
0.00000000099999999996 0.13968324549063210194 0.00000000099999999996 0.86031675250936789912 
0.27009280654574679970 0.01892290775719818186 0.00000000099999999996 0.71098428469705499122 
0.84344105015365200551 0.04676257327532494512 0.00000000099999999999 0.10979637557102317480 
0.00000000099999999998 0.00000000099999999998 0.00000000099999999998 0.99999999700000008485 
0.00000000099999999999 0.36493863805994397609 0.00000000099999999999 0.63506135994005596945 
0.00000000099999999999 0.08143618851842264472 0.00000000099999999999 0.91856380948157734245 
0.00000000099999999999 0.00000000099999999999 0.00014207172330110856 0.99985792627669889399 
0.09248486766418330396 0.00720164465248807062 0.00000000099999999997 0.90031348668332866758 
0.54185240675847701208 0.04463876972107245350 0.00000000099999999998 0.41350882252045051413 
0.43471591655240726659 0.01394214061010108120 0.00000000099999999998 0.55134194183749152263 
0.56058754789403042462 0.00000000099999999999 0.32642384466427110112 0.11298860644169854417 
0.92373293618731366905 0.02179275396698225273 0.00000000100000000000 0.05447430884570398507 
0.78743373570549590745 0.02026989013502379297 0.00000000099999999998 0.19229637315948033827 
0.00000000099999999989 0.00000000099999999989 0.99999999699999986280 0.00000000099999999989 
0.78585836071747938725 0.10789057969367921164 0.00000000100000000000 0.10625105858884136001 
0.76237075922252095506 0.00000000099999999997 0.00000000099999999997 0.23762923877747912926 
0.21233261764405900185 0.00000000343712712680 0.00000000099999999998 0.78766737791881391573 
0.00000000099999999995 0.00000000099999999995 0.00000000099999999995 0.99999999699999997382 
0.00000000099999999968 0.99999999700000008485 0.00000000099999999968 0.00000000099999999968 
0.38909040335234035268 0.02060973149233093910 0.07919073753025679396 0.51110912762507176854 
0.00000000099999999988 0.99999999700000008485 0.00000000099999999988 0.00000000099999999988 
0.32788912089163901875 0.00000000100000000000 0.23731468132760397127 0.43479619678075709377 
0.61152621380368821224 0.03486879196251672225 0.00000000099999999999 0.35360499323379496195 
0.45976955122483786909 0.00000000099999999998 0.00000000099999999998 0.54023044677516207646 
0.00000000099999999998 0.00000000099999999998 0.37998728910136775339 0.62001270889863224767 
0.85971692455909198838 0.00010021966187921632 0.00000000099999999999 0.14018285477902883707 
0.37694962803213927227 0.00000000099999999998 0.00000000099999999998 0.62305036996786067327 
0.49556920536873433347 0.00128395242218679604 0.01227136237902157721 0.49087547983005735963 
0.68382574811667973247 0.00951950061678769402 0.05016939452837831936 0.25648535673815425762 
