0.00000000099999999995 0.06675116941594923248 0.00000000099999999995 0.93324882758405069971 0.00000000099999999995 
0.00000000099999999999 0.00000000213349737767 0.00000000099999999999 0.97352965976741645537 0.02647033609908622936 
0.00000000099999999991 0.00000000099999999991 0.00000000099999999991 0.99999999600000000211 0.00000000099999999991 
0.00000000099999999994 0.00000000182436367569 0.00000000099999999994 0.99999999517563620266 0.00000000099999999994 
0.00000000099999999985 0.00000000099999999985 0.00000000099999999985 0.00000000099999999985 0.99999999599999989108 
0.00000000100000000000 0.00000000100000000000 0.02061083677107098527 0.18964959686312723997 0.78973956436580172724 
0.13087546255905527226 0.00692544013027757317 0.00000000099999999997 0.86219909531066707409 0.00000000099999999997 
0.00000000099999999984 0.00000000099999999984 0.00000000099999999984 0.00000000099999999984 0.99999999599999989108 
0.00000000099999999997 0.08692707969737221985 0.00221010961859161503 0.90014632567748964487 0.01071648400654653943 
0.00000000099999999995 0.04108338342576129537 0.00000000099999999995 0.95891661357423874090 0.00000000099999999995 
0.92795462145500384743 0.07204537554499608476 0.00000000099999999996 0.00000000099999999996 0.00000000099999999996 
0.00000000099999999993 0.01474935204830388723 0.00000000099999999993 0.98525064495169611956 0.00000000099999999993 
0.00000000099999999992 0.00000000099999999992 0.00000000099999999992 0.00000000099999999992 0.99999999599999989108 
0.35431970040577065451 0.00000000100000000000 0.00899526401410854007 0.53613658039486455920 0.10054845418525633349 
0.39388502363180405430 0.00000000099999999997 0.00000000099999999997 0.00000000099999999997 0.60611497336819586401 
0.39672642875970148824 0.00000000099999999997 0.00000000099999999997 0.00000000099999999997 0.60327356824029843008 
0.00017375925359584075 0.00000000099999999994 0.00000000099999999994 0.99982623774640400072 0.00000000099999999994 
0.00000000099999999997 0.00000000099999999997 0.00000000099999999997 0.86689470787307654209 0.13310528912692351500 
0.00000000099999999992 0.00000000099999999992 0.00000000099999999992 0.00000000099999999992 0.99999999600000000211 
0.13103291874461758804 0.01614642341829188033 0.00000000099999999995 0.85282065583709054657 0.00000000099999999995 
0.14567507507619478768 0.04101826085281312650 0.00000000099999999995 0.81330666207099211462 0.00000000099999999995 
0.00000000099999999997 0.13130775688879764429 0.00000000099999999997 0.86869224011120238504 0.00000000099999999997 
0.23039247394205361608 0.05655903131660208749 0.00000000099999999996 0.71304849274134418646 0.00000000099999999996 
0.65174249463526701120 0.00000000099999999996 0.00000000099999999996 0.34825750236473296262 0.00000000099999999996 
0.00000000099999999985 0.00000000099999999985 0.00000000099999999985 0.00000000099999999985 0.99999999599999989108 
0.04846407907999115278 0.00000000099999999991 0.00000000099999999991 0.95153591792000868921 0.00000000099999999991 
0.00000000099999999994 0.02703038012547986577 0.00000000099999999994 0.97296961687452010459 0.00000000099999999994 
0.04365604415461067644 0.05893225005861089244 0.00000000099999999995 0.89741170378677825870 0.00000000099999999995 
0.06785774566128265073 0.14159781660620540666 0.00000000099999999998 0.79054443573251187427 0.00000000099999999998 
0.17461613207126949754 0.04574956269221579913 0.00000000099999999995 0.77963430323651461418 0.00000000099999999995 
0.27617320845427445475 0.02046577681309202229 0.00000000099999999995 0.70336101273263329503 0.00000000099999999995 
0.52922692201058429973 0.03208795790971202821 0.00000000099999999999 0.43508747389000085315 0.00359764518970288232 
0.00000000099999999995 0.00000000099999999995 0.00000000099999999995 0.99999999600000000211 0.00000000099999999995 
0.04365813109578177420 0.00000000099999999994 0.00000000099999999994 0.00000000099999999994 0.95634186590421832452 
0.57348573695067728284 0.00000473660976058534 0.00000000099999999995 0.42650952443956202664 0.00000000099999999995 
0.73671391607578495808 0.00000000099999999997 0.00000000099999999997 0.26328608092421518228 0.00000000099999999997 
0.76136528967639760523 0.04882982990943188217 0.05572728335842645764 0.11053607510323175400 0.02354152195251224197 
0.00000000099999999993 0.00000000099999999993 0.00000000099999999993 0.99999999600000000211 0.00000000099999999993 
0.12730176798894424217 0.02436652314371443376 0.00000000099999999996 0.84833170686734116206 0.00000000099999999996 
0.09304372522946298407 0.03766312971324566050 0.00000000099999999996 0.86929314305729121770 0.00000000099999999996 
0.57885118632371046488 0.08680301969794831929 0.07334099797978953228 0.26100479499855183674 0.00000000100000000000 
0.15850859504823702761 0.02535769821405843907 0.00000000099999999996 0.81613370473770452396 0.00000000099999999996 
0.66982666514440958316 0.01754668553673443751 0.06051605909429620678 0.25211058922455964471 0.00000000100000000000 
0.17820054161051621100 0.02887585153558789794 0.00000000099999999998 0.79292360485389579150 0.00000000099999999998 
0.00000000099999999997 0.00879023264482063117 0.00002575660698249123 0.30515897996843305284 0.68602502977976387299 
0.16121684236718833438 0.00000000099999999996 0.00000000099999999996 0.83878315463281172271 0.00000000099999999996 
0.00000000099999999998 0.03842863173451699366 0.00000000099999999998 0.86386295865066864419 0.09770840761481446035 
0.15470661148785369576 0.03645244723529775938 0.00000000099999999998 0.80884093927684852510 0.00000000099999999998 
0.20069897720481572057 0.13479334946975113363 0.01844666647908481741 0.43327285188085068457 0.21278815496549757791 
0.00000000099999999989 0.00000000099999999989 0.00000000099999999989 0.99999999600000000211 0.00000000099999999989 
0.19494646330325063333 0.00000000099999999997 0.00015564361274779270 0.80489789108400155992 0.00000000099999999997 
0.08084538639538738081 0.00006803639037067644 0.01111291659780722953 0.72962542156373288993 0.17834823905270191791 
0.37939652768386972204 0.00000000099999999998 0.01787319863925174515 0.60273027167687842631 0.00000000099999999998 
0.62700195081457765767 0.02355358597919531352 0.00000000099999999999 0.34944446120622707497 0.00000000099999999999 
0.30290644374699754460 0.06853386666860752929 0.00638596799536272821 0.62217372058903208654 0.00000000099999999999 
0.00000000099999999997 0.00000000165691435648 0.00000000099999999997 0.99999999534308559035 0.00000000099999999997 
0.03657026763258253849 0.02910875575387788725 0.04431955448750581755 0.66570569029310855402 0.22429573183292528249 
0.31570071824174261721 0.13332942052613083739 0.02087050371062225407 0.53009935652150430574 0.00000000099999999999 
0.24717927138854356439 0.03325903328152109845 0.02781830745836824312 0.69174338687156700090 0.00000000099999999999 
0.00000000099999999995 0.09559288170646999816 0.00000000099999999995 0.90440711529352990627 0.00000000099999999995 
0.23247597250816284808 0.05221368896907192109 0.00000000099999999998 0.71531033652276510004 0.00000000099999999998 
0.14750298365034816839 0.00000000100000000000 0.05774401115234783360 0.22983620156336598273 0.56491680263393806438 
0.00000000099999999992 0.00000000099999999992 0.99999999600000000211 0.00000000099999999992 0.00000000099999999992 
0.00000000099999999978 0.00000000099999999978 0.99999999599999989108 0.00000000099999999978 0.00000000099999999978 
0.15950163772360947956 0.13195002697144886383 0.00000000099999999998 0.70854833330494149113 0.00000000099999999998 
0.00000000099999999960 0.00000000099999999960 0.99999999599999989108 0.00000000099999999960 0.00000000099999999960 
0.00000000099999999948 0.00000000099999999948 0.99999999599999989108 0.00000000099999999948 0.00000000099999999948 
0.25874249087847100981 0.00000000099999999991 0.74125750612152896402 0.00000000099999999991 0.00000000099999999991 
0.10223265447996138233 0.03144029219347031778 0.00000000099999999999 0.86632705132656828706 0.00000000099999999999 
0.08788583233453804711 0.00000000099999999993 0.00000000099999999993 0.91211416466546202386 0.00000000099999999993 
0.24357491508357542731 0.00000000099999999996 0.00000000099999999996 0.75642508191642465754 0.00000000099999999996 
0.55773768722454120095 0.01238577000251517464 0.00000000100000000000 0.42785833947399154464 0.00201820229895198575 
0.11682892293563423847 0.00000000099999999997 0.00000000099999999997 0.88317107406436567985 0.00000000099999999997 
0.99999999600000011313 0.00000000099999999993 0.00000000099999999993 0.00000000099999999993 0.00000000099999999993 
0.05862965013538651293 0.03165495803202017511 0.00000000099999999995 0.90971538983259336852 0.00000000099999999995 
0.09358300981717279643 0.00000000099999999998 0.00000000099999999998 0.88311828712894224758 0.02329870105388502990 
0.00000000099999999998 0.04249811828974716515 0.00000000099999999998 0.95750187871025282949 0.00000000099999999998 
0.75896315498128508192 0.00000000099999999993 0.00000000099999999993 0.24103684201871500292 0.00000000099999999993 
0.96911573044879828487 0.00000000099999999997 0.00000000099999999997 0.03088426655120173753 0.00000000099999999997 
0.99999999600000000211 0.00000000099999999991 0.00000000099999999991 0.00000000099999999991 0.00000000099999999991 
0.00000000099999999956 0.99999999600000000211 0.00000000099999999956 0.00000000099999999956 0.00000000099999999956 
0.29469464485728585901 0.17709087318027766367 0.00000000099999999996 0.52821447996243642287 0.00000000099999999996 
0.32672887955182688957 0.07737108423556146586 0.00000000099999999998 0.59590003421261161787 0.00000000099999999998 
0.86154623579749167739 0.13845376120250843521 0.00000000099999999993 0.00000000099999999993 0.00000000099999999993 
0.71322129731371231021 0.01942097363753923084 0.00000000099999999993 0.26735772704874855021 0.00000000099999999993 
0.10910356044325747460 0.04482283289693487355 0.00000000099999999997 0.84607360465980763209 0.00000000099999999997 
0.99999999600000011313 0.00000000099999999995 0.00000000099999999995 0.00000000099999999995 0.00000000099999999995 
0.63547703426177881703 0.36452296273822110129 0.00000000099999999998 0.00000000099999999998 0.00000000099999999998 
0.91937069894710532481 0.08062929805289474616 0.00000000099999999999 0.00000000099999999999 0.00000000099999999999 
0.97080889856195340393 0.00000000099999999997 0.00000000099999999997 0.00000000099999999997 0.02919109843804670520 
0.92369755482783411082 0.00005571688059217561 0.00000000099999999995 0.07624672629157383530 0.00000000099999999995 
0.41547082061910156625 0.04390140759568381124 0.00000000099999999996 0.54062776978521442928 0.00000000099999999996 
0.55683093001159822411 0.01245599572836854005 0.00000000099999999997 0.43071307226003308077 0.00000000099999999997 
0.13816876367061500797 0.00000000099999999997 0.00000000099999999997 0.48683500811936675223 0.37499622621001821310 
0.05577473460035124037 0.02166166001465437418 0.00000000099999999999 0.92107025512924178834 0.00149334925575261585 
0.19230802843632407995 0.01892075680208440622 0.00000000099999999996 0.78877121276159156693 0.00000000099999999996 
0.00000000099999999973 0.00000000099999999973 0.00000000099999999973 0.00000000099999999973 0.99999999599999989108 
0.10620841275181414076 0.10682907780375860973 0.00000000099999999999 0.78696250744442730607 0.00000000099999999999 
0.24067364868632598607 0.00000000099999999995 0.00000000099999999995 0.75932634831367384898 0.00000000099999999995 
0.79932220330970116251 0.00490366424591317726 0.00000000099999999997 0.19577413044438568557 0.00000000099999999997 
0.99999999600000011313 0.00000000099999999990 0.00000000099999999990 0.00000000099999999990 0.00000000099999999990 
0.00000000099999999953 0.99999999600000000211 0.00000000099999999953 0.00000000099999999953 0.00000000099999999953 
0.51974948019869182669 0.01917140130848725074 0.00000000100000000000 0.36666778854320020153 0.09441132894962071809 
0.00000000099999999980 0.99999999600000000211 0.00000000099999999980 0.00000000099999999980 0.00000000099999999980 
0.45912052601914438155 0.00000000099999999998 0.00000000099999999998 0.26486993723419516300 0.27600953474666051202 
0.35157851788007121741 0.03446475659966542759 0.00000000099999999998 0.61395672352026331442 0.00000000099999999998 
0.55143023965056559010 0.00000000099999999997 0.00000000099999999997 0.44856975734943443923 0.00000000099999999997 
0.59400409503805307043 0.00000000099999999998 0.01124413175126086871 0.00000000099999999998 0.39475177121068610875 
0.13743015042059572584 0.00000011090223509438 0.00000000099999999997 0.86256973667716918541 0.00000000099999999997 
0.64049797079597592386 0.00000000099999999997 0.00000000099999999997 0.35950202620402421649 0.00000000099999999997 
0.49410801365526635376 0.00000000235184554014 0.00000000099999999998 0.47904170990674410646 0.02685027308614382213 
0.26129956959955763507 0.01072317136125844339 0.00000000099999999999 0.66481824982942927527 0.06315900820975457741 
