0.00000000099999999996 0.99999999800000005656 0.00000000099999999996 
0.01813225231547634791 0.97880868247903440871 0.00305906520548930669 
0.00000000099999999995 0.99999999799999994554 0.00000000099999999995 
0.00000000099999999997 0.99999999799999994554 0.00000000099999999997 
0.95027008589842498765 0.04972991310157502676 0.00000000099999999998 
0.73202663045173754774 0.26797336854826236952 0.00000000099999999999 
0.00000000099999999999 0.85591981865619859438 0.14408018034380146166 
0.99999999800000005656 0.00000000099999999997 0.00000000099999999997 
0.00375967963118070117 0.99624031936881918270 0.00000000099999999997 
0.00000000099999999998 0.99999999455272314819 0.00000000444727694395 
0.00000000099999999998 0.00000020591078805890 0.99999979308921183030 
0.00000000099999999995 0.99999999799999994554 0.00000000099999999995 
0.89583772726260513242 0.10416227173739477097 0.00000000099999999998 
0.09254557184574357942 0.53885517449157238623 0.36859925366268392333 
0.56983731323128428148 0.00000000099999999999 0.43016268576871574680 
0.56521936779966686082 0.00000000099999999999 0.43478063120033322297 
0.00000000099999999997 0.98277044571982230536 0.01722955328017768128 
0.10621876152794547388 0.89378123747205440175 0.00000000099999999999 
0.91028693063884791314 0.08971306836115203187 0.00000000099999999998 
0.00000000099999999998 0.85728522718123434387 0.14271477181876576767 
0.00000000099999999998 0.84066625013472251471 0.15933374886527762460 
0.00000000099999999999 0.99906817887318988269 0.00093182012681017876 
0.00000000099999999998 0.75226541423169757117 0.24773458476830242936 
0.00000000099999999998 0.32450179751904129066 0.67549820148095862660 
0.99999999800000005656 0.00000000099999999997 0.00000000099999999997 
0.00000000099999999996 0.94219676405564700694 0.05780323494435296583 
0.00000000099999999997 0.99543779599970949601 0.00456220300029051840 
0.00000000099999999997 0.93876435380227341021 0.06123564519772662501 
0.00000000099999999999 0.90406738735951086561 0.09593261164048921819 
0.00000000099999999998 0.80821737721391739839 0.19178262178608257438 
0.00000000099999999998 0.70756469681708022978 0.29243530218291985401 
0.00000000141783271336 0.44409126754749178589 0.55590873103467541849 
0.00000000099999999998 0.99999999800000005656 0.00000000099999999998 
0.88143692599815515187 0.00000000099999999999 0.11856307300184490416 
0.00000000099999999998 0.40356436394067324303 0.59643563505932672975 
0.00000000099999999999 0.23446202755518738559 0.76553797144481261494 
0.08059559337239072252 0.09953940582922399249 0.81986500079838520172 
0.00000000099999999995 0.99999999799999994554 0.00000000099999999995 
0.00000000099999999998 0.85583874415506455691 0.14416125484493555464 
0.00000000099999999998 0.88477203252968672498 0.11522796647031323392 
0.07614816456643699882 0.29000398368117769055 0.63384785175238533839 
0.00000000099999999998 0.81900424275569516652 0.18099575624430483400 
0.05179025344135040204 0.23383617241279389121 0.71437357414585578308 
0.00000000099999999999 0.81293352271482177684 0.18706647628517827919 
0.60673606783589495439 0.39326393116410512940 0.00000000099999999997 
0.00000000099999999998 0.83206660058772252686 0.16793339841227764020 
0.08261721633660726316 0.91738278266339268185 0.00000000099999999999 
0.00000000099999999999 0.83716959077641051046 0.16283040822358946231 
0.20400384727809808827 0.57597022679413201196 0.22002592592776995528 
0.00000000099999999995 0.99999999799999994554 0.00000000099999999995 
0.00000000099999999998 0.79182083685907866943 0.20817916214092149763 
0.16875731235662078111 0.75678406180813839743 0.07445862583524098799 
0.00462777369491756702 0.58698285842504904775 0.40838936788003349365 
0.00000000099999999999 0.34446819497371355956 0.65553180402628641321 
0.00000000100000000000 0.66591452463342470924 0.33408547436657520802 
0.00000000099999999998 0.99999999799999994554 0.00000000099999999998 
0.24991783545976453684 0.70869822419879335840 0.04138394034144212558 
0.01659166920825496869 0.63884260548333759999 0.34456572530840751112 
0.01548409484158168141 0.70870064372523056129 0.27581526143318774169 
0.00000000099999999996 0.99999999800000005656 0.00000000099999999996 
0.00000000099999999999 0.75636451300085860705 0.24363548599914133796 
0.55906616254832341983 0.31874458033354585718 0.12218925711813065360 
0.98491029423506404328 0.01508970476493586010 0.00000000099999999999 
0.99999999800000005656 0.00000000099999999996 0.00000000099999999996 
0.00000000099999999999 0.80810358056522768599 0.19189641843477242555 
0.99999999800000005656 0.00000000099999999994 0.00000000099999999994 
0.99999999799999994554 0.00000000099999999986 0.00000000099999999986 
0.63802666009835840022 0.00000000099999999996 0.36197333890164162806 
0.00000000099999999999 0.88444099643079121531 0.11555900256920875746 
0.00000000099999999997 0.90128025130232147788 0.09871974769767845326 
0.00000000099999999998 0.73899304118018194210 0.26100695781981819721 
0.00000007243578663127 0.41318835558220262660 0.58681157198201072678 
0.00000000099999999999 0.86706094023963398154 0.13293905876036604674 
0.00000000099999999996 0.00000000099999999996 0.99999999799999994554 
0.00000000099999999998 0.92812051695615582769 0.07187948204384413120 
0.01762504412278492402 0.88012626268907279137 0.10224869318814237829 
0.00000000099999999999 0.99999999799999994554 0.00000000099999999999 
0.00000000099999999997 0.21851416323484088022 0.78148583576515917581 
0.00000000099999999999 0.00279441218737065244 0.99720558681262927436 
0.00000000099999999996 0.00000000099999999996 0.99999999799999994554 
0.00000000099999999998 0.83694751819800017323 0.16305248080199982730 
0.00000000099999999998 0.66272840616767048072 0.33727159283232960307 
0.00000000099999999999 0.65009105657081267537 0.34990894242918724188 
0.00000000099999999996 0.00000000099999999996 0.99999999800000005656 
0.00000000099999999996 0.25379694895429488755 0.74620305004570519625 
0.00000000099999999999 0.88353420696220785757 0.11646579203779224010 
0.00000000099999999997 0.00000000099999999997 0.99999999799999994554 
0.03709093365309882456 0.17620128951857882971 0.78670777682832226940 
0.00000004399933381395 0.00000001076587366670 0.99999994523479251995 
0.00140923996477745526 0.00000000099999999999 0.99859075903522254158 
0.00000000099999999997 0.06343880744386773407 0.93656119155613215543 
0.00000000099999999998 0.56721210927012033487 0.43278788972987974892 
0.00000000099999999998 0.42931758940910197397 0.57068240959089799880 
0.32807280674307010004 0.54831229670782211105 0.12361489654910781666 
0.00000000100000000000 0.93719987226780887557 0.06280012673219123598 
0.00000000099999999998 0.79487734746825156051 0.20512265153174832899 
0.99999999799999994554 0.00000000099999999993 0.00000000099999999993 
0.00000000100000000000 0.87936189638948925040 0.12063810261051072237 
0.00000000099999999998 0.74898416011159241190 0.25101583888840767189 
0.00000000099999999998 0.17568993580021202705 0.82431006319978794572 
0.00000000099999999995 0.00000000099999999995 0.99999999799999994554 
0.00000000099999999996 0.99999999800000005656 0.00000000099999999996 
0.07686196283773406857 0.38439524920405238051 0.53874278795821350929 
0.00000000099999999999 0.85941125904107951161 0.14058873995892062769 
0.23718831718070471082 0.30225391160316766870 0.46055777121612756497 
0.00000000099999999999 0.62797383688108532329 0.37202616211891464948 
0.00000000099999999999 0.43087751933799400827 0.56912247966200602001 
0.37869229571758944441 0.00000000099999999999 0.62130770328241058387 
0.00000000099999999999 0.85228356382466408103 0.14771643517533589174 
0.00000000099999999999 0.33222468659529447166 0.66777531240470555662 
0.01070773098388918924 0.47134570487780141912 0.51794656413830941766 
0.04890830009944576590 0.68411250734142459162 0.26697919255912971881 
