0.04866211276718841044 0.00000000099999999994 0.00000000099999999994 0.44170736744086713799 0.00000000099999999994 0.50963051679194437682 
0.00000000099999999996 0.00000000099999999996 0.00000000099999999996 0.99999999499999991937 0.00000000099999999996 0.00000000099999999996 
0.00000000099999999991 0.00000000099999999991 0.00000000099999999991 0.49852831874829572900 0.00000000099999999991 0.50147167725170416208 
0.00000000099999999990 0.00000000099999999990 0.00000000099999999990 0.99999999499999991937 0.00000000099999999990 0.00000000099999999990 
0.00000000099999999982 0.00000000099999999982 0.00000000099999999982 0.00000000099999999982 0.99999999499999991937 0.00000000099999999982 
0.00000000099999999999 0.00000000099999999999 0.02107015816675878936 0.00021118823396917556 0.77724185647668053711 0.20147679512259150658 
0.00004808699899958943 0.10591145036248751643 0.00000000099999999997 0.67960010593085096176 0.00000000099999999997 0.21444035470766190099 
0.00000000099999999981 0.00000000099999999981 0.00000000099999999981 0.00000000099999999981 0.99999999499999991937 0.00000000099999999981 
0.06459059913496870142 0.00000000099999999997 0.00000000099999999997 0.37655194974448502609 0.00585714928095214596 0.55300029983959420044 
0.02511519908717130614 0.00000000099999999994 0.00000000099999999994 0.78560730087438135349 0.00000000099999999994 0.18927749703844737317 
0.06842640086234892671 0.85487923553813571775 0.00000000099999999996 0.07669436059951534324 0.00000000099999999996 0.00000000099999999996 
0.00000000099999999990 0.00000000099999999990 0.00000000099999999990 0.99999999500000003039 0.00000000099999999990 0.00000000099999999990 
0.00000000099999999991 0.00000000099999999991 0.00000000099999999991 0.00000000099999999991 0.99999999499999991937 0.00000000099999999991 
0.00000005317689708345 0.32789934737681891708 0.01311185506347348033 0.56081515413893989752 0.09563648908691063655 0.00253710115695992026 
0.00000000099999999996 0.39370606120627443802 0.00000000099999999996 0.00000000099999999996 0.60629393479372539755 0.00000000099999999996 
0.00000000099999999995 0.39522776126421432785 0.00000000099999999995 0.00000000099999999995 0.60477223473578556323 0.00000000099999999995 
0.00000000099999999993 0.00000000099999999993 0.00000000099999999993 0.71330879361375010284 0.00000000099999999993 0.28669120238624989927 
0.00000000099999999995 0.00000000099999999995 0.00000000099999999995 0.87668315743908475923 0.12331683856091525675 0.00000000099999999995 
0.00000000099999999991 0.00000000099999999991 0.00000000099999999991 0.00000000099999999991 0.99999999500000003039 0.00000000099999999991 
0.00408462971781196199 0.09169486199723413111 0.00000000099999999995 0.65903443410008977210 0.00000000099999999995 0.24518607218486437871 
0.01771625892416424028 0.03566941264337483014 0.00000000099999999994 0.94661430297051851745 0.00000000099999999994 0.00000002346194228806 
0.10897438084054378304 0.00000000099999999996 0.00000000099999999996 0.64117594945788092264 0.00000000099999999996 0.24984966670157540691 
0.04656958625143067798 0.15231976862787929838 0.00000000099999999995 0.80111064212069016399 0.00000000099999999995 0.00000000099999999995 
0.00000000099999999995 0.57978370133415835230 0.00000000099999999995 0.42021629466584176082 0.00000000099999999995 0.00000000099999999995 
0.00000000099999999981 0.00000000099999999981 0.00000000099999999981 0.00000000099999999981 0.99999999499999991937 0.00000000099999999981 
0.00000000099999999989 0.00000000099999999989 0.00000000099999999989 0.99999999500000003039 0.00000000099999999989 0.00000000099999999989 
0.00000000099999999988 0.00000000099999999988 0.00000000099999999988 0.99999999500000003039 0.00000000099999999988 0.00000000099999999988 
0.01737004855951132173 0.00000000099999999991 0.00000000099999999991 0.98262994744048870466 0.00000000099999999991 0.00000000099999999991 
0.14357953322903432847 0.00000000099999999997 0.00000000099999999997 0.85642046277096561813 0.00000000099999999997 0.00000000099999999997 
0.02303720838791338543 0.09994841947949867356 0.00000000099999999994 0.87701436913258790096 0.00000000099999999994 0.00000000099999999994 
0.01610849420963322842 0.23958703803652778297 0.00000000099999999995 0.55433560017975280765 0.00000000099999999995 0.18996886557408612650 
0.02337330306579038855 0.48629450178886129974 0.00000000099999999999 0.49024904776875244394 0.00008312305608070995 0.00000002332051515537 
0.00000000099999999992 0.00000000099999999992 0.00000000099999999992 0.99999998897917785623 0.00000000099999999992 0.00000000702082225545 
0.00000000099999999991 0.04307753369030552226 0.00000000099999999991 0.00000000099999999991 0.95692246230969435494 0.00000000099999999991 
0.00138472316483666431 0.52721268988327640859 0.00000000099999999995 0.42757941920905390143 0.00000000099999999995 0.04382316574283305621 
0.00000000099999999997 0.67483816892292958212 0.00000000099999999997 0.32516182707707041999 0.00000000099999999997 0.00000000099999999997 
0.04257459195580868411 0.71373700960878094790 0.05859983171310758493 0.14594429179834447763 0.01915640742286549986 0.01998786750109289925 
0.00000000099999999989 0.00000000099999999989 0.00000000099999999989 0.99999999500000003039 0.00000000099999999989 0.00000000099999999989 
0.01217452997779793454 0.07938899809266831975 0.00000000099999999996 0.74086490919501102326 0.00000000099999999996 0.16757156073452272871 
0.00628213142121936043 0.00000000099999999993 0.00000000099999999993 0.99371786457878075183 0.00000000099999999993 0.00000000099999999993 
0.07769162010524337247 0.56760421189391341290 0.07026923907045364015 0.00000001909494042286 0.00000000100000000000 0.28443490883544925163 
0.01594164997000004774 0.14339762079377632586 0.00000000099999999996 0.34007775588123978494 0.00000000099999999996 0.50058297135498386332 
0.00011542251885062146 0.62929411042248573072 0.05103437994688320850 0.00000000099999999999 0.00000000099999999999 0.31955608511178040798 
0.00022375699467186143 0.12640387598722740981 0.00000000099999999995 0.00000000099999999995 0.00000000099999999995 0.87337236401810069975 
0.00000000099999999990 0.00000000099999999990 0.01836688710094396687 0.00000000099999999990 0.52774505604133159498 0.45388805385772457157 
0.00000000099999999994 0.15998095400587666881 0.00000000099999999994 0.00000000099999999994 0.00000000099999999994 0.84001904199412336105 
0.00000000099999999993 0.00000000099999999993 0.00000000099999999993 0.00000000099999999993 0.02303468529725361674 0.97696531070274639230 
0.00000053561452055334 0.10146836301733634655 0.00000000099999999997 0.00000000099999999997 0.00000000099999999997 0.89853109836814304412 
0.08202101875638742601 0.15751005010976784626 0.02523843032191044541 0.00000000099999999999 0.15410201589173591619 0.58112848392019833543 
0.00000000099999999984 0.00000000099999999984 0.00000000099999999984 0.00000000099999999984 0.00000000099999999984 0.99999999500000003039 
0.00000000099999999989 0.14717858351394524918 0.00000000099999999989 0.00000000099999999989 0.00000000099999999989 0.85282141248605480843 
0.00000000099999999999 0.00001592546553785505 0.00034197009562857080 0.00000000099999999999 0.13065654736745849207 0.86898555507137509313 
0.00000000099999999998 0.40323038440449526787 0.00738495883263591991 0.00007803100982993855 0.00000000099999999998 0.58930662375303899392 
0.00493640757357334103 0.62346930038414916098 0.00000000099999999998 0.00000000147523489326 0.00000000099999999998 0.37159428856704274091 
0.05764998669565524203 0.29075911036488227834 0.00000000099999999998 0.18950173642343343117 0.00000000099999999998 0.46208916451602893849 
0.00000000099999999991 0.00000000099999999991 0.00000000099999999991 0.00000000099999999991 0.00000000099999999991 0.99999999499999991937 
0.02006292787542552844 0.02149741806583582021 0.04165493134549094062 0.28969064097974400740 0.21691116737929905245 0.41018291435420473068 
0.12846192288340249621 0.29811627752950414783 0.01538834158411176226 0.13035773393314262214 0.00000000099999999999 0.42767572306983897557 
0.00632388193839489472 0.25132937393675830462 0.01331230664494771621 0.00000000099999999999 0.00000000099999999999 0.72903443547989899010 
0.05072402266611458765 0.00000000099999999990 0.00000000099999999990 0.00000000099999999990 0.00000000099999999990 0.94927597333388546996 
0.03207040443685951064 0.20375097006031855917 0.00000000099999999997 0.38724720748209751076 0.00000000099999999997 0.37693141602072455232 
0.00000000099999999998 0.07033229497354105686 0.07413555027394452823 0.00000000099999999998 0.49084848234056704941 0.36468367041194738043 
0.00000000099999999991 0.00000000099999999991 0.99999999499999991937 0.00000000099999999991 0.00000000099999999991 0.00000000099999999991 
0.00000000099999999973 0.00000000099999999973 0.99999999499999991937 0.00000000099999999973 0.00000000099999999973 0.00000000099999999973 
0.13288820292523112476 0.16247435146327299238 0.00000000099999999996 0.00068984804005171700 0.00000000099999999996 0.70394759557144404027 
0.00000000099999999949 0.00000000099999999949 0.99999999499999991937 0.00000000099999999949 0.00000000099999999949 0.00000000099999999949 
0.00000000099999999934 0.00000000099999999934 0.99999999499999991937 0.00000000099999999934 0.00000000099999999934 0.00000000099999999934 
0.00000000099999999988 0.26420100633152704406 0.73579898966847279151 0.00000000099999999988 0.00000000099999999988 0.00000000099999999988 
0.00349675953201568834 0.07328832696281965819 0.00000000099999999997 0.33653477052408875547 0.00000000099999999997 0.58668014098107590382 
0.00000000099999999993 0.05125379030941881742 0.00000000099999999993 0.61552709566792240814 0.00000000099999999993 0.33321911102265866500 
0.00000000099999999995 0.20602245017657641601 0.00000000099999999995 0.42820631303657274991 0.00000000099999999995 0.36577123378685083566 
0.00670170783152919565 0.51811397416182625175 0.00000000100000000000 0.34774560597489112546 0.00000033528621327806 0.12743837574554037206 
0.00000000099999999996 0.08517547433488462105 0.00000000099999999996 0.56511762513451802015 0.00000000099999999996 0.34970689753059741589 
0.00000000099999999992 0.99999999500000003039 0.00000000099999999992 0.00000000099999999992 0.00000000099999999992 0.00000000099999999992 
0.01617424523287147586 0.02306999614618535435 0.00000000099999999994 0.51108895404502874271 0.00000000099999999994 0.44966680257591434833 
0.00000000099999999998 0.05000865211228485568 0.00000000099999999998 0.54671270480474076781 0.01007922855594150201 0.39319941252703294321 
0.02164565295978930146 0.00000000099999999996 0.00000000099999999996 0.43815759863906772464 0.00000000099999999996 0.54019674540114304140 
0.00000000099999999993 0.74516698003588444088 0.00000000099999999993 0.16794183457934286352 0.00000000099999999993 0.08689118238477278044 
0.00000000099999999997 0.91457108357485705774 0.00000000099999999997 0.00000000099999999997 0.00000000099999999997 0.08542891242514297212 
0.00000000099999999991 0.99999999500000003039 0.00000000099999999991 0.00000000099999999991 0.00000000099999999991 0.00000000099999999991 
0.99999999500000014141 0.00000000099999999947 0.00000000099999999947 0.00000000099999999947 0.00000000099999999947 0.00000000099999999947 
0.17381800789908430360 0.25654475675292759407 0.00000000099999999995 0.46811740456960565515 0.00000000099999999995 0.10151982877838255925 
0.07639846408135797518 0.31798504623378848200 0.00000000099999999997 0.09699752442396386565 0.00000000099999999997 0.50861896326088962272 
0.13986002041874581736 0.86013997558125432352 0.00000000099999999992 0.00000000099999999992 0.00000000099999999992 0.00000000099999999992 
0.01160368445055957529 0.68157758674760915429 0.00000000099999999993 0.30473555995921003392 0.00000000099999999993 0.00208316684262142447 
0.03060361117595967670 0.10821424186018105407 0.00000000099999999993 0.00000000099999999993 0.00000000099999999993 0.86118214396385917020 
0.00008676249838311023 0.99664655429322546176 0.00000000099999999995 0.00000000099999999995 0.00000000099999999995 0.00326668020839144223 
0.37453423610113040221 0.62546575989886976643 0.00000000099999999997 0.00000000099999999997 0.00000000099999999997 0.00000000099999999997 
0.09078429052965268642 0.90912784923238076917 0.00000000099999999999 0.00000000099999999999 0.00000000099999999999 0.00008785723796673494 
0.00000000099999999997 0.97213706784435427455 0.00000000099999999997 0.00000000099999999997 0.02786292815564587327 0.00000000099999999997 
0.00702382472500003279 0.90243082043783284796 0.00000000099999999995 0.00987427945793580009 0.00000000099999999995 0.08067107337923137833 
0.03202944173519014365 0.40079581626572213793 0.00000000099999999995 0.24230478469943170228 0.00000000099999999995 0.32486995529965612128 
0.00304319763760932090 0.51914997480658464646 0.00000000099999999997 0.47756524110557485585 0.00000000099999999997 0.00024158445023105690 
0.00000000099999999997 0.11921483132525087512 0.00000000099999999997 0.29888740262280377724 0.36913261418134846181 0.21276514987059694239 
0.00474790909244331063 0.03562081552029061626 0.00000000099999999998 0.51022338581420856318 0.00000000099999999998 0.44940788757305755174 
0.00475290076640096093 0.16083310105311637850 0.00000000099999999995 0.70774022205866071733 0.00000000099999999995 0.12667377412182201368 
0.00000000099999999967 0.00000000099999999967 0.00000000099999999967 0.00000000099999999967 0.99999999499999991937 0.00000000099999999967 
0.08996087431500258969 0.07668199666912905998 0.00000000099999999999 0.55837845683854236967 0.00000000099999999999 0.27497867017732607886 
0.00000000099999999995 0.21015734757520046494 0.00000000099999999995 0.54903668162775776107 0.00000000099999999995 0.24080596779704172006 
0.00029132115523391777 0.69781597738432044054 0.00000000099999999996 0.30189269846044580747 0.00000000099999999996 0.00000000099999999996 
0.00000000099999999989 0.99999999500000003039 0.00000000099999999989 0.00000000099999999989 0.00000000099999999989 0.00000000099999999989 
0.99999999500000014141 0.00000000099999999945 0.00000000099999999945 0.00000000099999999945 0.00000000099999999945 0.00000000099999999945 
0.00854350588155967233 0.44247675878348052825 0.00000000099999999999 0.46101931695122433386 0.08796041638373534866 0.00000000099999999999 
0.99999999500000014141 0.00000000099999999977 0.00000000099999999977 0.00000000099999999977 0.00000000099999999977 0.00000000099999999977 
0.00000000099999999998 0.41372746622249351178 0.00000000099999999998 0.31353316298206901358 0.27273936779543728193 0.00000000099999999998 
0.03263869804771656058 0.33053890307020666883 0.00000000099999999998 0.26072793535284016775 0.00000000099999999998 0.37609446152923659001 
0.00000000099999999996 0.48932470741513994783 0.00000000099999999996 0.51067528858485999876 0.00000000099999999996 0.00000000099999999996 
0.00000000099999999997 0.59586580377320608193 0.01431259726894352352 0.00000000099999999997 0.38982159595785048634 0.00000000099999999997 
0.00000000099999999997 0.10654109447499623964 0.00000000099999999997 0.51661084188736483558 0.00000000099999999997 0.37684806063763881534 
0.00000000099999999997 0.54187238870306353444 0.00000000099999999997 0.45812081417519628923 0.00000000099999999997 0.00000679412174026307 
0.00000000829460880264 0.45650870953546890396 0.00000000099999999998 0.43175259594837889221 0.02756346556099306677 0.08417521966055030447 
0.00000063484086216404 0.25042544984430492594 0.00000000099999999998 0.21882292814041381934 0.05622495876977194607 0.47452602740464722153 
