0.000010 0.933465 0.066495 0.000010 0.000010 0.000010
0.063130 0.899284 0.000010 0.000010 0.000010 0.037556
0.000010 0.999950 0.000010 0.000010 0.000010 0.000010
0.000010 0.999950 0.000010 0.000010 0.000010 0.000010
0.000010 0.000010 0.000010 0.000010 0.000010 0.999950
0.000010 0.000010 0.000010 0.000010 0.323855 0.676105
0.000010 0.632011 0.012536 0.000010 0.355423 0.000010
0.000010 0.000010 0.000010 0.000010 0.000010 0.999950
0.000010 0.864547 0.087516 0.013430 0.019041 0.015456
0.000010 0.947211 0.052749 0.000010 0.000010 0.000010
0.710658 0.000010 0.047241 0.000010 0.242071 0.000010
0.000010 0.999793 0.000167 0.000010 0.000010 0.000010
0.000010 0.000010 0.000010 0.000010 0.220045 0.779915
0.243316 0.389001 0.000010 0.014156 0.278260 0.075257
0.000010 0.000010 0.000010 0.000010 0.721159 0.278801
0.000010 0.000010 0.000010 0.000010 0.794799 0.205161
0.000010 0.779939 0.000010 0.000010 0.220021 0.000010
0.000010 0.712512 0.000010 0.000010 0.159409 0.128048
0.000010 0.000010 0.000010 0.000010 0.082187 0.917773
0.136536 0.731339 0.010702 0.000010 0.121403 0.000010
0.197947 0.781235 0.020789 0.000010 0.000010 0.000010
0.034734 0.844704 0.120532 0.000010 0.000010 0.000010
0.216211 0.573883 0.051098 0.000010 0.158788 0.000010
0.636412 0.363548 0.000010 0.000010 0.000010 0.000010
0.000010 0.000010 0.000010 0.000010 0.000010 0.999950
0.080628 0.919332 0.000010 0.000010 0.000010 0.000010
0.018798 0.973312 0.007860 0.000010 0.000010 0.000010
0.079436 0.875436 0.045099 0.000010 0.000010 0.000010
0.124849 0.738113 0.137008 0.000010 0.000010 0.000010
0.240990 0.725367 0.033613 0.000010 0.000010 0.000010
0.339456 0.636616 0.023898 0.000010 0.000010 0.000010
0.522003 0.352040 0.032978 0.000010 0.065799 0.027170
0.000010 0.868043 0.000010 0.000010 0.131917 0.000010
0.146072 0.000010 0.000010 0.000010 0.000010 0.853888
0.538076 0.266137 0.010889 0.000010 0.184878 0.000010
0.481565 0.149748 0.000010 0.000010 0.368656 0.000010
0.000010 0.000010 0.000010 0.000010 0.999950 0.000010
0.000010 0.999950 0.000010 0.000010 0.000010 0.000010
0.174278 0.796713 0.028979 0.000010 0.000010 0.000010
0.139097 0.825687 0.035187 0.000010 0.000010 0.000010
0.348668 0.000010 0.015546 0.036410 0.599356 0.000010
0.202378 0.680622 0.009180 0.000010 0.107800 0.000010
0.336884 0.000010 0.000010 0.031188 0.631897 0.000010
0.000010 0.393587 0.033952 0.000010 0.572431 0.000010
0.000010 0.000010 0.000010 0.020775 0.515895 0.463300
0.000010 0.371587 0.000010 0.000010 0.628373 0.000010
0.000010 0.511994 0.000010 0.000010 0.424163 0.063813
0.000010 0.000018 0.000010 0.000010 0.999942 0.000010
0.000010 0.000010 0.000010 0.000010 0.999950 0.000010
0.000010 0.435681 0.000010 0.000010 0.564279 0.000010
0.178264 0.624298 0.000010 0.005342 0.192075 0.000010
0.000010 0.000010 0.000010 0.000010 0.999950 0.000010
0.245367 0.292682 0.000010 0.019324 0.442607 0.000010
0.396360 0.130849 0.023024 0.011752 0.438004 0.000010
0.204322 0.328393 0.037699 0.019991 0.409584 0.000010
0.000010 0.856396 0.000010 0.015680 0.127894 0.000010
0.000010 0.280064 0.000010 0.035212 0.555557 0.129147
0.142025 0.271413 0.064094 0.013850 0.508607 0.000010
0.148455 0.296302 0.006824 0.021107 0.527302 0.000010
0.000010 0.792198 0.095199 0.001622 0.110961 0.000010
0.292029 0.644556 0.063385 0.000010 0.000010 0.000010
0.000010 0.000010 0.000010 0.065269 0.648063 0.286638
0.000010 0.000010 0.000010 0.893872 0.106088 0.000010
0.000010 0.000010 0.000010 0.933358 0.066602 0.000010
0.000010 0.322881 0.082658 0.000010 0.594431 0.000010
0.000010 0.000010 0.000010 0.999950 0.000010 0.000010
0.000010 0.000010 0.000010 0.999950 0.000010 0.000010
0.180245 0.000010 0.000010 0.507889 0.311836 0.000010
0.141766 0.653658 0.033116 0.004122 0.167329 0.000010
0.147806 0.831991 0.000010 0.000010 0.020173 0.000010
0.276685 0.619728 0.000010 0.000010 0.103557 0.000010
0.606856 0.363446 0.009670 0.000010 0.000010 0.020008
0.162028 0.749026 0.000010 0.000010 0.088917 0.000010
0.630723 0.000010 0.000010 0.000010 0.369237 0.000010
0.159923 0.811805 0.024718 0.000010 0.003534 0.000010
0.150318 0.818653 0.000010 0.000010 0.000010 0.031000
0.000010 0.798449 0.052469 0.006135 0.142926 0.000010
0.902816 0.097144 0.000010 0.000010 0.000010 0.000010
0.748177 0.000010 0.000010 0.000010 0.251783 0.000010
0.999950 0.000010 0.000010 0.000010 0.000010 0.000010
0.000010 0.000010 0.999950 0.000010 0.000010 0.000010
0.338634 0.535964 0.125372 0.000010 0.000010 0.000010
0.351744 0.478411 0.061810 0.000010 0.108015 0.000010
0.580458 0.000010 0.085052 0.000010 0.334460 0.000010
0.682383 0.307190 0.010397 0.000010 0.000010 0.000010
0.105120 0.626886 0.038051 0.000010 0.229923 0.000010
0.429455 0.000010 0.000010 0.000010 0.570505 0.000010
0.224417 0.000010 0.165681 0.000010 0.609872 0.000010
0.284269 0.000010 0.000010 0.000010 0.715691 0.000010
0.233426 0.000010 0.000010 0.000010 0.766534 0.000010
0.999950 0.000010 0.000010 0.000010 0.000010 0.000010
0.500490 0.450439 0.049041 0.000010 0.000010 0.000010
0.331504 0.354193 0.021501 0.000010 0.292781 0.000010
0.214564 0.425436 0.000010 0.000010 0.000010 0.359970
0.119525 0.799119 0.016721 0.000010 0.052790 0.011834
0.236171 0.758500 0.005299 0.000010 0.000010 0.000010
0.000011 0.000010 0.000010 0.000010 0.000010 0.999949
0.187433 0.678346 0.089534 0.002922 0.024386 0.017379
0.261554 0.663774 0.000010 0.000010 0.074642 0.000010
0.715490 0.000010 0.000010 0.000010 0.284470 0.000010
0.999935 0.000010 0.000019 0.000016 0.000010 0.000010
0.000010 0.000010 0.999950 0.000010 0.000010 0.000010
0.000010 0.000010 0.000010 0.000010 0.999950 0.000010
0.000010 0.000010 0.740628 0.000010 0.259332 0.000010
0.203288 0.170907 0.000010 0.000010 0.434221 0.191565
0.106974 0.296633 0.021349 0.000010 0.575024 0.000010
0.226153 0.265460 0.000010 0.000010 0.508358 0.000010
0.000010 0.000010 0.000010 0.000010 0.860074 0.139886
0.000010 0.563947 0.000010 0.000010 0.436013 0.000010
0.527525 0.000010 0.000010 0.000010 0.472435 0.000010
0.202425 0.383109 0.003491 0.000010 0.392171 0.018793
0.234572 0.546833 0.019025 0.000010 0.131820 0.067739
