0.999980 0.000010 0.000010
0.967324 0.000010 0.032666
0.999980 0.000010 0.000010
0.999980 0.000010 0.000010
0.000010 0.000010 0.999980
0.208086 0.118990 0.672925
0.702749 0.297241 0.000010
0.000010 0.000010 0.999980
0.967994 0.000010 0.031996
0.999980 0.000010 0.000010
0.233983 0.766007 0.000010
0.999980 0.000010 0.000010
0.124669 0.051368 0.823963
0.494076 0.421165 0.084759
0.000010 0.681638 0.318352
0.000010 0.749698 0.250292
0.883172 0.116818 0.000010
0.868517 0.000010 0.131473
0.049770 0.000010 0.950220
0.852770 0.147220 0.000010
0.985142 0.014848 0.000010
0.999980 0.000010 0.000010
0.742165 0.257825 0.000010
0.507270 0.492720 0.000010
0.000010 0.000010 0.999980
0.999980 0.000010 0.000010
0.999980 0.000010 0.000010
0.999980 0.000010 0.000010
0.988856 0.011134 0.000010
0.876673 0.123317 0.000010
0.775611 0.224379 0.000010
0.522553 0.458604 0.018843
0.968782 0.031208 0.000010
0.000010 0.123555 0.876435
0.411685 0.588305 0.000010
0.268424 0.731566 0.000010
0.000010 0.999980 0.000010
0.999980 0.000010 0.000010
0.928114 0.071876 0.000010
0.967955 0.032035 0.000010
0.110469 0.850698 0.038833
0.785752 0.214238 0.000010
0.000010 0.999980 0.000010
0.485397 0.514593 0.000010
0.193323 0.213194 0.593483
0.426566 0.573424 0.000010
0.674981 0.228196 0.096823
0.126159 0.873831 0.000010
0.000010 0.909558 0.090432
0.620256 0.379734 0.000010
0.705056 0.294934 0.000010
0.000010 0.950895 0.049095
0.389055 0.604565 0.006380
0.292826 0.707164 0.000010
0.463556 0.524817 0.011626
0.999980 0.000010 0.000010
0.336186 0.476559 0.187255
0.419693 0.570830 0.009477
0.380190 0.613459 0.006351
0.999980 0.000010 0.000010
0.812180 0.187810 0.000010
0.000010 0.572027 0.427963
0.000010 0.195833 0.804157
0.000010 0.204386 0.795604
0.442498 0.557492 0.000010
0.000010 0.229633 0.770357
0.000010 0.000010 0.999980
0.000010 0.630675 0.369315
0.782247 0.217743 0.000010
0.886286 0.113704 0.000010
0.725240 0.274750 0.000010
0.526033 0.460657 0.013310
0.830699 0.169291 0.000010
0.000010 0.999980 0.000010
0.902307 0.097683 0.000010
0.968714 0.002774 0.028512
0.929956 0.061611 0.008434
0.502390 0.497600 0.000010
0.293113 0.706877 0.000010
0.366901 0.633089 0.000010
0.850478 0.149512 0.000010
0.875923 0.124067 0.000010
0.643468 0.356522 0.000010
0.000010 0.999980 0.000010
0.545214 0.454776 0.000010
0.765659 0.234331 0.000010
0.000010 0.999980 0.000010
0.000010 0.999980 0.000010
0.000010 0.999980 0.000010
0.000010 0.999980 0.000010
0.441036 0.558954 0.000010
0.639013 0.360977 0.000010
0.473550 0.526440 0.000010
0.577679 0.088990 0.333330
0.884609 0.105263 0.010128
0.867854 0.132136 0.000010
0.000010 0.000010 0.999980
0.849365 0.131234 0.019401
0.753769 0.246221 0.000010
0.302320 0.697670 0.000010
0.395605 0.604385 0.000010
0.999980 0.000010 0.000010
0.124914 0.839517 0.035569
0.741769 0.258221 0.000010
0.273412 0.534343 0.192244
0.385375 0.614615 0.000010
0.361650 0.638340 0.000010
0.000010 0.820499 0.179491
0.642870 0.357120 0.000010
0.286569 0.713421 0.000010
0.491114 0.493159 0.015727
0.681249 0.259808 0.058943
