0.999970 0.000010 0.000010 0.000010
0.914689 0.053508 0.031793 0.000010
0.999970 0.000010 0.000010 0.000010
0.999970 0.000010 0.000010 0.000010
0.041008 0.000010 0.958972 0.000010
0.153622 0.000010 0.621002 0.225366
0.625001 0.000010 0.000010 0.374979
0.000010 0.000010 0.999970 0.000010
0.943713 0.000010 0.021767 0.034510
0.999970 0.000010 0.000010 0.000010
0.000010 0.789656 0.000010 0.210324
0.999970 0.000010 0.000010 0.000010
0.000010 0.000010 0.732741 0.267239
0.400331 0.256294 0.076381 0.266994
0.000010 0.000010 0.268774 0.731206
0.000010 0.000010 0.190725 0.809255
0.764181 0.000010 0.000010 0.235799
0.706298 0.000010 0.108801 0.184891
0.000010 0.000010 0.880492 0.119488
0.748557 0.119228 0.000010 0.132204
0.828228 0.171752 0.000010 0.000010
0.937107 0.062873 0.000010 0.000010
0.627180 0.218734 0.000010 0.154075
0.371366 0.628614 0.000010 0.000010
0.000010 0.000010 0.999970 0.000010
0.931092 0.068888 0.000010 0.000010
0.999970 0.000010 0.000010 0.000010
0.935668 0.064312 0.000010 0.000010
0.858368 0.141612 0.000010 0.000010
0.757517 0.242463 0.000010 0.000010
0.673835 0.326145 0.000010 0.000010
0.401955 0.523395 0.017953 0.056698
0.844515 0.000010 0.000010 0.155465
0.000010 0.166101 0.833879 0.000010
0.286478 0.553311 0.000010 0.160201
0.134069 0.520756 0.000010 0.345165
0.000010 0.000010 0.000010 0.999970
0.999970 0.000010 0.000010 0.000010
0.829624 0.170349 0.000017 0.000010
0.870169 0.129811 0.000010 0.000010
0.000010 0.389640 0.013945 0.596404
0.683127 0.198084 0.000010 0.118779
0.000010 0.374130 0.000010 0.625850
0.406434 0.000010 0.000010 0.593546
0.000010 0.000010 0.449212 0.550768
0.355429 0.000010 0.000010 0.644551
0.488908 0.000010 0.053450 0.457632
0.000010 0.000010 0.000010 0.999970
0.000010 0.000010 0.000010 0.999970
0.398055 0.000010 0.000010 0.601925
0.608802 0.181836 0.000010 0.209353
0.000010 0.000010 0.000010 0.999970
0.277055 0.255980 0.000010 0.466955
0.134131 0.432365 0.000010 0.433494
0.357058 0.224569 0.000010 0.418363
0.831182 0.000010 0.000010 0.168798
0.271769 0.000010 0.150370 0.577851
0.321218 0.154564 0.000010 0.524208
0.289292 0.173543 0.000010 0.537155
0.860019 0.000010 0.000010 0.139961
0.718382 0.281598 0.000010 0.000010
0.000010 0.000010 0.319572 0.680408
0.000010 0.000010 0.756574 0.243406
0.000010 0.000010 0.755957 0.244023
0.364365 0.070895 0.000010 0.564730
0.000010 0.219661 0.780319 0.000010
0.000010 0.000010 0.999970 0.000010
0.000010 0.375863 0.373934 0.250193
0.681454 0.138972 0.000010 0.179564
0.830031 0.134647 0.000010 0.035312
0.622720 0.260225 0.000010 0.117045
0.383706 0.606209 0.010075 0.000010
0.746226 0.161880 0.000010 0.091883
0.000010 0.689356 0.000010 0.310624
0.834525 0.149119 0.000010 0.016347
0.839245 0.132637 0.028107 0.000010
0.833183 0.000010 0.000010 0.166797
0.192302 0.807678 0.000010 0.000010
0.000010 0.766406 0.000010 0.233574
0.000010 0.999970 0.000010 0.000010
0.825647 0.174333 0.000010 0.000010
0.658839 0.341141 0.000010 0.000010
0.538398 0.356330 0.000010 0.105262
0.000010 0.713592 0.000010 0.286388
0.336799 0.663181 0.000010 0.000010
0.662176 0.096760 0.000010 0.241054
0.000010 0.463667 0.000010 0.536313
0.000010 0.367194 0.000010 0.632786
0.000010 0.321913 0.000010 0.678067
0.000010 0.271577 0.000010 0.728403
0.000010 0.999970 0.000010 0.000010
0.515939 0.484041 0.000010 0.000010
0.376776 0.343062 0.000010 0.280152
0.505596 0.166210 0.328183 0.000010
0.817843 0.096887 0.006330 0.078939
0.782380 0.217600 0.000010 0.000010
0.000010 0.000010 0.999970 0.000010
0.776667 0.175156 0.018138 0.030039
0.666611 0.242002 0.000010 0.091377
0.000010 0.720795 0.000010 0.279185
0.000010 0.999970 0.000010 0.000010
0.999970 0.000010 0.000010 0.000010
0.000010 0.000010 0.000010 0.999970
0.672604 0.139981 0.000010 0.187406
0.196946 0.183897 0.169751 0.449406
0.300522 0.109931 0.000010 0.589536
0.258012 0.222270 0.000010 0.519708
0.000010 0.000010 0.123366 0.876614
0.546549 0.024271 0.000010 0.429170
0.004406 0.508004 0.000010 0.487580
0.394132 0.177486 0.000010 0.428372
0.587585 0.207062 0.056356 0.148997
