0.000010 0.066826 0.933144 0.000010 0.000010
0.028308 0.000010 0.929697 0.000010 0.041976
0.000010 0.000010 0.999960 0.000010 0.000010
0.000010 0.000010 0.999960 0.000010 0.000010
0.953663 0.000010 0.046307 0.000010 0.000010
0.621329 0.000010 0.158463 0.220188 0.000010
0.000010 0.009780 0.626813 0.363387 0.000010
0.999960 0.000010 0.000010 0.000010 0.000010
0.029672 0.085325 0.844624 0.040370 0.000010
0.000010 0.052585 0.947385 0.000010 0.000010
0.000010 0.050464 0.000010 0.193901 0.755615
0.000010 0.006811 0.993159 0.000010 0.000010
0.732672 0.000010 0.000010 0.267298 0.000010
0.080819 0.000575 0.404765 0.265821 0.248019
0.268760 0.000010 0.000010 0.731210 0.000010
0.190862 0.000010 0.000010 0.809108 0.000010
0.000010 0.000010 0.772641 0.227329 0.000010
0.103743 0.000010 0.725979 0.170258 0.000010
0.878877 0.000010 0.000010 0.121093 0.000010
0.000010 0.010907 0.744858 0.133098 0.111127
0.000010 0.020348 0.820851 0.000010 0.158781
0.000010 0.122621 0.858669 0.000010 0.018690
0.000010 0.051401 0.591809 0.156167 0.200612
0.000010 0.000010 0.385009 0.000010 0.614961
0.999960 0.000010 0.000010 0.000010 0.000010
0.000010 0.000010 0.938764 0.000010 0.061206
0.000010 0.005678 0.994292 0.000010 0.000010
0.000010 0.043558 0.905666 0.000010 0.050756
0.000010 0.137952 0.750454 0.000010 0.111573
0.000010 0.033244 0.744573 0.000010 0.222163
0.000010 0.023904 0.661181 0.000010 0.314895
0.018018 0.034317 0.385832 0.056363 0.505471
0.000010 0.000010 0.856626 0.143344 0.000010
0.833819 0.000010 0.000010 0.000010 0.166151
0.000010 0.010326 0.295562 0.155782 0.538319
0.000010 0.000010 0.159621 0.332954 0.507405
0.000010 0.000010 0.000010 0.999960 0.000010
0.000010 0.000010 0.999960 0.000010 0.000010
0.000010 0.029584 0.813767 0.000010 0.156629
0.000010 0.036118 0.847877 0.000010 0.115985
0.014830 0.017901 0.000010 0.590263 0.376995
0.000010 0.008912 0.691892 0.110748 0.188438
0.000010 0.000010 0.000010 0.623027 0.376943
0.000010 0.034117 0.384506 0.581357 0.000010
0.452334 0.000010 0.000010 0.547636 0.000010
0.000010 0.000010 0.364049 0.635921 0.000010
0.056444 0.000010 0.498588 0.444948 0.000010
0.000010 0.000010 0.000010 0.999960 0.000010
0.000010 0.000010 0.000010 0.999960 0.000010
0.000010 0.000010 0.414467 0.585503 0.000010
0.000010 0.000010 0.628794 0.191185 0.180001
0.000010 0.000010 0.000010 0.999960 0.000010
0.000010 0.000010 0.297374 0.451530 0.251076
0.000010 0.021746 0.140653 0.422731 0.414860
0.000398 0.037872 0.335992 0.414750 0.210987
0.000010 0.000010 0.856953 0.143017 0.000010
0.151542 0.000010 0.279746 0.568692 0.000010
0.000010 0.066703 0.267300 0.519020 0.146966
0.000010 0.008252 0.293120 0.530549 0.168070
0.000010 0.095790 0.766702 0.137488 0.000010
0.000010 0.063498 0.665031 0.000010 0.271451
0.322302 0.000010 0.000010 0.677668 0.000010
0.756931 0.000010 0.000010 0.243039 0.000010
0.756283 0.000010 0.000010 0.243687 0.000010
0.000010 0.080577 0.306379 0.574572 0.038462
0.778862 0.000010 0.000010 0.000010 0.221108
0.999960 0.000010 0.000010 0.000010 0.000010
0.373686 0.000010 0.000010 0.254360 0.371934
0.000010 0.032442 0.657282 0.177016 0.133250
0.000010 0.000010 0.849205 0.018906 0.131868
0.000010 0.000010 0.637226 0.107683 0.255071
0.011727 0.010333 0.391204 0.000010 0.586726
0.000010 0.000010 0.757830 0.083933 0.158217
0.000010 0.000010 0.000010 0.306594 0.693376
0.000010 0.024683 0.821221 0.009442 0.144644
0.028241 0.000010 0.845663 0.000010 0.126076
0.000010 0.050687 0.788346 0.160947 0.000010
0.000010 0.000010 0.215758 0.000010 0.784212
0.000010 0.000010 0.000010 0.226903 0.773067
0.000010 0.000010 0.000010 0.000010 0.999960
0.000010 0.999960 0.000010 0.000010 0.000010
0.000010 0.126705 0.565047 0.000010 0.308228
0.000010 0.061279 0.498649 0.101502 0.338560
0.000010 0.088342 0.000010 0.274571 0.637066
0.000010 0.010597 0.341496 0.000010 0.647887
0.000010 0.038644 0.636019 0.238216 0.087111
0.000010 0.000010 0.000010 0.537184 0.462786
0.000010 0.165386 0.000010 0.565934 0.268660
0.000010 0.000010 0.000010 0.679556 0.320414
0.000010 0.000010 0.000010 0.726848 0.273122
0.000010 0.000010 0.000010 0.000010 0.999960
0.000010 0.050192 0.481898 0.000010 0.467890
0.000010 0.021085 0.369277 0.274870 0.334758
0.326702 0.000010 0.520341 0.000010 0.152937
0.002855 0.016408 0.819585 0.063706 0.097446
0.000010 0.007654 0.781623 0.000010 0.210703
0.999960 0.000010 0.000010 0.000010 0.000010
0.019044 0.088143 0.698172 0.034134 0.160506
0.000010 0.000010 0.684239 0.075154 0.240587
0.000010 0.012863 0.000010 0.271428 0.715689
0.000010 0.000010 0.000010 0.000010 0.999960
0.000014 0.999954 0.000010 0.000011 0.000010
0.000010 0.000010 0.000010 0.999960 0.000010
0.000010 0.743172 0.000010 0.256798 0.000010
0.170659 0.000010 0.213821 0.439528 0.175981
0.000010 0.021756 0.291260 0.580147 0.106827
0.000010 0.000010 0.274075 0.504554 0.221351
0.124713 0.000010 0.000010 0.875257 0.000010
0.000010 0.000010 0.558707 0.441263 0.000010
0.000015 0.000010 0.044221 0.465574 0.490179
0.000010 0.002685 0.406533 0.423941 0.166830
0.057779 0.017317 0.580213 0.138673 0.206018
