0.000000	0.284090	0.233412	0.291592	0.298634	0.239571	0.240036	0.245103	0.241892	0.237179	0.253080	0.241764	0.244593	0.241784	0.285418	0.236836	0.237464	0.235172	0.289474	0.242222	0.241099	0.279992	0.291354	0.289893	0.295523	0.303507	0.245278	0.292732	0.293803	0.292718	0.296661	0.299131	0.296180	0.292843	0.240085	0.238400	0.298375	0.238727	0.292458	0.238997	0.294616	0.294397	0.239094	0.236709	0.302640	0.291323	0.303085	0.303342	0.298938	0.300827	0.304128	0.293637	0.288923	0.310461	0.295469	0.292794	0.293250	0.297464	0.310133	0.300424	0.306686	0.305686	0.304205	0.305699	0.284735	0.303558	0.300160	0.300068	0.293329	0.297830	0.295943	0.297599	0.290990	0.306416	0.278444	0.278888	0.284097	0.303583	0.296171	0.297932	0.307373	0.308601	0.300637	0.295855	0.302054	0.298610	0.291252	0.302322	0.303132	0.297851	0.307229	0.296056	0.292047	0.273046	0.300587	0.294312	0.297992	0.293286	0.300139	0.302742	0.304927	0.305873	0.296408	0.303408	0.304055	0.302388	0.302383	0.301096	0.291851	0.298030	0.285855	0.302885	0.307409	0.303466	0.302680	0.303049	0.304684	0.303191	0.305757	0.301998	0.298741	0.296179	0.302463	
0.284090	0.000000	0.290589	0.222294	0.241451	0.293577	0.292670	0.298558	0.297011	0.287871	0.282198	0.300223	0.299846	0.297386	0.219180	0.291609	0.282206	0.287796	0.225472	0.281027	0.293388	0.223992	0.241092	0.245227	0.245408	0.251771	0.296031	0.225655	0.241573	0.249580	0.226564	0.229311	0.223910	0.229713	0.295986	0.298673	0.242827	0.281354	0.240831	0.285236	0.221515	0.243710	0.298337	0.294511	0.247138	0.286393	0.249007	0.248028	0.252326	0.238576	0.243810	0.242101	0.283570	0.250983	0.286766	0.238416	0.285358	0.289509	0.256273	0.243616	0.249002	0.250322	0.246956	0.249533	0.301622	0.248690	0.242477	0.249138	0.246640	0.246864	0.249625	0.264713	0.243111	0.249551	0.304496	0.303938	0.308103	0.250280	0.245052	0.247196	0.252318	0.249167	0.249535	0.244527	0.267669	0.245244	0.282242	0.254183	0.244055	0.242174	0.248879	0.246730	0.243549	0.239378	0.250476	0.285991	0.242901	0.286170	0.247570	0.250611	0.252640	0.248211	0.238615	0.245206	0.246445	0.248094	0.248484	0.242785	0.239994	0.252835	0.252594	0.251272	0.254047	0.250819	0.247703	0.239766	0.246105	0.247256	0.241102	0.248837	0.248400	0.241026	0.249423	
0.233412	0.290589	0.000000	0.289795	0.298358	0.242840	0.240230	0.236898	0.245688	0.237056	0.252726	0.246206	0.243589	0.243485	0.293220	0.237412	0.236256	0.231226	0.289566	0.237961	0.240172	0.287734	0.299521	0.297199	0.297747	0.302389	0.241793	0.293180	0.295323	0.296989	0.292195	0.298788	0.294641	0.293465	0.244417	0.243182	0.298174	0.241161	0.294564	0.236971	0.291939	0.297729	0.234567	0.237457	0.303569	0.291810	0.306981	0.303272	0.306226	0.304314	0.298763	0.301116	0.288995	0.311506	0.292311	0.295203	0.288060	0.288951	0.308030	0.299777	0.308809	0.306584	0.307867	0.306280	0.280342	0.301153	0.302104	0.303178	0.300394	0.302453	0.293783	0.292901	0.299333	0.309514	0.280481	0.278062	0.282183	0.303223	0.295514	0.302575	0.303968	0.301025	0.305086	0.303870	0.301196	0.303693	0.288863	0.309321	0.306708	0.303978	0.305232	0.300559	0.297879	0.276243	0.302008	0.288651	0.300981	0.286170	0.304017	0.303896	0.312523	0.320296	0.300298	0.298109	0.306122	0.307254	0.307422	0.309864	0.296914	0.299002	0.288355	0.305524	0.308838	0.305780	0.298745	0.299940	0.301357	0.308511	0.308791	0.305705	0.304452	0.303397	0.300390	
0.291592	0.222294	0.289795	0.000000	0.243800	0.293815	0.293750	0.299440	0.288457	0.285876	0.276912	0.297280	0.296665	0.297348	0.225930	0.289357	0.286848	0.283092	0.224103	0.286689	0.290062	0.231190	0.243325	0.237992	0.243635	0.252077	0.289624	0.228726	0.246672	0.246522	0.220767	0.224277	0.222115	0.225632	0.293279	0.294137	0.242484	0.283010	0.238471	0.285460	0.222736	0.238898	0.291711	0.291636	0.245141	0.285988	0.252785	0.247661	0.247122	0.248036	0.243252	0.238371	0.285739	0.248957	0.287781	0.241970	0.283186	0.293168	0.254839	0.251420	0.252318	0.250358	0.247409	0.254402	0.305497	0.248744	0.243807	0.250458	0.250073	0.245585	0.245233	0.263928	0.238858	0.255785	0.304307	0.302844	0.308078	0.253011	0.244574	0.244173	0.252492	0.252776	0.250700	0.249632	0.268148	0.241090	0.284814	0.250859	0.246272	0.245854	0.251321	0.243182	0.242419	0.251113	0.246425	0.283725	0.247552	0.288136	0.244653	0.239896	0.254057	0.256439	0.244548	0.240697	0.246600	0.244661	0.255042	0.244243	0.243194	0.248234	0.249679	0.247083	0.254094	0.257154	0.249708	0.249740	0.246010	0.251292	0.239135	0.249842	0.248332	0.240905	0.248050	
0.298634	0.241451	0.298358	0.243800	0.000000	0.302811	0.305456	0.306210	0.301269	0.295209	0.290260	0.307145	0.303327	0.304838	0.237300	0.294122	0.287157	0.296081	0.248397	0.295514	0.302813	0.240369	0.231045	0.229381	0.228571	0.232884	0.298554	0.242861	0.229165	0.228362	0.244491	0.245098	0.243311	0.237823	0.303970	0.308873	0.230258	0.291506	0.230930	0.297380	0.241753	0.232271	0.305801	0.302414	0.229937	0.286895	0.234546	0.231917	0.230207	0.232891	0.226015	0.231902	0.284889	0.226118	0.297867	0.226953	0.289995	0.291350	0.236439	0.231192	0.242500	0.234164	0.233424	0.234370	0.303687	0.231216	0.238669	0.235862	0.232389	0.233103	0.232675	0.257010	0.229257	0.242885	0.310298	0.310320	0.315775	0.239454	0.229825	0.231343	0.235087	0.236200	0.237298	0.234368	0.260219	0.231955	0.285449	0.235828	0.240653	0.229626	0.237889	0.232779	0.223756	0.245122	0.227292	0.288972	0.228479	0.284862	0.236747	0.231917	0.239834	0.237595	0.232689	0.230650	0.235126	0.235248	0.236059	0.233448	0.227584	0.240452	0.243602	0.236658	0.234906	0.237775	0.227130	0.231407	0.233582	0.234752	0.230587	0.237529	0.238135	0.228802	0.234368	
0.239571	0.293577	0.242840	0.293815	0.302811	0.000000	0.241957	0.246685	0.249151	0.245345	0.260224	0.252175	0.250752	0.253787	0.295118	0.240872	0.236764	0.240033	0.294132	0.245350	0.241712	0.295123	0.295905	0.296260	0.298125	0.308764	0.244954	0.296422	0.297857	0.296314	0.300684	0.303601	0.304846	0.299122	0.247739	0.251120	0.296457	0.249185	0.294161	0.242409	0.296902	0.301497	0.244197	0.242940	0.304144	0.290041	0.303447	0.308802	0.299542	0.304581	0.305446	0.301320	0.294846	0.309482	0.296938	0.301778	0.293872	0.294210	0.304422	0.304710	0.308151	0.309493	0.307103	0.305585	0.284306	0.309422	0.306553	0.301665	0.301855	0.301354	0.301023	0.288271	0.296716	0.304643	0.281283	0.280022	0.283171	0.305475	0.300345	0.303319	0.306486	0.305966	0.305409	0.303834	0.297802	0.301256	0.289658	0.304488	0.302966	0.300844	0.312972	0.301230	0.297311	0.259130	0.308991	0.288804	0.299424	0.290094	0.306862	0.301989	0.303107	0.304717	0.304249	0.302174	0.309322	0.307216	0.306703	0.301276	0.297809	0.307022	0.301258	0.304527	0.313924	0.309839	0.303329	0.308283	0.304478	0.310462	0.306331	0.311196	0.300445	0.300549	0.300961	
0.240036	0.292670	0.240230	0.293750	0.305456	0.241957	0.000000	0.242267	0.243260	0.246630	0.256210	0.237556	0.237124	0.239749	0.294465	0.242219	0.241355	0.235400	0.290308	0.240353	0.243861	0.292004	0.304227	0.300814	0.300162	0.308605	0.236611	0.295620	0.300460	0.299895	0.297124	0.299368	0.299161	0.298610	0.235498	0.240423	0.304543	0.243714	0.297607	0.240432	0.296860	0.300594	0.247029	0.240438	0.306858	0.293568	0.306341	0.305578	0.309874	0.305503	0.308322	0.300194	0.296951	0.318817	0.293758	0.299139	0.295561	0.299728	0.312138	0.307685	0.307610	0.308038	0.307206	0.308961	0.283451	0.308325	0.301671	0.304212	0.297016	0.303002	0.303100	0.304259	0.303660	0.313935	0.280641	0.278910	0.280759	0.306501	0.298969	0.307131	0.311115	0.307439	0.304402	0.300918	0.301929	0.300573	0.290772	0.312482	0.307768	0.305691	0.315867	0.307581	0.302197	0.289363	0.302953	0.292919	0.309273	0.287491	0.307391	0.305995	0.314356	0.309770	0.301103	0.310494	0.310381	0.302350	0.307541	0.309600	0.308708	0.310880	0.302225	0.304933	0.317856	0.314544	0.312287	0.314290	0.305992	0.304852	0.304384	0.306013	0.306982	0.301078	0.303558	
0.245103	0.298558	0.236898	0.299440	0.306210	0.246685	0.242267	0.000000	0.244546	0.241388	0.259181	0.241799	0.243649	0.245701	0.297654	0.237158	0.238695	0.235701	0.293147	0.244334	0.240674	0.287325	0.295530	0.302388	0.302199	0.306385	0.240691	0.304501	0.297656	0.300776	0.296591	0.300000	0.300809	0.299171	0.245084	0.247829	0.305556	0.244434	0.299448	0.237435	0.300513	0.297794	0.242697	0.241085	0.307177	0.294207	0.309419	0.309486	0.308604	0.302784	0.306997	0.302305	0.299345	0.312400	0.291708	0.298338	0.295056	0.299105	0.306164	0.303760	0.313483	0.312464	0.310464	0.313774	0.285728	0.307993	0.306311	0.307830	0.305162	0.305855	0.301498	0.310090	0.298669	0.319458	0.289888	0.285543	0.289829	0.314399	0.302258	0.306801	0.309206	0.307749	0.302753	0.306664	0.308599	0.298362	0.288897	0.306559	0.310294	0.303551	0.312672	0.302693	0.301407	0.284214	0.309817	0.296929	0.302155	0.296569	0.309456	0.303795	0.312455	0.307921	0.302368	0.302976	0.309036	0.306582	0.308682	0.307856	0.299090	0.305444	0.297093	0.310854	0.312363	0.314882	0.305788	0.302082	0.305261	0.309936	0.311474	0.310818	0.303245	0.303259	0.306168	
0.241892	0.297011	0.245688	0.288457	0.301269	0.249151	0.243260	0.244546	0.000000	0.239808	0.250319	0.241538	0.240659	0.244216	0.295720	0.243562	0.231602	0.234960	0.293323	0.244296	0.238679	0.289005	0.301719	0.300476	0.307039	0.304221	0.240738	0.294638	0.298122	0.299984	0.297359	0.298092	0.303297	0.296620	0.245506	0.245000	0.300782	0.241625	0.297570	0.240454	0.291573	0.298730	0.242536	0.238965	0.311975	0.295158	0.305574	0.307806	0.304337	0.304565	0.302386	0.303297	0.287356	0.307828	0.298400	0.298041	0.295055	0.295805	0.306527	0.305050	0.312475	0.308888	0.307269	0.312181	0.282523	0.302243	0.307220	0.309508	0.302941	0.300769	0.295861	0.296400	0.301361	0.308540	0.277413	0.278596	0.281712	0.307068	0.299527	0.300340	0.303764	0.304894	0.304562	0.306077	0.311477	0.301214	0.290683	0.302519	0.302622	0.306419	0.313913	0.296148	0.298430	0.264665	0.304883	0.293219	0.301373	0.294305	0.305804	0.307049	0.314821	0.309827	0.303616	0.301636	0.303292	0.304960	0.304019	0.304074	0.296870	0.300763	0.291875	0.305191	0.311690	0.310179	0.309079	0.300135	0.303829	0.314810	0.307898	0.306013	0.307024	0.301110	0.307611	
0.237179	0.287871	0.237056	0.285876	0.295209	0.245345	0.246630	0.241388	0.239808	0.000000	0.252205	0.245592	0.246168	0.246098	0.288479	0.242546	0.237565	0.234184	0.289149	0.241893	0.242533	0.292027	0.296783	0.294228	0.300650	0.299610	0.235549	0.290065	0.295177	0.297223	0.294301	0.296936	0.292747	0.291879	0.246568	0.244568	0.301291	0.244770	0.296807	0.235939	0.292956	0.295782	0.238667	0.235693	0.305924	0.283061	0.303070	0.300281	0.304907	0.299167	0.303163	0.297931	0.288048	0.303301	0.290295	0.291620	0.288856	0.292249	0.301842	0.299006	0.311217	0.310110	0.302619	0.312203	0.276653	0.303836	0.302286	0.299941	0.300168	0.301791	0.296453	0.287337	0.291575	0.310841	0.285226	0.276445	0.283657	0.303571	0.297469	0.298608	0.305240	0.305960	0.301287	0.303554	0.294781	0.296335	0.284386	0.302856	0.304098	0.301305	0.309315	0.300108	0.296140	0.283170	0.299904	0.290820	0.293835	0.288184	0.300065	0.298443	0.310837	0.309508	0.298544	0.298218	0.299563	0.304713	0.299149	0.304280	0.292209	0.289443	0.289573	0.302000	0.309995	0.306610	0.305591	0.298121	0.301225	0.307999	0.305899	0.310582	0.298882	0.295277	0.301098	
0.253080	0.282198	0.252726	0.276912	0.290260	0.260224	0.256210	0.259181	0.250319	0.252205	0.000000	0.259122	0.257046	0.254094	0.277817	0.257659	0.252900	0.250060	0.268168	0.256931	0.252106	0.280308	0.291085	0.284569	0.299760	0.278600	0.250350	0.279880	0.286266	0.287189	0.279226	0.284841	0.285981	0.288222	0.254730	0.254611	0.288787	0.248864	0.287394	0.252957	0.279777	0.286617	0.256487	0.249532	0.299435	0.287408	0.294530	0.295231	0.294736	0.293537	0.288153	0.286966	0.283635	0.284820	0.299183	0.287391	0.292576	0.289895	0.297275	0.294139	0.301900	0.299398	0.296257	0.301675	0.285066	0.290457	0.289752	0.298286	0.291154	0.298129	0.270414	0.285791	0.284072	0.299173	0.286496	0.287439	0.296493	0.297015	0.294584	0.292139	0.294186	0.290304	0.298778	0.295507	0.293451	0.296751	0.283266	0.294244	0.295407	0.292814	0.297704	0.281622	0.284409	0.274080	0.278195	0.289371	0.286588	0.283844	0.285914	0.293634	0.304942	0.296810	0.290116	0.287830	0.293412	0.297039	0.299080	0.295009	0.287988	0.273900	0.274660	0.299118	0.283222	0.282099	0.281682	0.296129	0.291667	0.301466	0.297727	0.298537	0.295516	0.294184	0.296391	
0.241764	0.300223	0.246206	0.297280	0.307145	0.252175	0.237556	0.241799	0.241538	0.245592	0.259122	0.000000	0.116586	0.114110	0.298159	0.241164	0.239288	0.237429	0.297192	0.243095	0.244778	0.292085	0.307021	0.303501	0.305018	0.311377	0.246547	0.303144	0.305057	0.307165	0.302515	0.307810	0.302548	0.298802	0.237902	0.245980	0.309724	0.244683	0.304553	0.242671	0.299070	0.304926	0.243761	0.242193	0.313357	0.301751	0.315628	0.313591	0.313379	0.311971	0.311014	0.305128	0.300834	0.317519	0.304440	0.306263	0.302061	0.306353	0.314733	0.307329	0.316959	0.313537	0.306858	0.317986	0.289617	0.310297	0.312225	0.313747	0.313203	0.310936	0.311914	0.302737	0.305186	0.318118	0.285407	0.282085	0.285755	0.314671	0.308014	0.307794	0.317402	0.310665	0.312102	0.315835	0.313816	0.307278	0.296795	0.311538	0.313025	0.311932	0.322326	0.309768	0.312173	0.282298	0.316097	0.298452	0.311121	0.301200	0.311043	0.308200	0.319460	0.321707	0.310453	0.314505	0.314244	0.316294	0.314720	0.313700	0.305243	0.311100	0.299699	0.312078	0.314695	0.314207	0.312773	0.310281	0.311499	0.316659	0.312463	0.312733	0.306686	0.307352	0.312229	
0.244593	0.299846	0.243589	0.296665	0.303327	0.250752	0.237124	0.243649	0.240659	0.246168	0.257046	0.116586	0.000000	0.108869	0.299293	0.243371	0.243113	0.243685	0.298756	0.250265	0.243393	0.296417	0.304700	0.305155	0.303375	0.307409	0.244527	0.298448	0.304413	0.305698	0.299959	0.305374	0.302978	0.302962	0.239763	0.246873	0.306748	0.241013	0.306902	0.241233	0.297343	0.307730	0.252395	0.245819	0.308852	0.301893	0.312556	0.309275	0.310720	0.306828	0.306121	0.300795	0.297139	0.311983	0.301206	0.299430	0.300927	0.305558	0.310864	0.309303	0.317469	0.314182	0.309532	0.317361	0.293999	0.311687	0.311509	0.310933	0.314348	0.311534	0.304119	0.301253	0.302833	0.317273	0.291219	0.287740	0.290609	0.316368	0.305474	0.311406	0.315116	0.313507	0.310683	0.317391	0.310679	0.309208	0.296024	0.310794	0.310379	0.308260	0.315784	0.307020	0.306582	0.280458	0.311732	0.297302	0.305383	0.297874	0.311679	0.309651	0.315429	0.323297	0.311985	0.310021	0.311871	0.314208	0.310135	0.312870	0.305660	0.315430	0.290611	0.309974	0.314396	0.314724	0.310068	0.310044	0.311523	0.317163	0.311359	0.311048	0.306850	0.305575	0.313943	
0.241784	0.297386	0.243485	0.297348	0.304838	0.253787	0.239749	0.245701	0.244216	0.246098	0.254094	0.114110	0.108869	0.000000	0.303086	0.244116	0.239685	0.244485	0.299514	0.243922	0.245285	0.288992	0.307441	0.301992	0.304330	0.309383	0.243225	0.298976	0.301693	0.305803	0.298327	0.302940	0.302568	0.299372	0.239361	0.241277	0.310916	0.244165	0.305411	0.241513	0.299738	0.306813	0.251003	0.246916	0.312303	0.302909	0.314652	0.308577	0.306798	0.309261	0.306121	0.302678	0.298266	0.312773	0.303834	0.301316	0.302002	0.301922	0.314450	0.302154	0.317130	0.312352	0.306976	0.316770	0.287444	0.308089	0.308598	0.309567	0.306732	0.310669	0.300699	0.299666	0.304097	0.320163	0.287589	0.287553	0.290564	0.312262	0.306544	0.309284	0.313818	0.311871	0.312121	0.310974	0.313222	0.305138	0.298156	0.311478	0.310843	0.307907	0.317047	0.306262	0.306058	0.280042	0.309965	0.300948	0.303234	0.297346	0.312808	0.306569	0.316760	0.316736	0.305484	0.310565	0.310468	0.314590	0.315390	0.311791	0.302296	0.307108	0.290227	0.309461	0.310331	0.308435	0.305586	0.305729	0.309962	0.314278	0.311638	0.312054	0.307426	0.304862	0.310038	
0.285418	0.219180	0.293220	0.225930	0.237300	0.295118	0.294465	0.297654	0.295720	0.288479	0.277817	0.298159	0.299293	0.303086	0.000000	0.289117	0.285037	0.290144	0.224742	0.284659	0.292637	0.223812	0.239521	0.241946	0.240478	0.251626	0.292830	0.221978	0.237790	0.241248	0.230143	0.228600	0.228911	0.231869	0.295430	0.298600	0.241513	0.288116	0.233295	0.289963	0.224314	0.238080	0.298318	0.294278	0.243295	0.284061	0.249775	0.242477	0.250545	0.238871	0.245770	0.238578	0.285432	0.249975	0.286635	0.244704	0.282680	0.295163	0.251458	0.245711	0.250412	0.252501	0.245690	0.247944	0.304534	0.251469	0.244259	0.241849	0.241964	0.242437	0.249241	0.257911	0.236957	0.253642	0.304734	0.301498	0.307634	0.250047	0.244869	0.243664	0.244589	0.243820	0.245604	0.237632	0.270027	0.236992	0.285106	0.250153	0.243348	0.241599	0.245829	0.242717	0.237699	0.254219	0.252522	0.287383	0.245814	0.285957	0.242298	0.243597	0.249819	0.251881	0.242441	0.239679	0.243004	0.243044	0.244143	0.243934	0.237073	0.249281	0.254257	0.244711	0.252996	0.252292	0.247837	0.244024	0.247439	0.247878	0.244298	0.245234	0.243896	0.240186	0.247017	
0.236836	0.291609	0.237412	0.289357	0.294122	0.240872	0.242219	0.237158	0.243562	0.242546	0.257659	0.241164	0.243371	0.244116	0.289117	0.000000	0.235592	0.243927	0.288778	0.234835	0.236862	0.282999	0.294372	0.292577	0.294083	0.297210	0.247427	0.293704	0.295300	0.297526	0.294850	0.297238	0.297504	0.288214	0.242737	0.244372	0.299313	0.242231	0.294833	0.237810	0.290086	0.292246	0.242273	0.241227	0.302713	0.289072	0.302166	0.302038	0.299905	0.300975	0.301528	0.295364	0.293255	0.301288	0.294299	0.296177	0.292862	0.298699	0.308466	0.295820	0.304802	0.307848	0.300360	0.313375	0.284600	0.304691	0.298574	0.303339	0.301022	0.298341	0.294171	0.297323	0.295371	0.305486	0.283697	0.284977	0.285270	0.297810	0.301221	0.300877	0.303851	0.303187	0.301590	0.302400	0.301773	0.292545	0.283948	0.307187	0.305257	0.300286	0.306979	0.302306	0.296959	0.281370	0.300778	0.291649	0.300107	0.292640	0.302335	0.301682	0.308994	0.301682	0.298198	0.298740	0.301934	0.301270	0.304015	0.297313	0.294198	0.296896	0.287048	0.308921	0.309446	0.308709	0.303183	0.301272	0.302406	0.309153	0.308741	0.306653	0.299381	0.292679	0.299758	
0.237464	0.282206	0.236256	0.286848	0.287157	0.236764	0.241355	0.238695	0.231602	0.237565	0.252900	0.239288	0.243113	0.239685	0.285037	0.235592	0.000000	0.224465	0.286935	0.239466	0.235197	0.284393	0.291782	0.287924	0.295743	0.297083	0.236793	0.286269	0.288963	0.285219	0.284741	0.288279	0.288908	0.285777	0.237515	0.241474	0.294794	0.238184	0.287096	0.240323	0.290905	0.293268	0.241514	0.233898	0.297891	0.285630	0.297140	0.295186	0.299094	0.299172	0.291000	0.290361	0.276180	0.303102	0.291606	0.292206	0.291328	0.291859	0.295219	0.294605	0.299227	0.306834	0.296349	0.298766	0.278682	0.295571	0.290555	0.297657	0.292842	0.297316	0.291210	0.290966	0.291968	0.295050	0.277294	0.275666	0.278717	0.295797	0.293258	0.292597	0.300230	0.298646	0.295357	0.294474	0.298446	0.288757	0.284480	0.295719	0.302930	0.295674	0.300868	0.289992	0.290165	0.275263	0.298512	0.289987	0.289761	0.285991	0.296765	0.297044	0.305586	0.295278	0.292286	0.289493	0.294150	0.295697	0.295550	0.300581	0.291432	0.293493	0.284320	0.305440	0.305474	0.304026	0.296110	0.293292	0.298575	0.302140	0.291473	0.302893	0.288548	0.287514	0.297207	
0.235172	0.287796	0.231226	0.283092	0.296081	0.240033	0.235400	0.235701	0.234960	0.234184	0.250060	0.237429	0.243685	0.244485	0.290144	0.243927	0.224465	0.000000	0.284956	0.239123	0.233757	0.280280	0.295638	0.299554	0.301090	0.297893	0.235635	0.289760	0.293371	0.295788	0.289559	0.295575	0.294722	0.289234	0.236103	0.237184	0.296921	0.238170	0.294059	0.238748	0.291838	0.292806	0.234750	0.234301	0.301603	0.290123	0.300438	0.302515	0.298559	0.299233	0.297764	0.293023	0.296767	0.302496	0.298289	0.294498	0.292861	0.298996	0.305544	0.300271	0.305188	0.305435	0.302877	0.304492	0.279767	0.307490	0.297901	0.301996	0.299679	0.301610	0.291018	0.288926	0.297699	0.305653	0.275981	0.276225	0.282369	0.304107	0.295100	0.302691	0.305905	0.301536	0.300867	0.305700	0.296373	0.290183	0.290154	0.298539	0.299110	0.297393	0.307266	0.294330	0.298303	0.271132	0.299404	0.289288	0.292895	0.290939	0.299884	0.302377	0.308473	0.302546	0.291674	0.294546	0.301468	0.303400	0.307260	0.305756	0.297526	0.293573	0.284953	0.303123	0.305345	0.304485	0.303410	0.301207	0.304074	0.300115	0.302034	0.305550	0.303389	0.293032	0.296186	
0.289474	0.225472	0.289566	0.224103	0.248397	0.294132	0.290308	0.293147	0.293323	0.289149	0.268168	0.297192	0.298756	0.299514	0.224742	0.288778	0.286935	0.284956	0.000000	0.278610	0.289265	0.222106	0.244353	0.243401	0.242409	0.254327	0.293686	0.228920	0.247069	0.244203	0.229273	0.235643	0.232364	0.228296	0.293897	0.297579	0.244182	0.284166	0.242479	0.288584	0.226184	0.244760	0.297402	0.292323	0.244883	0.284027	0.251519	0.251131	0.253320	0.249525	0.250267	0.245341	0.284036	0.244604	0.291815	0.248755	0.287202	0.286449	0.253412	0.250966	0.253305	0.250342	0.248883	0.251525	0.308416	0.253007	0.244575	0.248737	0.246340	0.251451	0.242138	0.257875	0.240055	0.265489	0.310140	0.309151	0.314235	0.249556	0.248711	0.239366	0.248416	0.250753	0.249555	0.249099	0.268495	0.244743	0.282890	0.245038	0.247819	0.240709	0.255190	0.247138	0.243622	0.255066	0.247642	0.286366	0.248207	0.286436	0.249534	0.249214	0.253384	0.249509	0.241712	0.249050	0.249819	0.251526	0.245897	0.246067	0.245849	0.252922	0.253181	0.248666	0.260431	0.254919	0.255627	0.252746	0.254279	0.256219	0.244127	0.250297	0.249744	0.245914	0.247872	
0.242222	0.281027	0.237961	0.286689	0.295514	0.245350	0.240353	0.244334	0.244296	0.241893	0.256931	0.243095	0.250265	0.243922	0.284659	0.234835	0.239466	0.239123	0.278610	0.000000	0.241279	0.272466	0.292853	0.298750	0.295676	0.300458	0.243767	0.288603	0.292180	0.291924	0.290965	0.297841	0.296007	0.288113	0.236257	0.240627	0.296953	0.244144	0.290297	0.239040	0.282410	0.283977	0.242823	0.243583	0.301230	0.290767	0.303009	0.299794	0.296992	0.299006	0.297684	0.295455	0.292284	0.305895	0.292438	0.291328	0.288464	0.298692	0.302717	0.298185	0.301429	0.302352	0.301388	0.301090	0.283385	0.301951	0.297210	0.301520	0.297159	0.294862	0.295462	0.284465	0.293790	0.301961	0.277983	0.280942	0.283605	0.306426	0.297141	0.296981	0.298933	0.298016	0.300114	0.300203	0.300074	0.291590	0.288023	0.297439	0.299255	0.300644	0.306332	0.295714	0.298551	0.275665	0.298542	0.289657	0.299845	0.293137	0.301298	0.295856	0.303316	0.299070	0.295705	0.291172	0.302478	0.299790	0.300942	0.299294	0.291649	0.295450	0.286102	0.300651	0.307776	0.301210	0.301985	0.295634	0.300518	0.301509	0.296120	0.301958	0.295337	0.293550	0.299614	
0.241099	0.293388	0.240172	0.290062	0.302813	0.241712	0.243861	0.240674	0.238679	0.242533	0.252106	0.244778	0.243393	0.245285	0.292637	0.236862	0.235197	0.233757	0.289265	0.241279	0.000000	0.280162	0.300795	0.296248	0.304626	0.298621	0.233010	0.295371	0.297261	0.299421	0.294469	0.298706	0.295684	0.293180	0.242815	0.243634	0.301210	0.237166	0.293096	0.239392	0.294772	0.300498	0.242492	0.243223	0.310138	0.290537	0.303465	0.307158	0.304732	0.301954	0.297023	0.296963	0.291343	0.302985	0.296967	0.301121	0.284414	0.296019	0.308767	0.303009	0.306695	0.313811	0.305569	0.312403	0.283193	0.306306	0.303979	0.308559	0.301345	0.304822	0.293317	0.296314	0.298700	0.315856	0.283587	0.285374	0.284977	0.306019	0.305265	0.302200	0.312365	0.305426	0.308751	0.307955	0.301419	0.298345	0.285457	0.309526	0.303848	0.302102	0.310821	0.300439	0.299199	0.271454	0.296809	0.293086	0.303756	0.284244	0.307178	0.306110	0.312032	0.306818	0.301921	0.303217	0.302918	0.309053	0.310058	0.303532	0.296671	0.302083	0.294541	0.306585	0.308120	0.303825	0.304348	0.301391	0.302138	0.312979	0.308875	0.306746	0.307170	0.296458	0.303611	
0.279992	0.223992	0.287734	0.231190	0.240369	0.295123	0.292004	0.287325	0.289005	0.292027	0.280308	0.292085	0.296417	0.288992	0.223812	0.282999	0.284393	0.280280	0.222106	0.272466	0.280162	0.000000	0.240089	0.244830	0.244227	0.253176	0.291535	0.227198	0.244649	0.247840	0.227716	0.228982	0.229211	0.228285	0.289340	0.291643	0.248893	0.283131	0.240130	0.289135	0.229828	0.236697	0.292210	0.290251	0.254022	0.282776	0.252377	0.250024	0.247466	0.245994	0.254421	0.243353	0.283767	0.250468	0.288669	0.245329	0.282445	0.287596	0.259093	0.251856	0.251916	0.259308	0.247502	0.252485	0.302603	0.247845	0.240837	0.249043	0.249745	0.252794	0.245837	0.263276	0.238441	0.253176	0.308516	0.308603	0.309889	0.247224	0.249952	0.247853	0.251585	0.246693	0.251640	0.248872	0.270951	0.248102	0.275448	0.252040	0.249976	0.247321	0.246257	0.244080	0.243941	0.251936	0.252657	0.282285	0.247881	0.284063	0.245121	0.240531	0.250695	0.249451	0.242156	0.236805	0.248134	0.248939	0.253583	0.248953	0.238019	0.246022	0.252858	0.250214	0.251292	0.252146	0.252271	0.241135	0.250386	0.242531	0.258824	0.251588	0.252465	0.245824	0.251529	
0.291354	0.241092	0.299521	0.243325	0.231045	0.295905	0.304227	0.295530	0.301719	0.296783	0.291085	0.307021	0.304700	0.307441	0.239521	0.294372	0.291782	0.295638	0.244353	0.292853	0.300795	0.240089	0.000000	0.226223	0.232527	0.231428	0.298270	0.249069	0.226881	0.232751	0.242009	0.243716	0.241491	0.248182	0.299230	0.300390	0.233727	0.291121	0.224466	0.293023	0.237611	0.229139	0.300613	0.297230	0.230712	0.285291	0.233182	0.234985	0.234260	0.235521	0.233130	0.229534	0.291346	0.234364	0.284592	0.235687	0.285154	0.290858	0.234541	0.237751	0.232822	0.238426	0.230064	0.231475	0.318754	0.231538	0.232660	0.234796	0.232030	0.234711	0.236013	0.255792	0.227632	0.231080	0.313374	0.313294	0.315246	0.236500	0.231339	0.236655	0.237965	0.233948	0.235550	0.226347	0.254831	0.230072	0.282771	0.233439	0.235265	0.231421	0.236831	0.235772	0.233032	0.249735	0.233761	0.286389	0.238378	0.285702	0.235212	0.231486	0.232364	0.237622	0.228393	0.229997	0.234169	0.234723	0.237499	0.230611	0.230557	0.240857	0.258311	0.234256	0.242564	0.245337	0.240801	0.231039	0.233477	0.231938	0.236206	0.235790	0.235712	0.229821	0.235723	
0.289893	0.245227	0.297199	0.237992	0.229381	0.296260	0.300814	0.302388	0.300476	0.294228	0.284569	0.303501	0.305155	0.301992	0.241946	0.292577	0.287924	0.299554	0.243401	0.298750	0.296248	0.244830	0.226223	0.000000	0.230769	0.239932	0.297523	0.246462	0.221170	0.231014	0.242864	0.241187	0.240466	0.243306	0.299553	0.302193	0.229743	0.293119	0.224965	0.290183	0.242290	0.224155	0.300025	0.298350	0.226220	0.285802	0.237314	0.233992	0.233408	0.234914	0.233712	0.230775	0.283844	0.224643	0.293859	0.224826	0.292713	0.287414	0.234313	0.234530	0.232089	0.236483	0.231728	0.232010	0.306512	0.237689	0.234645	0.238475	0.230656	0.223537	0.231353	0.249708	0.221655	0.240805	0.315250	0.310518	0.313287	0.235497	0.228907	0.227759	0.237760	0.234345	0.232401	0.235537	0.263806	0.229482	0.285420	0.233426	0.229981	0.233708	0.238596	0.225830	0.228548	0.246547	0.229401	0.287562	0.227713	0.283512	0.230452	0.226944	0.237207	0.241943	0.225014	0.231117	0.234936	0.233613	0.241884	0.227038	0.230451	0.232030	0.245679	0.239855	0.238039	0.235238	0.229884	0.232879	0.235945	0.239079	0.235165	0.232806	0.228503	0.228505	0.240237	
0.295523	0.245408	0.297747	0.243635	0.228571	0.298125	0.300162	0.302199	0.307039	0.300650	0.299760	0.305018	0.303375	0.304330	0.240478	0.294083	0.295743	0.301090	0.242409	0.295676	0.304626	0.244227	0.232527	0.230769	0.000000	0.236332	0.297600	0.247622	0.228938	0.233684	0.242578	0.248680	0.244238	0.244366	0.301968	0.304525	0.233780	0.294113	0.230324	0.294368	0.244364	0.230985	0.301676	0.298786	0.234391	0.288933	0.238775	0.239183	0.239048	0.235336	0.236426	0.228333	0.285999	0.237164	0.295599	0.234356	0.290531	0.290353	0.239440	0.239990	0.241520	0.243188	0.240417	0.239089	0.311676	0.239000	0.237134	0.237838	0.239157	0.232810	0.237206	0.256532	0.228319	0.248604	0.315699	0.316039	0.316542	0.238486	0.236868	0.234880	0.242220	0.236650	0.239238	0.235010	0.263018	0.227495	0.290553	0.236333	0.234517	0.233394	0.231474	0.232021	0.235832	0.253890	0.240471	0.289646	0.240582	0.285506	0.238296	0.236026	0.242339	0.227711	0.231221	0.234736	0.241351	0.237514	0.238894	0.235878	0.222864	0.244652	0.248458	0.238232	0.239339	0.236938	0.233612	0.231287	0.237673	0.233295	0.234651	0.239461	0.230936	0.228369	0.236106	
0.303507	0.251771	0.302389	0.252077	0.232884	0.308764	0.308605	0.306385	0.304221	0.299610	0.278600	0.311377	0.307409	0.309383	0.251626	0.297210	0.297083	0.297893	0.254327	0.300458	0.298621	0.253176	0.231428	0.239932	0.236332	0.000000	0.298156	0.240906	0.241940	0.225376	0.247971	0.248014	0.248559	0.255536	0.301796	0.303337	0.236734	0.295595	0.237412	0.297351	0.251337	0.237888	0.306676	0.306014	0.241310	0.292949	0.246791	0.244502	0.243802	0.234135	0.226105	0.235492	0.279867	0.211601	0.301983	0.230154	0.297139	0.299343	0.246415	0.244965	0.241226	0.249743	0.244803	0.242057	0.308140	0.248781	0.245408	0.246601	0.234964	0.244320	0.219501	0.247603	0.236173	0.247267	0.313503	0.316654	0.318498	0.241318	0.240873	0.243077	0.243500	0.248248	0.242413	0.245042	0.276076	0.244222	0.290472	0.240735	0.243148	0.230458	0.242633	0.216546	0.217444	0.239233	0.216667	0.297548	0.222318	0.287381	0.243195	0.243045	0.247768	0.252169	0.237672	0.246493	0.246079	0.242656	0.249582	0.237808	0.233142	0.223283	0.232962	0.243078	0.221596	0.222902	0.215864	0.246551	0.247490	0.247337	0.244101	0.244850	0.244150	0.239605	0.249871	
0.245278	0.296031	0.241793	0.289624	0.298554	0.244954	0.236611	0.240691	0.240738	0.235549	0.250350	0.246547	0.244527	0.243225	0.292830	0.247427	0.236793	0.235635	0.293686	0.243767	0.233010	0.291535	0.298270	0.297523	0.297600	0.298156	0.000000	0.294775	0.297196	0.295004	0.293743	0.299119	0.298975	0.292964	0.242372	0.243877	0.298657	0.245082	0.293564	0.232719	0.294880	0.292886	0.244481	0.236346	0.303520	0.286697	0.304182	0.300066	0.301946	0.302988	0.297608	0.295297	0.291367	0.302619	0.296869	0.300861	0.290877	0.300149	0.305705	0.302012	0.311042	0.307897	0.304181	0.305422	0.283383	0.305825	0.300079	0.302233	0.298282	0.299469	0.296313	0.294243	0.300751	0.309677	0.277630	0.278654	0.280229	0.303808	0.296485	0.299935	0.306293	0.305125	0.301046	0.303422	0.298215	0.298581	0.289838	0.306848	0.308478	0.301373	0.312980	0.301113	0.296941	0.276870	0.305497	0.296093	0.293998	0.291593	0.300707	0.299667	0.314299	0.310396	0.299364	0.299675	0.306272	0.307345	0.305272	0.300464	0.295896	0.293440	0.291633	0.308291	0.309373	0.309822	0.305188	0.308470	0.306787	0.305393	0.310996	0.305228	0.303584	0.299275	0.303303	
0.292732	0.225655	0.293180	0.228726	0.242861	0.296422	0.295620	0.304501	0.294638	0.290065	0.279880	0.303144	0.298448	0.298976	0.221978	0.293704	0.286269	0.289760	0.228920	0.288603	0.295371	0.227198	0.249069	0.246462	0.247622	0.240906	0.294775	0.000000	0.245057	0.248286	0.220247	0.213621	0.220982	0.224789	0.295860	0.300743	0.250602	0.291448	0.243920	0.296205	0.230663	0.243841	0.300516	0.296186	0.247585	0.289217	0.256827	0.251962	0.256591	0.246912	0.239040	0.243907	0.268662	0.237137	0.295230	0.239625	0.287875	0.288802	0.255662	0.252507	0.254113	0.256598	0.251916	0.252618	0.312457	0.253288	0.245506	0.246807	0.251380	0.253571	0.240760	0.252989	0.242715	0.264808	0.315735	0.312358	0.314920	0.253769	0.253777	0.245767	0.246682	0.250415	0.250108	0.260759	0.266230	0.248048	0.288008	0.254464	0.248973	0.252105	0.260933	0.229975	0.234675	0.253531	0.233294	0.284808	0.231852	0.284992	0.246674	0.248027	0.253119	0.262959	0.245474	0.251527	0.248490	0.254131	0.262743	0.245455	0.245832	0.236556	0.239619	0.249351	0.241176	0.237461	0.230455	0.255610	0.256902	0.255044	0.244845	0.251839	0.253167	0.242955	0.251834	
0.293803	0.241573	0.295323	0.246672	0.229165	0.297857	0.300460	0.297656	0.298122	0.295177	0.286266	0.305057	0.304413	0.301693	0.237790	0.295300	0.288963	0.293371	0.247069	0.292180	0.297261	0.244649	0.226881	0.221170	0.228938	0.241940	0.297196	0.245057	0.000000	0.227843	0.244887	0.244644	0.243349	0.243392	0.295926	0.301049	0.232333	0.289085	0.228458	0.291733	0.246634	0.227780	0.294260	0.297512	0.232022	0.280131	0.236405	0.236072	0.231856	0.232239	0.228759	0.228312	0.278518	0.228315	0.292765	0.223865	0.288932	0.284571	0.232847	0.233829	0.235767	0.238858	0.234144	0.234958	0.310550	0.232651	0.230848	0.238044	0.230172	0.234161	0.227874	0.251823	0.225878	0.237041	0.311657	0.311250	0.315448	0.233574	0.228343	0.230714	0.240617	0.236875	0.236018	0.232324	0.257396	0.229141	0.281674	0.240965	0.234859	0.232799	0.238862	0.224521	0.224718	0.241658	0.227006	0.285256	0.229159	0.279180	0.227991	0.236241	0.235439	0.235651	0.230268	0.225888	0.231752	0.231859	0.233737	0.231627	0.227814	0.235979	0.238733	0.228655	0.235006	0.234363	0.228114	0.232630	0.233353	0.236817	0.231532	0.236676	0.231545	0.228780	0.234216	
0.292718	0.249580	0.296989	0.246522	0.228362	0.296314	0.299895	0.300776	0.299984	0.297223	0.287189	0.307165	0.305698	0.305803	0.241248	0.297526	0.285219	0.295788	0.244203	0.291924	0.299421	0.247840	0.232751	0.231014	0.233684	0.225376	0.295004	0.248286	0.227843	0.000000	0.247720	0.245581	0.245254	0.249485	0.299286	0.302838	0.227764	0.292816	0.230559	0.294912	0.245149	0.230609	0.300546	0.295336	0.234588	0.287374	0.239464	0.232001	0.232793	0.232983	0.227933	0.229985	0.284791	0.224742	0.291551	0.230715	0.286182	0.286483	0.241743	0.240695	0.233232	0.242650	0.231433	0.233576	0.309712	0.238303	0.233094	0.241728	0.231253	0.235048	0.228668	0.255873	0.228928	0.238763	0.311116	0.307685	0.311784	0.236310	0.229195	0.233782	0.238288	0.237752	0.237576	0.232436	0.259252	0.224596	0.286674	0.235133	0.232041	0.233836	0.236384	0.228914	0.227291	0.252553	0.225278	0.288883	0.233189	0.284130	0.236739	0.238820	0.239712	0.240135	0.231152	0.233346	0.236663	0.238916	0.235042	0.237460	0.228879	0.231773	0.240121	0.235827	0.236643	0.235239	0.228301	0.236366	0.236589	0.234001	0.230769	0.236478	0.229184	0.229933	0.238212	
0.296661	0.226564	0.292195	0.220767	0.244491	0.300684	0.297124	0.296591	0.297359	0.294301	0.279226	0.302515	0.299959	0.298327	0.230143	0.294850	0.284741	0.289559	0.229273	0.290965	0.294469	0.227716	0.242009	0.242864	0.242578	0.247971	0.293743	0.220247	0.244887	0.247720	0.000000	0.102663	0.108342	0.229110	0.295662	0.299307	0.244680	0.288943	0.238686	0.293829	0.227585	0.245225	0.296235	0.298694	0.248565	0.289522	0.255260	0.248600	0.246715	0.244662	0.240372	0.246864	0.279182	0.246222	0.295062	0.242796	0.294431	0.294254	0.263801	0.255540	0.260376	0.253367	0.251668	0.252788	0.310169	0.254709	0.246384	0.250592	0.251111	0.251195	0.244418	0.256904	0.243466	0.258375	0.314231	0.314527	0.313923	0.254535	0.245837	0.253054	0.248343	0.251711	0.249818	0.250053	0.270474	0.249224	0.288017	0.256705	0.249449	0.246917	0.252730	0.236052	0.233558	0.267446	0.244625	0.290969	0.235067	0.291453	0.247239	0.246080	0.252944	0.248511	0.243843	0.245353	0.254310	0.255004	0.259693	0.249350	0.244867	0.244426	0.247162	0.252164	0.254022	0.247787	0.243667	0.253239	0.251985	0.254083	0.247691	0.254986	0.252868	0.240582	0.254290	
0.299131	0.229311	0.298788	0.224277	0.245098	0.303601	0.299368	0.300000	0.298092	0.296936	0.284841	0.307810	0.305374	0.302940	0.228600	0.297238	0.288279	0.295575	0.235643	0.297841	0.298706	0.228982	0.243716	0.241187	0.248680	0.248014	0.299119	0.213621	0.244644	0.245581	0.102663	0.000000	0.108216	0.228950	0.294699	0.295641	0.244969	0.292548	0.241194	0.296137	0.231683	0.245847	0.296328	0.298396	0.249789	0.289024	0.259061	0.251778	0.248844	0.246529	0.241244	0.245414	0.278286	0.243196	0.294731	0.242057	0.294787	0.290810	0.259752	0.251677	0.260059	0.254933	0.252049	0.255900	0.314705	0.253344	0.247051	0.250869	0.252896	0.250179	0.245985	0.260380	0.244686	0.260250	0.314729	0.315228	0.316570	0.259019	0.246226	0.250879	0.252717	0.251340	0.253999	0.256295	0.273289	0.254828	0.288151	0.257744	0.247944	0.247100	0.250595	0.231852	0.232242	0.265115	0.240405	0.290039	0.235541	0.289102	0.251231	0.251263	0.251362	0.252687	0.245246	0.244676	0.249482	0.252024	0.257126	0.250710	0.245032	0.250083	0.249556	0.253596	0.249901	0.242710	0.241452	0.252365	0.255763	0.258272	0.251512	0.253483	0.253455	0.241460	0.255187	
0.296180	0.223910	0.294641	0.222115	0.243311	0.304846	0.299161	0.300809	0.303297	0.292747	0.285981	0.302548	0.302978	0.302568	0.228911	0.297504	0.288908	0.294722	0.232364	0.296007	0.295684	0.229211	0.241491	0.240466	0.244238	0.248559	0.298975	0.220982	0.243349	0.245254	0.108342	0.108216	0.000000	0.223768	0.295207	0.299328	0.242476	0.289532	0.240472	0.292986	0.233174	0.245615	0.296130	0.298457	0.245921	0.289062	0.257001	0.247226	0.248566	0.248393	0.242861	0.244145	0.283360	0.243241	0.296026	0.242189	0.293797	0.291948	0.257793	0.249611	0.262458	0.250405	0.253145	0.247014	0.312564	0.258670	0.242395	0.249045	0.249305	0.250675	0.247835	0.255483	0.240585	0.259805	0.312340	0.315348	0.316393	0.254079	0.247837	0.249468	0.251169	0.249693	0.252790	0.253626	0.271958	0.249971	0.287213	0.253778	0.248995	0.248858	0.249238	0.234085	0.237431	0.255187	0.243275	0.290605	0.242250	0.290792	0.250918	0.250308	0.250181	0.256549	0.240859	0.243880	0.247773	0.252343	0.260343	0.247041	0.244018	0.245527	0.253320	0.249329	0.252116	0.244489	0.242956	0.249810	0.253281	0.253471	0.246595	0.255124	0.251290	0.241971	0.253214	
0.292843	0.229713	0.293465	0.225632	0.237823	0.299122	0.298610	0.299171	0.296620	0.291879	0.288222	0.298802	0.302962	0.299372	0.231869	0.288214	0.285777	0.289234	0.228296	0.288113	0.293180	0.228285	0.248182	0.243306	0.244366	0.255536	0.292964	0.224789	0.243392	0.249485	0.229110	0.228950	0.223768	0.000000	0.294360	0.296201	0.245792	0.290073	0.244793	0.290291	0.228496	0.243871	0.301008	0.299281	0.245721	0.292292	0.250341	0.248982	0.249210	0.249231	0.243794	0.242484	0.287650	0.248589	0.295112	0.242369	0.290641	0.292313	0.253060	0.247983	0.252140	0.254983	0.247565	0.250886	0.306152	0.248621	0.250327	0.245058	0.242982	0.249034	0.250925	0.262999	0.237953	0.263230	0.308365	0.309826	0.311787	0.251020	0.248864	0.243596	0.255178	0.247463	0.251383	0.250683	0.271667	0.243994	0.289385	0.248774	0.250182	0.244605	0.251426	0.237711	0.240249	0.252838	0.244845	0.289450	0.245597	0.289366	0.246949	0.250324	0.251840	0.256157	0.243789	0.245894	0.251075	0.250338	0.257419	0.240720	0.246167	0.252469	0.252330	0.250660	0.254785	0.254097	0.248942	0.242551	0.245290	0.255534	0.251020	0.246180	0.250021	0.245758	0.250329	
0.240085	0.295986	0.244417	0.293279	0.303970	0.247739	0.235498	0.245084	0.245506	0.246568	0.254730	0.237902	0.239763	0.239361	0.295430	0.242737	0.237515	0.236103	0.293897	0.236257	0.242815	0.289340	0.299230	0.299553	0.301968	0.301796	0.242372	0.295860	0.295926	0.299286	0.295662	0.294699	0.295207	0.294360	0.000000	0.106008	0.304061	0.243644	0.299182	0.242268	0.296572	0.299560	0.242991	0.241424	0.305588	0.296417	0.309156	0.308796	0.308205	0.308631	0.302393	0.300290	0.291630	0.309360	0.298460	0.300024	0.297582	0.298895	0.317103	0.309141	0.310669	0.309860	0.305286	0.315223	0.284569	0.307076	0.307536	0.310613	0.300810	0.307813	0.299248	0.295841	0.300579	0.314637	0.282914	0.281084	0.285406	0.307982	0.305083	0.305909	0.310536	0.307944	0.307630	0.311979	0.300563	0.304086	0.296160	0.313982	0.309283	0.308117	0.320395	0.299662	0.301974	0.286713	0.305203	0.293973	0.302891	0.295009	0.306386	0.307982	0.316873	0.317500	0.304001	0.309473	0.310353	0.309234	0.317731	0.308557	0.302296	0.300685	0.287042	0.307455	0.306280	0.304637	0.303698	0.312368	0.308440	0.311029	0.314313	0.306939	0.308938	0.304978	0.305481	
0.238400	0.298673	0.243182	0.294137	0.308873	0.251120	0.240423	0.247829	0.245000	0.244568	0.254611	0.245980	0.246873	0.241277	0.298600	0.244372	0.241474	0.237184	0.297579	0.240627	0.243634	0.291643	0.300390	0.302193	0.304525	0.303337	0.243877	0.300743	0.301049	0.302838	0.299307	0.295641	0.299328	0.296201	0.106008	0.000000	0.306114	0.248574	0.299975	0.243801	0.300000	0.306300	0.242306	0.238498	0.309494	0.299806	0.312037	0.312247	0.316286	0.309544	0.306712	0.305314	0.295740	0.312118	0.300382	0.302511	0.301731	0.305655	0.320849	0.308361	0.313886	0.314939	0.312179	0.317224	0.284307	0.311635	0.312859	0.312981	0.306225	0.309648	0.302287	0.299123	0.305079	0.318575	0.284800	0.285387	0.285191	0.308336	0.309342	0.307699	0.314649	0.312674	0.313276	0.314763	0.303554	0.304846	0.302430	0.316850	0.310131	0.307999	0.315236	0.303095	0.300613	0.288314	0.309045	0.296180	0.304479	0.301355	0.309417	0.307645	0.317743	0.320589	0.308174	0.310470	0.313362	0.312576	0.313643	0.311288	0.301888	0.301839	0.288552	0.310286	0.312204	0.310850	0.312802	0.313631	0.309964	0.313759	0.313585	0.313731	0.310002	0.306717	0.306001	
