0.99999999500000003039 0.00000000099999999988 0.00000000099999999988 0.00000000099999999988 0.00000000099999999988 0.00000000099999999988 
0.00000000099999999976 0.00000000099999999976 0.00000000099999999976 0.00000000099999999976 0.99999999499999991937 0.00000000099999999976 
0.99999999500000014141 0.00000000099999999986 0.00000000099999999986 0.00000000099999999986 0.00000000099999999986 0.00000000099999999986 
0.00000000099999999966 0.99999999500000003039 0.00000000099999999966 0.00000000099999999966 0.00000000099999999966 0.00000000099999999966 
0.00000000099999999997 0.05084856134779124764 0.00000000099999999997 0.24465920732530302417 0.00000000099999999997 0.70449222832690572282 
0.96630245872920028649 0.00000000099999999995 0.03369753727079979888 0.00000000099999999995 0.00000000099999999995 0.00000000099999999995 
0.99999999500000014141 0.00000000099999999991 0.00000000099999999991 0.00000000099999999991 0.00000000099999999991 0.00000000099999999991 
0.99999999500000014141 0.00000000099999999987 0.00000000099999999987 0.00000000099999999987 0.00000000099999999987 0.00000000099999999987 
0.99999999500000014141 0.00000000099999999997 0.00000000099999999997 0.00000000099999999997 0.00000000099999999997 0.00000000099999999997 
0.99999999500000014141 0.00000000099999999990 0.00000000099999999990 0.00000000099999999990 0.00000000099999999990 0.00000000099999999990 
0.78000771741068453125 0.00000000099999999998 0.00000000099999999998 0.05380794195968730681 0.16618433762962811495 0.00000000099999999998 
0.99999999500000003039 0.00000000099999999989 0.00000000099999999989 0.00000000099999999989 0.00000000099999999989 0.00000000099999999989 
0.00000000099999999978 0.00000000099999999978 0.00000000099999999978 0.00000000099999999978 0.99999999499999991937 0.00000000099999999978 
0.99999999500000014141 0.00000000099999999990 0.00000000099999999990 0.00000000099999999990 0.00000000099999999990 0.00000000099999999990 
0.99999999500000003039 0.00000000099999999996 0.00000000099999999996 0.00000000099999999996 0.00000000099999999996 0.00000000099999999996 
0.99999999500000014141 0.00000000099999999988 0.00000000099999999988 0.00000000099999999988 0.00000000099999999988 0.00000000099999999988 
0.00000000099999999978 0.00000000099999999978 0.00000000099999999978 0.00000000099999999978 0.99999999500000003039 0.00000000099999999978 
0.90412407518964754694 0.00000000099999999994 0.00000000099999999994 0.00000000099999999994 0.09587592081035246905 0.00000000099999999994 
0.99999999500000003039 0.00000000099999999988 0.00000000099999999988 0.00000000099999999988 0.00000000099999999988 0.00000000099999999988 
0.00000000099999999987 0.00000000099999999987 0.00000000099999999987 0.00000000099999999987 0.99999999499999991937 0.00000000099999999987 
0.00000000099999999993 0.00000000099999999993 0.00000000099999999993 0.08218466383720793300 0.04609420266970781777 0.87172113049308430632 
0.00000000099999999995 0.05667133611762177614 0.00000000099999999995 0.21565780968912934279 0.00000000099999999995 0.72767085119324881326 
0.00000000099999999997 0.06234162241317019182 0.00000000099999999997 0.09678570787708459799 0.00000000099999999997 0.84087266670974525340 
0.00000000099999999982 0.00000000099999999982 0.00000000099999999982 0.99999999499999991937 0.00000000099999999982 0.00000000099999999982 
0.99999999500000003039 0.00000000099999999987 0.00000000099999999987 0.00000000099999999987 0.00000000099999999987 0.00000000099999999987 
0.00000000099999999989 0.24250969209014663908 0.00000000099999999989 0.07634485403837409923 0.68114545087147926328 0.00000000099999999989 
0.00000000099999999996 0.00000000099999999996 0.00000000099999999996 0.24795008545350433193 0.06451991937680072453 0.68752999216969490348 
0.00000000099999999994 0.00000000099999999994 0.00000000099999999994 0.34103613467000437609 0.00152909550683406198 0.65743476682316159820 
0.00000000099999999967 0.99999999500000014141 0.00000000099999999967 0.00000000099999999967 0.00000000099999999967 0.00000000099999999967 
0.00000000099999999970 0.99999999500000014141 0.00000000099999999970 0.00000000099999999970 0.00000000099999999970 0.00000000099999999970 
0.99999999500000014141 0.00000000099999999988 0.00000000099999999988 0.00000000099999999988 0.00000000099999999988 0.00000000099999999988 
0.00000000099999999995 0.00000000099999999995 0.00000000099999999995 0.17418546863872885755 0.04474728370538413880 0.78106724465588694972 
0.98884423832767887053 0.00000000099999999994 0.01115575767232124954 0.00000000099999999994 0.00000000099999999994 0.00000000099999999994 
0.00000000099999999995 0.04373776920112088656 0.00000000099999999995 0.18680571691710115556 0.00000000099999999995 0.76945651088177791088 
0.99999999500000003039 0.00000000099999999991 0.00000000099999999991 0.00000000099999999991 0.00000000099999999991 0.00000000099999999991 
0.00000000099999999977 0.00000000099999999977 0.00000000099999999977 0.00000000099999999977 0.99999999500000003039 0.00000000099999999977 
0.00000000099999999996 0.09217885675112902355 0.00000000099999999996 0.10214758233898285633 0.00000000099999999996 0.80567355790988803843 
0.99999999500000003039 0.00000000099999999986 0.00000000099999999986 0.00000000099999999986 0.00000000099999999986 0.00000000099999999986 
0.99999999500000014141 0.00000000099999999982 0.00000000099999999982 0.00000000099999999982 0.00000000099999999982 0.00000000099999999982 
0.00000000099999999995 0.00000139270132596068 0.00000000099999999995 0.00000000099999999995 0.00476639889833860905 0.99523220540033552339 
0.00000000099999999969 0.00000000099999999969 0.99999999499999991937 0.00000000099999999969 0.00000000099999999969 0.00000000099999999969 
0.00000000099999999993 0.00000000099999999993 0.00000000099999999993 0.00000000099999999993 0.00000000099999999993 0.99999999499999991937 
0.00000000099999999995 0.03966339352512272820 0.00000000099999999995 0.00003703355073293879 0.00000000099999999995 0.96029956992414433614 
0.00000000099999999994 0.04459445826743835967 0.00000000099999999994 0.00021918789929970740 0.00000000099999999994 0.95518635083326197677 
0.00000000099999999997 0.00000000099999999997 0.00000000099999999997 0.05962035656418861185 0.02746331446802107237 0.91291632596779026532 
0.00000000099999999989 0.00000000099999999989 0.00000000099999999989 0.99999999499999991937 0.00000000099999999989 0.00000000099999999989 
0.00000000099999999993 0.03733913723707022597 0.00000000099999999993 0.16122154612123343331 0.00968240000267591924 0.79175691463902053702 
0.00000000099999999972 0.00000000099999999972 0.99999999499999991937 0.00000000099999999972 0.00000000099999999972 0.00000000099999999972 
0.00000000099999999983 0.00000000099999999983 0.00000000099999999983 0.99999999500000003039 0.00000000099999999983 0.00000000099999999983 
0.00000000099999999994 0.00000000099999999994 0.00000000099999999994 0.30623394014408705788 0.03729669156031458627 0.65646936529559840601 
0.00000000099999999984 0.00000000099999999984 0.99999999499999991937 0.00000000099999999984 0.00000000099999999984 0.00000000099999999984 
0.00000000099999999959 0.00000000099999999959 0.99999999499999991937 0.00000000099999999959 0.00000000099999999959 0.00000000099999999959 
0.00000000099999999991 0.00000000099999999991 0.00000000099999999991 0.00000000099999999991 0.00000000099999999991 0.99999999499999991937 
0.00000000099999999997 0.04597729050271920359 0.00000000099999999997 0.02930320549415763726 0.00000000099999999997 0.92471950100312316767 
0.00000000099999999994 0.00000000099999999994 0.00000000099999999994 0.00173880079414851971 0.00000000099999999994 0.99826119520585154810 
0.00000000099999999997 0.00636036903818117290 0.00000000099999999997 0.03871256075650154199 0.00000000130103327858 0.95492706690428386107 
0.00000000099999999995 0.00000000099999999995 0.00000000099999999995 0.00000000099999999995 0.00000000099999999995 0.99999999500000003039 
0.00000000099999999993 0.00000000099999999993 0.00000000099999999993 0.00000000099999999993 0.00000000099999999993 0.99999999499999991937 
0.57169067698297026947 0.00000000099999999999 0.29973838901541810520 0.00000000099999999999 0.08878736956285848692 0.03978356243875318110 
0.00000000099999999997 0.00000000099999999997 0.00000000099999999997 0.00000000099999999997 0.02939783583294711122 0.97060216016705280762 
0.00000000099999999996 0.00000222331383160657 0.00000000099999999996 0.00017036832326537018 0.04637145961208492123 0.95345594675081801750 
0.00000000099999999995 0.00000000099999999995 0.00000000099999999995 0.00000000099999999995 0.03585835496242662651 0.96414164103757327151 
0.00000000099999999999 0.01517344088167899702 0.01202165516883717603 0.00006782460658777675 0.00000000099999999999 0.97273707734289616145 
0.00000000099999999993 0.00000000099999999993 0.00000000099999999993 0.00000000099999999993 0.00000000099999999993 0.99999999500000003039 
0.00000000099999999993 0.00000000099999999993 0.00000000099999999993 0.99999999500000003039 0.00000000099999999993 0.00000000099999999993 
0.12161812226153023708 0.00000000100000000000 0.01589937099470056792 0.75776985972576216266 0.06141564353462208858 0.04329700248338489571 
0.00000000099999999996 0.00531049748186823451 0.00000000099999999996 0.17510000989047702635 0.00000000099999999996 0.81958948962765476587 
0.00000000099999999996 0.00000000099999999996 0.00000000099999999996 0.00000000099999999996 0.00000000099999999996 0.99999999499999991937 
0.00000000099999999997 0.02647214270493181837 0.00000000099999999997 0.00022171523197044254 0.00000000099999999997 0.97330613906309770833 
0.00000000099999999996 0.00000000099999999996 0.00000000099999999996 0.06840303243726283955 0.00000000099999999996 0.93159696356273713480 
0.00000000099999999994 0.00000000099999999994 0.00000000099999999994 0.00067056516123985212 0.00493038540059671446 0.99439904643816345864 
0.00000000099999999995 0.00000000099999999995 0.00000000099999999995 0.00044198039550533814 0.02462227667927033986 0.97493573992522430949 
0.00000000099999999994 0.06246336587639241683 0.00000000099999999994 0.00000000099999999994 0.00000000099999999994 0.93753663012360755058 
0.00000000099999999994 0.04611401436460276643 0.00000000099999999994 0.06650572192954758155 0.00000000099999999994 0.88738026070584963279 
0.00000000099999999995 0.04167493480631895286 0.00000000099999999995 0.00000000099999999995 0.00000000099999999995 0.95832506119368110475 
0.00000000099999999998 0.00806351764059205431 0.46445687405756730382 0.00000022561691473543 0.00000032313969721029 0.52747905854522869618 
0.00000000099999999997 0.02573902174757412495 0.00000000099999999997 0.00000000099999999997 0.00000000099999999997 0.97426097425242597083 
0.00000000099999999972 0.00000000099999999972 0.99999999500000003039 0.00000000099999999972 0.00000000099999999972 0.00000000099999999972 
0.00000000099999999995 0.00000000099999999995 0.00000000099999999995 0.00001320510302306256 0.00595129093069683875 0.99403550096628001675 
0.00000000099999999992 0.00000000099999999992 0.00000000099999999992 0.00000000099999999992 0.00000000099999999992 0.99999999500000003039 
0.00000000099999999994 0.00000000099999999994 0.00000000099999999994 0.00000000099999999994 0.03482913366201738359 0.96517086233798254913 
0.00000000099999999996 0.00000000099999999996 0.00000000099999999996 0.00000000099999999996 0.00012993674533154961 0.99987005925466843070 
0.00000000099999999985 0.00000000099999999985 0.00000000099999999985 0.99999999500000003039 0.00000000099999999985 0.00000000099999999985 
0.00000000099999999987 0.00000000099999999987 0.00000000099999999987 0.99999999500000003039 0.00000000099999999987 0.00000000099999999987 
0.18194478307641934189 0.00000000100000000000 0.02073747440583582902 0.72231114990744793580 0.07500659061029668617 0.00000000100000000000 
0.00000000099999999986 0.00000000099999999986 0.00000000099999999986 0.99999999500000003039 0.00000000099999999986 0.00000000099999999986 
0.00000000099999999964 0.00000000099999999964 0.99999999500000003039 0.00000000099999999964 0.00000000099999999964 0.00000000099999999964 
0.00000000099999999984 0.00000000099999999984 0.00000000099999999984 0.99999999500000003039 0.00000000099999999984 0.00000000099999999984 
0.00000000099999999964 0.00000000099999999964 0.99999999499999991937 0.00000000099999999964 0.00000000099999999964 0.00000000099999999964 
0.00000000099999999993 0.00227789744924284006 0.00000000099999999993 0.03479300267384098644 0.00000000099999999993 0.96292909687691630172 
0.00000000099999999994 0.06958447906900136481 0.00000000099999999994 0.02118982109720591450 0.00000000099999999994 0.90922569683379284022 
0.00000000099999999997 0.03595717137306073119 0.03976624827077202690 0.00000000099999999997 0.00000000099999999997 0.92427657735616730594 
0.00000000099999999997 0.03160090254618633937 0.00000000099999999997 0.00000000099999999997 0.00000000099999999997 0.96839909345381369743 
0.00000000099999999995 0.00083926710691862097 0.00000000099999999995 0.03880804329922835083 0.00000000099999999995 0.96035268659385308876 
0.00000000099999999996 0.00820529402145999016 0.00000000099999999996 0.00132369081183907967 0.00000000099999999996 0.99047101216670085932 
0.00000000099999999996 0.00000000099999999996 0.00000000099999999996 0.02916254277228951669 0.02790755283529482156 0.94292990139241561476 
0.00000000099999999992 0.00000000099999999992 0.00000000099999999992 0.00000000099999999992 0.00000000099999999992 0.99999999500000003039 
0.00000000099999999995 0.00000000099999999995 0.00000000099999999995 0.00000000099999999995 0.00000000099999999995 0.99999999500000003039 
0.00000000099999999993 0.00000000099999999993 0.00000000099999999993 0.00405225128204489415 0.00000000099999999993 0.99594774471795510795 
0.00000000099999999995 0.00589741575969826657 0.00000000099999999995 0.30627202572198286568 0.00000000099999999995 0.68783055551831895347 
0.00000000099999999996 0.00000000099999999996 0.00000000099999999996 0.99999999500000003039 0.00000000099999999996 0.00000000099999999996 
0.01402204049035815289 0.00000000099999999996 0.00000000099999999996 0.98597795550964195677 0.00000000099999999996 0.00000000099999999996 
0.00000000099999999996 0.01391188946032457206 0.00000000099999999996 0.00000000099999999996 0.00000000099999999996 0.98608810653967537974 
0.00000000099999999985 0.00000000099999999985 0.00000000099999999985 0.99999999500000003039 0.00000000099999999985 0.00000000099999999985 
0.00000000099999999997 0.10820079132741425298 0.00000000099999999997 0.00000143761659594981 0.00000000099999999997 0.89179776805598975908 
0.00000000099999999996 0.03950961853054657524 0.00000000099999999996 0.00155916051544960593 0.00000000099999999996 0.95893121795400371177 
0.00000000099999999995 0.00000000099999999995 0.00000000099999999995 0.00000000099999999995 0.00000000099999999995 0.99999999500000003039 
0.00000000099999999995 0.02741011802134790676 0.00000000099999999995 0.01828640405672457211 0.00000000099999999995 0.95430347492192757475 
0.00000000099999999995 0.00000000099999999995 0.00000000099999999995 0.02396847793908626206 0.00045505275312934823 0.97557646630778438457 
0.00000000099999999995 0.00000000099999999995 0.00000000099999999995 0.01577199726330861737 0.00155247241493210175 0.98267552732175922348 
0.00000000099999999996 0.03112753921649109856 0.00000000099999999996 0.00924120187712421971 0.00000000099999999996 0.95963125590638465034 
0.00000000099999999998 0.00000000099999999998 0.01466520068711460456 0.00000008765369764002 0.05676489956948235771 0.92856981008970540525 
