0.00000000099999999990 0.00000000099999999990 0.00000000099999999990 0.99999999600000000211 0.00000000099999999990 
0.00000000099999999985 0.00000000099999999985 0.00000000099999999985 0.00000000099999999985 0.99999999599999989108 
0.00000000099999999988 0.00000000099999999988 0.00000000099999999988 0.99999999600000000211 0.00000000099999999988 
0.00000000099999999984 0.00000000099999999984 0.00000000099999999984 0.00000000099999999984 0.99999999600000000211 
0.70187569198168742179 0.25692886440699275186 0.00000000099999999997 0.00000000099999999997 0.04119544161132007720 
0.00000000099999999997 0.00000000099999999997 0.03361001858174954282 0.96638997841825058366 0.00000000099999999997 
0.00000000099999999992 0.00000000099999999992 0.00000000099999999992 0.99999999600000000211 0.00000000099999999992 
0.00000000099999999990 0.00000000099999999990 0.00000000099999999990 0.99999999599999989108 0.00000000099999999990 
0.00000000099999999998 0.00000000099999999998 0.00000000099999999998 0.99999999599999989108 0.00000000099999999998 
0.00000000099999999992 0.00000000099999999992 0.00000000099999999992 0.99999999599999989108 0.00000000099999999992 
0.00000000099999999999 0.07446714216626999783 0.00015427570243609315 0.78233538943917790842 0.14304319169211598961 
0.00000000099999999991 0.00000000099999999991 0.00000000099999999991 0.99999999600000000211 0.00000000099999999991 
0.00000000099999999986 0.00000000099999999986 0.00000000099999999986 0.00000000099999999986 0.99999999599999989108 
0.00000000099999999992 0.00000000099999999992 0.00000000099999999992 0.99999999599999989108 0.00000000099999999992 
0.00000000099999999997 0.00000000099999999997 0.00000000099999999997 0.99999999599999989108 0.00000000099999999997 
0.00000000099999999990 0.00000000099999999990 0.00000000099999999990 0.99999999599999989108 0.00000000099999999990 
0.00000000099999999985 0.00000000099999999985 0.00000000099999999985 0.00000000099999999985 0.99999999600000000211 
0.00000000099999999996 0.00000000099999999996 0.00000000099999999996 0.91695724733899375281 0.08304274966100608224 
0.00000000099999999990 0.00000000099999999990 0.00000000099999999990 0.99999999600000000211 0.00000000099999999990 
0.00000000099999999994 0.00000000099999999994 0.00000000099999999994 0.00000000099999999994 0.99999999600000000211 
0.89699108057097942659 0.08388671119033956625 0.00000000099999999994 0.00000000099999999994 0.01912220623868108801 
0.73098857329270128247 0.22345165014501225387 0.00000000099999999995 0.00000000099999999995 0.04555977456228638839 
0.85326690550802786195 0.10328146806121676904 0.00000000099999999997 0.00000000099999999997 0.04345162443075539088 
0.00000000099999999985 0.99999999600000000211 0.00000000099999999985 0.00000000099999999985 0.00000000099999999985 
0.00000000099999999989 0.00000000099999999989 0.00000000099999999989 0.99999999600000000211 0.00000000099999999989 
0.00000000099999999988 0.00000000099999999988 0.00000000099999999988 0.00000000099999999988 0.99999999600000000211 
0.69854435439490059068 0.24700829663798964941 0.00000000099999999996 0.00000000099999999996 0.05444734696710987892 
0.65299860649762486720 0.34700139050237499561 0.00000000099999999994 0.00000000099999999994 0.00000000099999999994 
0.00000000099999999985 0.00000000099999999985 0.00000000099999999985 0.00000000099999999985 0.99999999600000000211 
0.00000000099999999986 0.00000000099999999986 0.00000000099999999986 0.00000000099999999986 0.99999999600000000211 
0.00000000099999999990 0.00000000099999999990 0.00000000099999999990 0.99999999600000000211 0.00000000099999999990 
0.78718407953089652995 0.18102068975257107342 0.00000000099999999996 0.00000000099999999996 0.03179522871653248789 
0.00000000099999999996 0.00000000099999999996 0.01090673335360549737 0.98909326364639449380 0.00000000099999999996 
0.78546908791537084493 0.19330966952137282333 0.00000000099999999995 0.00000000099999999995 0.02122124056325645075 
0.00000000099999999993 0.00000000099999999993 0.00000000099999999993 0.99999999600000000211 0.00000000099999999993 
0.00000000099999999984 0.00000000099999999984 0.00000000099999999984 0.00000000099999999984 0.99999999600000000211 
0.80747278628758711871 0.11271422569345709852 0.00000000099999999997 0.00000000099999999997 0.07981298601895582545 
0.00000000099999999988 0.00000000099999999988 0.00000000099999999988 0.99999999600000000211 0.00000000099999999988 
0.00000000099999999986 0.00000000099999999986 0.00000000099999999986 0.99999999599999989108 0.00000000099999999986 
0.99999976982868821196 0.00000000099999999995 0.00000000099999999995 0.00000000099999999995 0.00000022717131183252 
0.00000000099999999975 0.00000000099999999975 0.99999999599999989108 0.00000000099999999975 0.00000000099999999975 
0.99999999600000011313 0.00000000099999999993 0.00000000099999999993 0.00000000099999999993 0.00000000099999999993 
0.98592291268838538887 0.01380574221651805281 0.00000000099999999996 0.00000000099999999996 0.00027134309509653645 
0.99075412270024387773 0.00924341844152124989 0.00000000099999999994 0.00000000099999999994 0.00000245685823483363 
0.93643582869563490867 0.06355914235803844514 0.00000000099999999998 0.00000000099999999998 0.00000502694632668443 
0.00000000099999999989 0.99999999600000000211 0.00000000099999999989 0.00000000099999999989 0.00000000099999999989 
0.79232922197520749830 0.16491005876597819579 0.00000000099999999993 0.00000000099999999993 0.04276071725881436941 
0.00000000099999999977 0.00000000099999999977 0.99999999599999989108 0.00000000099999999977 0.00000000099999999977 
0.00000000099999999985 0.99999999600000000211 0.00000000099999999985 0.00000000099999999985 0.00000000099999999985 
0.66336518321306103818 0.30798282327946296943 0.00000000099999999994 0.00000000099999999994 0.02865199150747600731 
0.00000000099999999987 0.00000000099999999987 0.99999999600000000211 0.00000000099999999987 0.00000000099999999987 
0.00000000099999999967 0.00000000099999999967 0.99999999600000000211 0.00000000099999999967 0.00000000099999999967 
0.99999999600000000211 0.00000000099999999993 0.00000000099999999993 0.00000000099999999993 0.00000000099999999993 
0.96277617968242468205 0.03623079719828139339 0.00000000099999999998 0.00000000099999999998 0.00099302111929403599 
0.99816137876994892597 0.00183861823005113285 0.00000000099999999995 0.00000000099999999995 0.00000000099999999995 
0.96242247258449109548 0.03757752441550896855 0.00000000099999999997 0.00000000099999999997 0.00000000099999999997 
0.99999999600000011313 0.00000000099999999995 0.00000000099999999995 0.00000000099999999995 0.00000000099999999995 
0.99999999600000000211 0.00000000099999999994 0.00000000099999999994 0.00000000099999999994 0.00000000099999999994 
0.07133409956139091790 0.00000000100000000000 0.29945078195336893856 0.57883164791332653021 0.05038346957191371794 
0.99851378958282399623 0.00000000099999999997 0.00000000099999999997 0.00000000099999999997 0.00148620741717618837 
0.96397522093843623914 0.00002069275865436986 0.00000000099999999996 0.00000000099999999996 0.03600408430290935602 
0.97506523925110011319 0.00000000099999999995 0.00000000099999999995 0.00000000099999999995 0.02493475774889989879 
0.98808207565060812705 0.00019496501322311164 0.01172295733616865107 0.00000000099999999999 0.00000000099999999999 
0.99999999600000011313 0.00000000099999999994 0.00000000099999999994 0.00000000099999999994 0.00000000099999999994 
0.00000000099999999994 0.99999999600000000211 0.00000000099999999994 0.00000000099999999994 0.00000000099999999994 
0.19845485707512283691 0.61983478930269475526 0.01558809705199593228 0.12394607179909346295 0.04217618477109300740 
0.81939494691880176980 0.18060505008119828729 0.00000000099999999996 0.00000000099999999996 0.00000000099999999996 
0.99999999600000000211 0.00000000099999999997 0.00000000099999999997 0.00000000099999999997 0.00000000099999999997 
0.99799024462896912535 0.00200703268239088009 0.00000000099999999997 0.00000000099999999997 0.00000272068863999960 
0.93073621208434065277 0.06926378491565936268 0.00000000099999999996 0.00000000099999999996 0.00000000099999999996 
0.99955641473011269671 0.00044358226988731755 0.00000000099999999994 0.00000000099999999994 0.00000000099999999994 
0.99959400613761217880 0.00040594891360484569 0.00000000099999999996 0.00000000099999999996 0.00000004294878288614 
0.95219902252647070640 0.00000000099999999995 0.00000000099999999995 0.00000000099999999995 0.04780097447352942702 
0.89607088453959704566 0.07464615075707396741 0.00000000099999999995 0.00000000099999999995 0.02928296270332904350 
0.97137204715491876073 0.00000000099999999996 0.00000000099999999996 0.00000000099999999996 0.02862794984508133453 
0.53550794000283885588 0.00001874282597573141 0.46447260787393179760 0.00000000099999999998 0.00000070829725350667 
0.99961982552987138639 0.00000000099999999997 0.00000000099999999997 0.00000000099999999997 0.00038017147012863221 
0.00000000099999999977 0.00000000099999999977 0.99999999599999989108 0.00000000099999999977 0.00000000099999999977 
0.99978484450523641414 0.00021515249476353551 0.00000000099999999995 0.00000000099999999995 0.00000000099999999995 
0.99999999600000000211 0.00000000099999999992 0.00000000099999999992 0.00000000099999999992 0.00000000099999999992 
0.99499175617134272276 0.00000000099999999995 0.00000000099999999995 0.00000000099999999995 0.00500824082865728663 
0.99999999600000011313 0.00000000099999999996 0.00000000099999999996 0.00000000099999999996 0.00000000099999999996 
0.00000000099999999986 0.99999999600000011313 0.00000000099999999986 0.00000000099999999986 0.00000000099999999986 
0.00000000099999999988 0.99999999600000011313 0.00000000099999999988 0.00000000099999999988 0.00000000099999999988 
0.00000000100000000000 0.78099027101008877683 0.01955450488315742599 0.18943298407450714915 0.01002223903224675611 
0.00000000099999999988 0.99999999600000000211 0.00000000099999999988 0.00000000099999999988 0.00000000099999999988 
0.00000000099999999971 0.00000000099999999971 0.99999999599999989108 0.00000000099999999971 0.00000000099999999971 
0.00000000099999999986 0.99999999600000011313 0.00000000099999999986 0.00000000099999999986 0.00000000099999999986 
0.00000000099999999971 0.00000000099999999971 0.99999999600000000211 0.00000000099999999971 0.00000000099999999971 
0.96621001279715135190 0.03378998420284866355 0.00000000099999999993 0.00000000099999999993 0.00000000099999999993 
0.92300525867691907145 0.04420555282395632890 0.00000000099999999995 0.00000000099999999995 0.03278918649912474642 
0.94576612992983222217 0.00000000099999999998 0.04119019473450438035 0.00000000099999999998 0.01304367333566346446 
0.99999999514854021054 0.00000000099999999997 0.00000000099999999997 0.00000000099999999997 0.00000000185145987262 
0.96744395679526817844 0.03255604020473177457 0.00000000099999999995 0.00000000099999999995 0.00000000099999999995 
0.99875509069648382710 0.00124489589314671521 0.00000000099999999996 0.00000000099999999996 0.00000001141036946003 
0.95503290216865344142 0.03347534467424792548 0.00000000099999999996 0.00000000099999999996 0.01149175115709852139 
0.99999999600000011313 0.00000000099999999992 0.00000000099999999992 0.00000000099999999992 0.00000000099999999992 
0.99999999600000011313 0.00000000099999999995 0.00000000099999999995 0.00000000099999999995 0.00000000099999999995 
0.99742900019269253864 0.00257099680730756485 0.00000000099999999993 0.00000000099999999993 0.00000000099999999993 
0.68992780942792486520 0.31007218757207499760 0.00000000099999999995 0.00000000099999999995 0.00000000099999999995 
0.00000000099999999996 0.99999999600000011313 0.00000000099999999996 0.00000000099999999996 0.00000000099999999996 
0.00000000099999999997 0.98170653131194873797 0.00000000099999999997 0.01829346568805133647 0.00000000099999999997 
0.99999999600000000211 0.00000000099999999996 0.00000000099999999996 0.00000000099999999996 0.00000000099999999996 
0.00000000099999999986 0.99999999600000011313 0.00000000099999999986 0.00000000099999999986 0.00000000099999999986 
0.90315669908527296261 0.00174193283206392304 0.00000000099999999997 0.00000000099999999997 0.09510136608266306357 
0.97563733054378731779 0.01819525983943250103 0.00000000099999999996 0.00000000099999999996 0.00616740761678031494 
0.99999999600000000211 0.00000000099999999996 0.00000000099999999996 0.00000000099999999996 0.00000000099999999996 
0.97446545017042029979 0.02553454682957975036 0.00000000099999999995 0.00000000099999999995 0.00000000099999999995 
0.97202252907210318078 0.02797746792789695611 0.00000000099999999995 0.00000000099999999995 0.00000000099999999995 
0.98128030358097384500 0.01871969341902622597 0.00000000099999999995 0.00000000099999999995 0.00000000099999999995 
0.97372997245280679124 0.02626766588296243835 0.00000000099999999996 0.00000000099999999996 0.00000235966423085135 
0.95796081101080310383 0.00002332691126406689 0.01476383372282904886 0.00000000099999999998 0.02725202735510366681 
