0.00000000099999999993 0.00000000099999999993 0.00000000099999999993 0.99999999700000008485 
0.00000000099999999987 0.00000000099999999987 0.99999999699999986280 0.00000000099999999987 
0.00000000099999999992 0.00000000099999999992 0.00000000099999999992 0.99999999700000008485 
0.00000000099999999987 0.00000000099999999987 0.99999999699999986280 0.00000000099999999987 
0.94017009609506974055 0.00008889989575976247 0.05974100300917041528 0.00000000099999999998 
0.00000000099999999998 0.03349570174969460773 0.00000000099999999998 0.96650429625030542802 
0.00000000099999999995 0.00000000099999999995 0.00000000099999999995 0.99999999700000008485 
0.00000000099999999993 0.00000000099999999993 0.00000000099999999993 0.99999999699999997382 
0.00000000099999999998 0.00000000099999999998 0.00000000099999999998 0.99999999699999997382 
0.00000000099999999994 0.00000000099999999994 0.00000000099999999994 0.99999999699999997382 
0.00000000100000000000 0.00322750610161810650 0.20605008217319970010 0.79072241072518223426 
0.00000000099999999993 0.00000000099999999993 0.00000000099999999993 0.99999999699999997382 
0.00000000099999999989 0.00000000099999999989 0.99999999699999986280 0.00000000099999999989 
0.00000000099999999994 0.00000000099999999994 0.00000000099999999994 0.99999999700000008485 
0.00000000099999999997 0.00000000099999999997 0.00000000099999999997 0.99999999699999997382 
0.00000000099999999993 0.00000000099999999993 0.00000000099999999993 0.99999999700000008485 
0.00000000099999999988 0.00000000099999999988 0.99999999699999986280 0.00000000099999999988 
0.00000000099999999998 0.00000000099999999998 0.08292488149805801734 0.91707511650194206698 
0.00000000099999999993 0.00000000099999999993 0.00000000099999999993 0.99999999699999997382 
0.00000000099999999995 0.00000000099999999995 0.99999999699999986280 0.00000000099999999995 
0.98515510469878619926 0.00000000099999999994 0.01484489330121394751 0.00000000099999999994 
0.93881281802387284152 0.00000000099999999996 0.06118717997612720116 0.00000000099999999996 
0.95389376708737994015 0.00000000099999999997 0.04610623091262005396 0.00000000099999999997 
0.99996855680651974829 0.00000000099999999997 0.00003144119348024796 0.00000000099999999997 
0.00000000099999999992 0.00000000099999999992 0.00000000099999999992 0.99999999700000008485 
0.00000000099999999989 0.00000000099999999989 0.99999999699999986280 0.00000000099999999989 
0.92441583612377220547 0.00000000099999999997 0.07558416187622778171 0.00000000099999999997 
0.98173917577265323864 0.00000000099999999996 0.01826082222734687344 0.00000000099999999996 
0.00000000099999999986 0.00000000099999999986 0.99999999699999997382 0.00000000099999999986 
0.00000000099999999988 0.00000000099999999988 0.99999999699999997382 0.00000000099999999988 
0.00000000099999999993 0.00000000099999999993 0.00000000099999999993 0.99999999699999997382 
0.95957308069148750107 0.00000000099999999996 0.04042691730851252080 0.00000000099999999996 
0.00000000099999999997 0.01083008560995605586 0.00000000099999999997 0.98916991239004403713 
0.96614500777181422375 0.00000000099999999995 0.03385499022818581893 0.00000000099999999995 
0.00000000099999999995 0.00000000099999999995 0.00000000099999999995 0.99999999699999997382 
0.00000000099999999986 0.00000000099999999986 0.99999999699999997382 0.00000000099999999986 
0.91374828371264882332 0.00000000099999999997 0.08625171428735103896 0.00000000099999999997 
0.00000000099999999992 0.00000000099999999992 0.00000000099999999992 0.99999999699999997382 
0.00000000099999999990 0.00000000099999999990 0.00000000099999999990 0.99999999700000008485 
0.99622558705182384653 0.00000000099999999996 0.00377441094817622131 0.00000000099999999996 
0.00000000099999999982 0.99999999700000008485 0.00000000099999999982 0.00000000099999999982 
0.99999999699999997382 0.00000000099999999994 0.00000000099999999994 0.00000000099999999994 
0.99988590553745237965 0.00000000099999999996 0.00011409246254773360 0.00000000099999999996 
0.99718541694935847186 0.00000000099999999995 0.00281458105064146891 0.00000000099999999995 
0.99977240840694681090 0.00000000099999999998 0.00022758959305311299 0.00000000099999999998 
0.94162033212491158540 0.00000000099999999995 0.05837966587508839483 0.00000000099999999995 
0.94847088414730362782 0.00000000099999999994 0.05152911385269624833 0.00000000099999999994 
0.00000000099999999982 0.99999999699999997382 0.00000000099999999982 0.00000000099999999982 
0.99953798459862663872 0.00000000099999999995 0.00046201340137336531 0.00000000099999999995 
0.94314779275632254496 0.00000000099999999995 0.05685220524367745609 0.00000000099999999995 
0.00000000099999999990 0.99999999699999997382 0.00000000099999999990 0.00000000099999999990 
0.00000000099999999975 0.99999999700000008485 0.00000000099999999975 0.00000000099999999975 
0.99999999699999997382 0.00000000099999999993 0.00000000099999999993 0.00000000099999999993 
0.99194117713951091009 0.00000000099999999998 0.00805882086048916209 0.00000000099999999998 
0.99999999699999997382 0.00000000099999999995 0.00000000099999999995 0.00000000099999999995 
0.99998247293296327332 0.00000000099999999997 0.00001752506703671746 0.00000000099999999997 
0.99999999700000008485 0.00000000099999999996 0.00000000099999999996 0.00000000099999999996 
0.99999999700000008485 0.00000000099999999995 0.00000000099999999995 0.00000000099999999995 
0.06164178392318086369 0.30416421682961874984 0.05607110824861144538 0.57812289099858893415 
0.99485744474764703504 0.00347585786129118958 0.00166669639106170175 0.00000000099999999998 
0.96553594276244703032 0.00000000099999999996 0.03446405523755285971 0.00000000099999999996 
0.97502258588993861999 0.00000000099999999996 0.02497741211006150944 0.00000000099999999996 
0.98437045419042090710 0.01562757273254386861 0.00000197207703514721 0.00000000099999999999 
0.99999999699999997382 0.00000000099999999994 0.00000000099999999994 0.00000000099999999994 
0.95224943979743936762 0.00000000099999999999 0.02849043301578843210 0.01926012618677220428 
0.79992442804204333395 0.01301804679905625359 0.04816626332129277099 0.13889126183760766575 
0.99783653533517235878 0.00000000099999999996 0.00216346266482766916 0.00000000099999999996 
0.99999999699999997382 0.00000000099999999997 0.00000000099999999997 0.00000000099999999997 
0.99890399754838743451 0.00000000099999999997 0.00109600045161250886 0.00000000099999999997 
0.99999999699999997382 0.00000000099999999997 0.00000000099999999997 0.00000000099999999997 
0.99999645962206151761 0.00000000099999999995 0.00000353837793854336 0.00000000099999999995 
0.99850429905015469778 0.00000000099999999996 0.00149569894984536811 0.00000000099999999996 
0.94758052740627496391 0.00000000099999999996 0.05241947059372491918 0.00000000099999999996 
0.96575255793458469888 0.00000000099999999995 0.03424744006541536462 0.00000000099999999995 
0.97181458937313491830 0.00000000099999999996 0.02818540862686519724 0.00000000099999999996 
0.53193134783349615979 0.46561300279757250609 0.00245564836893130169 0.00000000099999999998 
0.99878907572852471120 0.00000000099999999997 0.00121092227147524584 0.00000000099999999997 
0.00000000099999999983 0.99999999700000008485 0.00000000099999999983 0.00000000099999999983 
0.99999998539434797884 0.00000000099999999996 0.00000001260565209086 0.00000000099999999996 
0.99999999700000008485 0.00000000099999999992 0.00000000099999999992 0.00000000099999999992 
0.98409480123850412436 0.00000000099999999996 0.01590519676149582118 0.00000000099999999996 
0.99991701440980884641 0.00000000099999999997 0.00008298359019122261 0.00000000099999999997 
0.93986776051726594883 0.00000000099999999994 0.06013223748273404529 0.00000000099999999994 
0.89218237226026597675 0.00000000099999999995 0.10781762573973410757 0.00000000099999999995 
0.61998829197547500325 0.03475864599932972782 0.13771015340839981578 0.20754290861679552949 
0.97152979013436280287 0.00000000099999999997 0.02847020786563728492 0.00000000099999999997 
0.00000000099999999979 0.99999999700000008485 0.00000000099999999979 0.00000000099999999979 
0.92605674869701781748 0.00000000099999999998 0.06517630163445370384 0.00876694866852841155 
0.00000000099999999978 0.99999999700000008485 0.00000000099999999978 0.00000000099999999978 
0.99999968848157838597 0.00000000099999999994 0.00000030951842154434 0.00000000099999999994 
0.96698157587570676696 0.00000000099999999995 0.03301842212429325490 0.00000000099999999995 
0.94392707997103586504 0.04422922746994945031 0.01184369155901467477 0.00000000099999999998 
0.99985402547245871840 0.00000000099999999998 0.00014597252754122253 0.00000000099999999998 
0.99999919322423413970 0.00000000099999999995 0.00000080477576574669 0.00000000099999999995 
0.99984704073828023496 0.00000000099999999996 0.00015295726171977929 0.00000000099999999996 
0.99572778458429966886 0.00087493485556872281 0.00339727956013166589 0.00000000099999999997 
0.99999999700000008485 0.00000000099999999993 0.00000000099999999993 0.00000000099999999993 
0.99999999699999997382 0.00000000099999999996 0.00000000099999999996 0.00000000099999999996 
0.99999999700000008485 0.00000000099999999994 0.00000000099999999994 0.00000000099999999994 
0.99718741658903098379 0.00000000099999999996 0.00281258141096891881 0.00000000099999999996 
0.84703967413528336028 0.00326408931332785842 0.12007145315762934867 0.02962478339375938796 
0.78503326757515234924 0.00000000099999999999 0.10180379302569261823 0.11316293839915510244 
0.99999791763393963695 0.00000208036606031909 0.00000000099999999997 0.00000000099999999997 
0.93193702310537973599 0.00000000099999999998 0.06806297489462018180 0.00000000099999999998 
0.91319429724616796307 0.00000000099999999998 0.08680570075383207962 0.00000000099999999998 
0.98356057798907614576 0.00000000099999999997 0.01643942001092378591 0.00000000099999999997 
0.99999999699999997382 0.00000000099999999997 0.00000000099999999997 0.00000000099999999997 
0.99999999699999997382 0.00000000099999999995 0.00000000099999999995 0.00000000099999999995 
0.99999999671093864340 0.00000000099999999996 0.00000000128906144371 0.00000000099999999996 
0.99999999700000008485 0.00000000099999999995 0.00000000099999999995 0.00000000099999999995 
0.99994522539692365370 0.00000000099999999996 0.00005477260307634348 0.00000000099999999996 
0.95175458510176247362 0.01724435390216886438 0.03100105999606865906 0.00000000099999999998 
