0.99999999799999994554 0.00000000099999999995 0.00000000099999999995 
0.00000000099999999992 0.00000000099999999992 0.99999999799999994554 
0.99999999799999994554 0.00000000099999999994 0.00000000099999999994 
0.00000000099999999992 0.00000000099999999992 0.99999999800000005656 
0.00000000099999999998 0.93315284416323873717 0.06684715483676122172 
0.99999999799999994554 0.00000000099999999998 0.00000000099999999998 
0.99999999800000005656 0.00000000099999999996 0.00000000099999999996 
0.99999999799999994554 0.00000000099999999995 0.00000000099999999995 
0.99999999800000005656 0.00000000099999999998 0.00000000099999999998 
0.99999999799999994554 0.00000000099999999995 0.00000000099999999995 
0.79432674252396950898 0.00000000100000000000 0.20567325647603040828 
0.99999999800000005656 0.00000000099999999997 0.00000000099999999997 
0.00000000099999999993 0.00000000099999999993 0.99999999799999994554 
0.99999999799999994554 0.00000000099999999996 0.00000000099999999996 
0.99999999799999994554 0.00000000099999999998 0.00000000099999999998 
0.99999999799999994554 0.00000000099999999996 0.00000000099999999996 
0.00000000099999999993 0.00000000099999999993 0.99999999799999994554 
0.91291547673756290315 0.00000000099999999999 0.08708452226243720840 
0.99999999800000005656 0.00000000099999999995 0.00000000099999999995 
0.00000000099999999997 0.00000000099999999997 0.99999999799999994554 
0.00000000099999999997 0.97718697403916343625 0.02281302496083656775 
0.00000000099999999998 0.93228121352194093241 0.06771878547805912363 
0.00000000099999999998 0.94423833843560112111 0.05576166056439881002 
0.00000000099999999998 0.99925640658535819227 0.00074359241464188545 
0.99999999799999994554 0.00000000099999999996 0.00000000099999999996 
0.00000000099999999993 0.00000000099999999993 0.99999999799999994554 
0.00000000099999999998 0.91870394763419671591 0.08129605136580345115 
0.00000000099999999997 0.96901599982063990613 0.03098399917936006318 
0.00000000099999999991 0.00000000099999999991 0.99999999799999994554 
0.00000000099999999992 0.00000000099999999992 0.99999999800000005656 
0.99999999800000005656 0.00000000099999999994 0.00000000099999999994 
0.00000000099999999998 0.95501092075553883909 0.04498907824446116144 
0.99999999799999994554 0.00000000099999999997 0.00000000099999999997 
0.00000000099999999998 0.96115108338480748085 0.03884891561519262376 
0.99999999799999994554 0.00000000099999999997 0.00000000099999999997 
0.00000000099999999992 0.00000000099999999992 0.99999999799999994554 
0.00000000099999999998 0.91217961866870034271 0.08782038033129978272 
0.99999999799999994554 0.00000000099999999995 0.00000000099999999995 
0.99999999800000005656 0.00000000099999999994 0.00000000099999999994 
0.00000000099999999997 0.99145506274373096378 0.00854493625626901246 
0.70759125234854813868 0.29240874665145183409 0.00000000099999999999 
0.00000000099999999996 0.99999999799999994554 0.00000000099999999996 
0.00000000099999999997 0.99935373647843950273 0.00064626252156065489 
0.00000000099999999997 0.98984176212301377973 0.01015823687698621212 
0.00000000099999999999 0.99848358692316274698 0.00151641207683724855 
0.00000000099999999997 0.93311953068103248299 0.06688046831896746203 
0.00000000099999999996 0.94165616241712013501 0.05834383658287996960 
0.73213963800692838380 0.26309619653942312167 0.00476416545364861162 
0.00000000099999999997 0.99727627604630320057 0.00272372295369687064 
0.00000000099999999997 0.93400333821742087537 0.06599666078257909740 
0.68404759696217998233 0.31595240203781982391 0.00000000100000000000 
0.71295213705263504878 0.28704786194736486848 0.00000000099999999998 
0.00000000099999999995 0.99999999799999994554 0.00000000099999999995 
0.00000000099999999998 0.99181397125075931864 0.00818602774924074260 
0.00000000099999999996 0.99999999799999994554 0.00000000099999999996 
0.00000000099999999998 0.99952860352314465420 0.00047139547685551801 
0.00000000099999999996 0.99999999800000005656 0.00000000099999999996 
0.00000000099999999996 0.99999999799999994554 0.00000000099999999996 
0.78088144270043213790 0.17086765890642455212 0.04825089839314333079 
0.00000000099999999998 0.99547783730769023869 0.00452216169230967510 
0.00000000099999999998 0.96078783035834003368 0.03921216864165997379 
0.00000000099999999997 0.97199703885257560110 0.02800296014742434392 
0.00000000100000000000 0.99990162270925075916 0.00009837629074922081 
0.00000000099999999996 0.99999999800000005656 0.00000000099999999996 
0.00841405281947434254 0.94032667433799066448 0.05125927284253491145 
0.14728427902035884367 0.79812960077481531762 0.05458612020482594973 
0.00000000099999999998 0.99040105027532465698 0.00959894872467540947 
0.00000000099999999998 0.99999999799999994554 0.00000000099999999998 
0.00000000099999999998 0.99794819158398773151 0.00205180741601240692 
0.00000000099999999997 0.99999999800000005656 0.00000000099999999997 
0.00000000099999999997 0.99971501577882992962 0.00028498322117016421 
0.00000000099999999997 0.99668985334869975024 0.00331014565130041509 
0.00000000099999999997 0.94480709501153092855 0.05519290398846920381 
0.00000000099999999997 0.96000489020290913356 0.03999510879709095024 
0.00000000099999999997 0.96881454429339974865 0.03118545470660014779 
0.32885589208506377235 0.67114410691493620043 0.00000000100000000000 
0.00000000099999999998 0.99622789238697173619 0.00377210661302823658 
0.70817880126572829713 0.29182119773427162013 0.00000000099999999999 
0.00000000099999999997 0.99999970748379374275 0.00000029151620618060 
0.00000000099999999995 0.99999999799999994554 0.00000000099999999995 
0.00000000099999999997 0.97754424029579389810 0.02245575870420613712 
0.00000000099999999998 0.99999484226197477010 0.00000515673802525632 
0.00000000099999999996 0.93213498122264859536 0.06786501777735147456 
0.00000000099999999997 0.88667518138342515943 0.11332481761657473007 
0.23296949185378554303 0.62202627483943728759 0.14500423330677722489 
0.00000000099999999998 0.95902948658124420600 0.04097051241875575289 
0.70689437529556242712 0.29310562370443760116 0.00000000099999999999 
0.00003722093559014970 0.91690775539393198912 0.08305502367047774837 
0.69744446232372847572 0.30255553667627155257 0.00000000099999999999 
0.00000000099999999996 0.99998059073780198869 0.00001940826219801917 
0.00000000099999999997 0.96176676713854991618 0.03823323186145001495 
0.00000000100000000000 0.98460523821376833009 0.01539476078623178493 
0.00000000099999999999 0.99959753410562268705 0.00040246489437743653 
0.00000000099999999997 0.99999756546427109871 0.00000243353572903726 
0.00000000099999999997 0.99987493974882990511 0.00012505925117009038 
0.00000000099999999997 0.99378554190265544488 0.00621445709734457039 
0.00000000099999999996 0.99999999800000005656 0.00000000099999999996 
0.00000000099999999997 0.99999999800000005656 0.00000000099999999997 
0.00000000099999999996 0.99999999799999994554 0.00000000099999999996 
0.00000000099999999998 0.99292822550024928407 0.00707177349975069997 
0.03251011943366600293 0.84219469905966215517 0.12529518150667184884 
0.10719987043175893682 0.77135121157731068031 0.12144891799093043838 
0.00000000099999999997 0.99999998491784569676 0.00000001408215440650 
0.00000000099999999999 0.92715146051603636312 0.07284853848396365128 
0.00000000099999999999 0.90909773345343025674 0.09090226554656967439 
0.00000000099999999998 0.97891214338848486776 0.02108785561151521257 
0.00000000099999999998 0.99999999799999994554 0.00000000099999999998 
0.00000000099999999997 0.99999999800000005656 0.00000000099999999997 
0.00000000099999999998 0.99999992526660108627 0.00000007373339892288 
0.00000000099999999997 0.99999999799999994554 0.00000000099999999997 
0.00000000099999999998 0.99871703608105899530 0.00128296291894102214 
0.00000000099999999999 0.95774877485554377188 0.04225122414445624253 
