0.000000	0.293540	0.242357	0.296352	0.308956	0.242547	0.245708	0.246697	0.249479	0.241417	0.259121	0.245712	0.296446	0.244319	0.245253	0.242389	0.293641	0.245874	0.245981	0.291236	0.297574	0.303385	0.304448	0.308921	0.254047	0.298512	0.305824	0.303352	0.303471	0.298014	0.245646	0.306769	0.249168	0.302818	0.243696	0.297706	0.307826	0.250776	0.243581	0.312983	0.297312	0.312247	0.307512	0.311517	0.311085	0.307407	0.298756	0.295250	0.308759	0.305017	0.306081	0.298993	0.314401	0.308474	0.315335	0.316958	0.313047	0.309617	0.273845	0.311248	0.312348	0.308338	0.304173	0.306917	0.300389	0.297051	0.298933	0.318466	0.317483	0.306942	0.306531	0.313811	0.322212	0.306801	0.309877	0.303715	0.307971	0.296757	0.312330	0.309049	0.309122	0.310822	0.307972	0.303845	0.296426	0.315164	0.302130	0.307375	0.299985	0.306839	0.309413	0.314286	0.316686	0.307064	0.316068	0.311784	0.309373	0.312219	0.311392	0.303254	0.302185	0.296357	0.309212	0.306336	0.305348	0.307940	0.314007	0.312409	0.310091	0.315183	0.299946	0.310328	
0.293540	0.000000	0.294577	0.229243	0.249665	0.291433	0.301881	0.297506	0.297857	0.288114	0.283709	0.294551	0.227243	0.288398	0.286111	0.291493	0.228655	0.284720	0.291526	0.227299	0.243490	0.249928	0.248992	0.255860	0.295144	0.227291	0.244844	0.249049	0.229130	0.232097	0.295874	0.247509	0.290079	0.244257	0.289267	0.220493	0.249588	0.301682	0.298856	0.249189	0.284869	0.253017	0.253979	0.250762	0.248079	0.246732	0.247172	0.285726	0.249120	0.244746	0.284869	0.289782	0.260901	0.254522	0.251508	0.254638	0.248980	0.253882	0.290720	0.250160	0.249574	0.252962	0.251061	0.249502	0.255223	0.259338	0.250610	0.259894	0.254624	0.248218	0.252690	0.246748	0.255209	0.248772	0.253875	0.273078	0.247394	0.290053	0.248983	0.246859	0.249466	0.255477	0.252148	0.245594	0.253849	0.251361	0.290643	0.250200	0.293138	0.249252	0.252325	0.253868	0.253052	0.250699	0.250551	0.250372	0.249558	0.253970	0.250859	0.246457	0.250882	0.255054	0.250373	0.253200	0.250970	0.251844	0.254312	0.249197	0.249253	0.250000	0.242641	0.254089	
0.242357	0.294577	0.000000	0.295974	0.306232	0.246284	0.240431	0.240862	0.247254	0.242285	0.258907	0.245650	0.297344	0.239435	0.243679	0.232920	0.294683	0.240868	0.241330	0.286412	0.305677	0.307963	0.308960	0.308791	0.243689	0.294925	0.305237	0.301842	0.295650	0.295765	0.244891	0.302074	0.243059	0.300686	0.246164	0.297334	0.307328	0.248461	0.240790	0.310589	0.297485	0.309416	0.304786	0.313068	0.308855	0.304127	0.302880	0.294099	0.309214	0.305810	0.300963	0.292843	0.314259	0.310376	0.313697	0.310428	0.308901	0.308735	0.277407	0.309275	0.309998	0.305839	0.307893	0.311760	0.296011	0.290917	0.300576	0.321190	0.315846	0.304571	0.308853	0.308859	0.313123	0.308735	0.309081	0.307481	0.309651	0.297842	0.312909	0.309891	0.310712	0.315544	0.306192	0.304390	0.297450	0.306474	0.296794	0.306779	0.294898	0.311848	0.311874	0.310873	0.325968	0.312354	0.309732	0.309019	0.309375	0.314835	0.311792	0.302685	0.299740	0.290620	0.305664	0.307021	0.306965	0.303519	0.314042	0.311811	0.307792	0.309727	0.303485	0.306359	
0.296352	0.229243	0.295974	0.000000	0.246879	0.297153	0.295779	0.299621	0.295193	0.291771	0.285115	0.294173	0.228901	0.295050	0.291892	0.287852	0.228608	0.296032	0.294151	0.235387	0.249261	0.248145	0.251611	0.255735	0.294556	0.231813	0.253544	0.249479	0.226856	0.229385	0.294888	0.247365	0.291519	0.250747	0.294059	0.228678	0.244892	0.297344	0.294239	0.253421	0.288630	0.256237	0.250590	0.251016	0.253723	0.247518	0.244357	0.289413	0.250445	0.250175	0.290711	0.294494	0.254694	0.251121	0.255281	0.252622	0.249982	0.258555	0.294626	0.253628	0.249062	0.255438	0.255414	0.253596	0.250000	0.264545	0.248653	0.264199	0.257166	0.254467	0.252072	0.251375	0.260928	0.255873	0.254785	0.272443	0.251894	0.289037	0.255314	0.248511	0.253681	0.257584	0.250816	0.252024	0.274113	0.250287	0.295821	0.251382	0.290698	0.252586	0.248312	0.249816	0.263226	0.253499	0.250443	0.252780	0.250035	0.258534	0.253095	0.247904	0.254595	0.254498	0.248121	0.260111	0.257018	0.251882	0.261679	0.246986	0.257918	0.253182	0.245707	0.252703	
0.308956	0.249665	0.306232	0.246879	0.000000	0.309146	0.308557	0.310133	0.304830	0.301838	0.291305	0.298652	0.247026	0.301022	0.295171	0.299863	0.249381	0.301039	0.305820	0.246144	0.238109	0.233541	0.238595	0.235875	0.301810	0.248721	0.236444	0.233679	0.245082	0.245081	0.305704	0.232654	0.299424	0.237821	0.298896	0.246466	0.237671	0.312514	0.304895	0.238875	0.288939	0.243217	0.240820	0.238830	0.238457	0.237871	0.230183	0.283541	0.232146	0.233843	0.293801	0.289898	0.240330	0.238067	0.242944	0.238288	0.241065	0.239350	0.297174	0.237958	0.244373	0.241008	0.241988	0.246822	0.244396	0.254162	0.233081	0.245541	0.242122	0.239365	0.236837	0.245911	0.243320	0.239300	0.239918	0.273420	0.234438	0.288791	0.238066	0.242502	0.242623	0.241585	0.236444	0.229896	0.250389	0.234778	0.294256	0.236452	0.289097	0.238333	0.234781	0.237869	0.240596	0.244708	0.238698	0.242200	0.242462	0.239686	0.242679	0.232934	0.249473	0.253289	0.240907	0.240542	0.234609	0.233147	0.248501	0.234101	0.243638	0.241885	0.236532	0.240754	
0.242547	0.291433	0.246284	0.297153	0.309146	0.000000	0.245027	0.247071	0.253740	0.254174	0.264649	0.249269	0.292614	0.246600	0.239742	0.245228	0.294613	0.247865	0.241678	0.298526	0.297527	0.303331	0.304524	0.310494	0.247785	0.298750	0.306797	0.304708	0.298971	0.299423	0.252511	0.297712	0.247711	0.303111	0.243895	0.298311	0.307344	0.252297	0.248828	0.309127	0.294648	0.310578	0.307043	0.305170	0.309790	0.305617	0.302875	0.294303	0.313158	0.306061	0.299378	0.296511	0.308461	0.310345	0.304442	0.308372	0.312190	0.307127	0.270825	0.309764	0.310170	0.305672	0.301335	0.304334	0.311037	0.295004	0.297958	0.319757	0.315715	0.305992	0.305399	0.312535	0.314265	0.305456	0.305824	0.303336	0.307589	0.290284	0.308566	0.306176	0.311519	0.311184	0.306340	0.305648	0.282899	0.308963	0.297338	0.308342	0.291884	0.309952	0.305231	0.304831	0.312956	0.306385	0.306246	0.307490	0.311438	0.309488	0.307654	0.299464	0.309752	0.304061	0.306873	0.311627	0.307058	0.305041	0.313262	0.314943	0.308055	0.306981	0.301701	0.304403	
0.245708	0.301881	0.240431	0.295779	0.308557	0.245027	0.000000	0.242004	0.244327	0.245811	0.257479	0.236725	0.296347	0.244017	0.243223	0.235484	0.292802	0.242360	0.247516	0.302386	0.305680	0.307186	0.303282	0.316127	0.246488	0.302246	0.310614	0.303011	0.297567	0.300574	0.236611	0.302919	0.249325	0.303069	0.237310	0.303801	0.309068	0.248587	0.245208	0.310894	0.293681	0.313603	0.310780	0.315488	0.312405	0.308177	0.305158	0.292109	0.312450	0.306677	0.303799	0.297376	0.312490	0.312147	0.313907	0.311536	0.314819	0.311724	0.273152	0.308287	0.306754	0.307616	0.302533	0.303914	0.304037	0.298387	0.305020	0.312642	0.315348	0.306874	0.309639	0.313809	0.312232	0.310080	0.302006	0.308936	0.310689	0.295445	0.313288	0.310056	0.311578	0.320801	0.310438	0.304147	0.291681	0.314363	0.297190	0.311045	0.294843	0.314399	0.304946	0.319279	0.314878	0.310482	0.312224	0.307547	0.309947	0.315726	0.312102	0.302735	0.310737	0.303346	0.310964	0.311582	0.312843	0.308429	0.310279	0.310225	0.308448	0.312688	0.303164	0.306896	
0.246697	0.297506	0.240862	0.299621	0.310133	0.247071	0.242004	0.000000	0.246081	0.243671	0.260268	0.238109	0.299341	0.242746	0.244618	0.239066	0.296355	0.245802	0.245852	0.291359	0.301166	0.308571	0.310048	0.312820	0.249296	0.298167	0.309074	0.305633	0.301049	0.296623	0.251938	0.304901	0.244204	0.306415	0.239904	0.301956	0.302960	0.245406	0.245730	0.312149	0.297331	0.313506	0.309886	0.310270	0.310236	0.305892	0.303984	0.298398	0.313220	0.307120	0.297890	0.298042	0.312491	0.311252	0.317004	0.314098	0.310470	0.313134	0.282480	0.310558	0.312824	0.310123	0.307044	0.310428	0.306072	0.300954	0.304903	0.319600	0.316102	0.307580	0.309422	0.314336	0.316155	0.307681	0.310259	0.309188	0.310470	0.293839	0.315205	0.314889	0.312095	0.313236	0.311512	0.305501	0.300573	0.314780	0.302976	0.306640	0.300389	0.314531	0.308630	0.316272	0.318699	0.309788	0.311989	0.310624	0.315353	0.317038	0.310008	0.309601	0.300310	0.297358	0.310340	0.314551	0.304147	0.303761	0.314158	0.314266	0.310756	0.310852	0.305504	0.305067	
0.249479	0.297857	0.247254	0.295193	0.304830	0.253740	0.244327	0.246081	0.000000	0.244631	0.257276	0.237140	0.301349	0.249299	0.236147	0.244206	0.297017	0.243018	0.246753	0.295382	0.303143	0.309595	0.308511	0.305979	0.243205	0.293063	0.307639	0.304033	0.298650	0.298760	0.245585	0.299597	0.248784	0.303277	0.243363	0.297042	0.305903	0.246615	0.245707	0.312239	0.297373	0.311514	0.310873	0.310602	0.308435	0.302906	0.302979	0.291286	0.308087	0.306125	0.297786	0.295016	0.313367	0.313758	0.315291	0.307556	0.315206	0.308595	0.274490	0.307725	0.313174	0.312213	0.305192	0.307191	0.293304	0.284982	0.301226	0.315172	0.319358	0.307194	0.309986	0.311495	0.312317	0.307687	0.310769	0.313116	0.303796	0.296861	0.310573	0.312164	0.312848	0.316005	0.306676	0.308525	0.275710	0.303826	0.297452	0.305782	0.298160	0.309473	0.309714	0.318936	0.313249	0.313584	0.312403	0.310664	0.315008	0.314864	0.309410	0.307029	0.300199	0.287726	0.308365	0.308271	0.302535	0.306552	0.320091	0.309002	0.310844	0.313197	0.299954	0.314020	
0.241417	0.288114	0.242285	0.291771	0.301838	0.254174	0.245811	0.243671	0.244631	0.000000	0.258165	0.243457	0.294169	0.242462	0.239424	0.237647	0.289004	0.241743	0.246277	0.291688	0.300029	0.302065	0.304679	0.300312	0.246481	0.292206	0.301688	0.303696	0.293122	0.297502	0.239815	0.303251	0.250452	0.305657	0.238354	0.293602	0.300932	0.244920	0.243568	0.311345	0.290732	0.309356	0.306793	0.309213	0.308177	0.304950	0.301656	0.288191	0.309858	0.301349	0.298606	0.295369	0.307731	0.307075	0.312119	0.312330	0.311254	0.314253	0.271318	0.311148	0.308126	0.308804	0.303679	0.306472	0.294298	0.290309	0.299124	0.314822	0.319629	0.305764	0.308344	0.315443	0.312924	0.304376	0.312458	0.299948	0.306682	0.288316	0.310262	0.311172	0.311362	0.313541	0.304683	0.304226	0.299715	0.307368	0.298828	0.297337	0.296459	0.308163	0.306268	0.313571	0.314916	0.312056	0.309479	0.309456	0.306221	0.308128	0.306487	0.300977	0.299102	0.296868	0.305795	0.307692	0.306460	0.304048	0.311279	0.311725	0.313107	0.309792	0.296115	0.312229	
0.259121	0.283709	0.258907	0.285115	0.291305	0.264649	0.257479	0.260268	0.257276	0.258165	0.000000	0.250162	0.283550	0.263287	0.248610	0.255449	0.265306	0.256872	0.256017	0.282051	0.290301	0.289655	0.297679	0.282760	0.258027	0.279656	0.291185	0.290498	0.279549	0.283005	0.251357	0.292269	0.256111	0.294528	0.249707	0.288541	0.293710	0.263399	0.257497	0.303407	0.289385	0.303520	0.297760	0.295670	0.298986	0.293346	0.292458	0.282574	0.279105	0.290960	0.295761	0.291237	0.300393	0.293105	0.294545	0.292973	0.297263	0.301567	0.275273	0.292881	0.290034	0.298865	0.292850	0.296164	0.272439	0.289057	0.284478	0.306268	0.303278	0.299043	0.300160	0.296789	0.298721	0.294983	0.300481	0.298469	0.298467	0.287091	0.295651	0.293553	0.298100	0.305478	0.280067	0.288228	0.296853	0.283575	0.297569	0.281229	0.291966	0.291954	0.296893	0.301817	0.301213	0.296208	0.292579	0.294315	0.299192	0.307143	0.298085	0.294809	0.281313	0.272503	0.295968	0.283527	0.296041	0.295350	0.308072	0.304271	0.298318	0.300471	0.289134	0.301680	
0.245712	0.294551	0.245650	0.294173	0.298652	0.249269	0.236725	0.238109	0.237140	0.243457	0.250162	0.000000	0.290452	0.243065	0.238341	0.239088	0.290568	0.244797	0.238106	0.290928	0.298786	0.301774	0.301596	0.301773	0.242568	0.293456	0.302034	0.303185	0.296702	0.294173	0.241526	0.302482	0.241404	0.304393	0.241854	0.291918	0.304948	0.246421	0.246858	0.309107	0.297663	0.313307	0.305664	0.305355	0.306381	0.300135	0.298823	0.293997	0.305408	0.298715	0.302394	0.301003	0.308938	0.305519	0.306519	0.302986	0.308266	0.308423	0.271041	0.309187	0.308509	0.306452	0.304039	0.305390	0.298528	0.285057	0.298571	0.320106	0.314909	0.307517	0.308284	0.311729	0.305212	0.305315	0.310578	0.310743	0.309648	0.297486	0.304259	0.309862	0.307356	0.313153	0.304045	0.301697	0.295652	0.304374	0.301741	0.300669	0.293154	0.306780	0.306238	0.308678	0.320180	0.307384	0.310512	0.306642	0.310340	0.311555	0.312112	0.301074	0.301077	0.291415	0.304506	0.301571	0.300493	0.304852	0.311045	0.306722	0.305831	0.309179	0.300291	0.310403	
0.296446	0.227243	0.297344	0.228901	0.247026	0.292614	0.296347	0.299341	0.301349	0.294169	0.283550	0.290452	0.000000	0.292690	0.291746	0.289429	0.226507	0.289126	0.295315	0.230177	0.243813	0.246541	0.250445	0.255471	0.294075	0.228590	0.246234	0.249410	0.228782	0.236833	0.300490	0.247905	0.290709	0.243822	0.292262	0.230193	0.246849	0.303649	0.295699	0.251243	0.286268	0.255118	0.248073	0.251237	0.248341	0.251286	0.245122	0.288727	0.254674	0.249300	0.283641	0.295934	0.260532	0.253166	0.253331	0.256066	0.259157	0.254922	0.297320	0.256612	0.245845	0.243970	0.252547	0.252135	0.247664	0.263352	0.246965	0.255493	0.259191	0.251644	0.252731	0.249344	0.255298	0.258486	0.248262	0.277372	0.247722	0.286923	0.247298	0.253424	0.253738	0.250918	0.253804	0.245890	0.259532	0.252741	0.291424	0.252440	0.290699	0.247687	0.251520	0.255370	0.258386	0.247695	0.251900	0.254583	0.256160	0.255584	0.252684	0.248879	0.247040	0.257390	0.249116	0.258204	0.249831	0.249645	0.259132	0.249807	0.253819	0.251259	0.245958	0.253789	
0.244319	0.288398	0.239435	0.295050	0.301022	0.246600	0.244017	0.242746	0.249299	0.242462	0.263287	0.243065	0.292690	0.000000	0.242158	0.244844	0.292330	0.238951	0.239614	0.287372	0.294538	0.299305	0.307401	0.304688	0.246421	0.293167	0.301303	0.305457	0.297991	0.293844	0.250073	0.302065	0.248716	0.304281	0.246479	0.294622	0.297452	0.252033	0.245220	0.308085	0.296081	0.309059	0.303234	0.303783	0.305883	0.303796	0.299657	0.297699	0.304820	0.304494	0.300952	0.298218	0.310347	0.306151	0.305842	0.306827	0.308110	0.310654	0.277634	0.305103	0.306793	0.303523	0.299728	0.309452	0.297185	0.293316	0.299456	0.315183	0.309526	0.304012	0.305755	0.307198	0.307742	0.304861	0.307869	0.306018	0.302174	0.293853	0.310522	0.311263	0.304758	0.307482	0.298878	0.302154	0.286940	0.306689	0.300143	0.305875	0.298826	0.309743	0.304182	0.309054	0.313543	0.306851	0.305012	0.304538	0.305603	0.308792	0.306590	0.298106	0.302625	0.296235	0.306724	0.308151	0.298802	0.300888	0.313542	0.308325	0.307171	0.305864	0.297440	0.303057	
0.245253	0.286111	0.243679	0.291892	0.295171	0.239742	0.243223	0.244618	0.236147	0.239424	0.248610	0.238341	0.291746	0.242158	0.000000	0.229526	0.289648	0.246775	0.240794	0.284357	0.301334	0.304209	0.307194	0.299610	0.240824	0.289417	0.298846	0.296754	0.291298	0.290081	0.239960	0.296209	0.243625	0.294258	0.245966	0.298345	0.300733	0.245822	0.238485	0.307530	0.291263	0.302261	0.299061	0.304655	0.303690	0.291505	0.299083	0.283276	0.307408	0.300856	0.300115	0.290428	0.303915	0.301823	0.304470	0.308057	0.301753	0.301844	0.270475	0.303138	0.297510	0.303927	0.300484	0.301225	0.294423	0.294388	0.289602	0.307094	0.312626	0.300370	0.297467	0.304763	0.308421	0.300894	0.299693	0.301344	0.291141	0.291639	0.301248	0.307007	0.308319	0.305916	0.298524	0.295019	0.284864	0.303677	0.300665	0.293155	0.287678	0.303097	0.302603	0.306235	0.305156	0.301776	0.300223	0.297801	0.301466	0.304913	0.302367	0.300313	0.300310	0.293742	0.304378	0.304332	0.303865	0.298989	0.306512	0.302125	0.310659	0.303923	0.293154	0.304509	
0.242389	0.291493	0.232920	0.287852	0.299863	0.245228	0.235484	0.239066	0.244206	0.237647	0.255449	0.239088	0.289429	0.244844	0.229526	0.000000	0.288560	0.239990	0.238776	0.283318	0.290342	0.302109	0.305620	0.301734	0.243586	0.294388	0.297995	0.295047	0.296296	0.291261	0.240911	0.297141	0.245894	0.299514	0.238256	0.293698	0.299839	0.243793	0.237185	0.305320	0.292475	0.304027	0.299519	0.305184	0.307536	0.298330	0.295870	0.291072	0.302334	0.299196	0.296732	0.294065	0.308109	0.301548	0.309310	0.305963	0.308786	0.303101	0.272338	0.307860	0.303968	0.303916	0.300266	0.302127	0.292109	0.289596	0.300228	0.316288	0.307692	0.299322	0.308347	0.306285	0.308160	0.306015	0.303001	0.299684	0.296610	0.291839	0.302697	0.303687	0.305545	0.305960	0.299684	0.299166	0.282127	0.300369	0.296409	0.301395	0.294785	0.303196	0.302247	0.309682	0.310057	0.303209	0.300309	0.303743	0.304115	0.306771	0.305674	0.302426	0.303729	0.296381	0.299920	0.302497	0.299451	0.301033	0.306273	0.303708	0.303458	0.303845	0.297644	0.297835	
0.293641	0.228655	0.294683	0.228608	0.249381	0.294613	0.292802	0.296355	0.297017	0.289004	0.265306	0.290568	0.226507	0.292330	0.289648	0.288560	0.000000	0.281803	0.288247	0.227584	0.243678	0.250072	0.247728	0.256016	0.296576	0.232543	0.244282	0.242266	0.229608	0.224118	0.297713	0.247789	0.288686	0.248883	0.289176	0.228285	0.245775	0.301403	0.292519	0.255284	0.282863	0.253498	0.249837	0.255941	0.255550	0.248107	0.247238	0.288432	0.249525	0.250213	0.285952	0.286413	0.256080	0.252976	0.253092	0.250762	0.253598	0.256067	0.298602	0.253623	0.248063	0.246109	0.246360	0.254459	0.246118	0.254183	0.245515	0.263870	0.253303	0.255620	0.250574	0.251942	0.258044	0.253227	0.245526	0.268648	0.244240	0.287148	0.245605	0.246500	0.249608	0.255615	0.255807	0.254108	0.271105	0.248515	0.288617	0.251823	0.288224	0.251462	0.247081	0.252924	0.256635	0.247466	0.250837	0.253349	0.253817	0.253975	0.250483	0.251597	0.251996	0.251380	0.249680	0.261822	0.250067	0.251322	0.256607	0.249428	0.255108	0.249604	0.244827	0.247419	
0.245874	0.284720	0.240868	0.296032	0.301039	0.247865	0.242360	0.245802	0.243018	0.241743	0.256872	0.244797	0.289126	0.238951	0.246775	0.239990	0.281803	0.000000	0.240239	0.282553	0.291894	0.306837	0.303842	0.302013	0.249843	0.291877	0.300321	0.301252	0.293705	0.290764	0.246767	0.296202	0.246467	0.296366	0.242782	0.288806	0.294021	0.248107	0.249508	0.306726	0.292164	0.305321	0.300159	0.303661	0.305556	0.300517	0.300357	0.289748	0.306729	0.297213	0.295089	0.299776	0.306601	0.306560	0.305790	0.303949	0.305634	0.305697	0.279593	0.306577	0.303963	0.303424	0.302194	0.301819	0.297054	0.289759	0.292731	0.311452	0.313921	0.302707	0.306604	0.306217	0.306973	0.303231	0.303452	0.301689	0.306318	0.289014	0.304402	0.303643	0.309354	0.308849	0.304249	0.306473	0.294036	0.307104	0.293536	0.303095	0.292935	0.307307	0.300775	0.307061	0.304605	0.302849	0.304517	0.302376	0.304496	0.306860	0.305285	0.301615	0.296625	0.292215	0.303314	0.306731	0.300189	0.303648	0.307382	0.305094	0.303196	0.304437	0.297554	0.304176	
0.245981	0.291526	0.241330	0.294151	0.305820	0.241678	0.247516	0.245852	0.246753	0.246277	0.256017	0.238106	0.295315	0.239614	0.240794	0.238776	0.288247	0.240239	0.000000	0.284517	0.303255	0.306014	0.310683	0.305491	0.245333	0.297636	0.304406	0.303873	0.297625	0.297936	0.242229	0.301288	0.243315	0.302528	0.244687	0.295816	0.304323	0.245117	0.244820	0.311502	0.292788	0.307239	0.306414	0.311479	0.308141	0.304740	0.306048	0.293637	0.309530	0.306602	0.290806	0.294903	0.313381	0.310442	0.307231	0.312072	0.311942	0.312851	0.274542	0.310251	0.305868	0.309300	0.304200	0.310340	0.301539	0.295220	0.299097	0.314393	0.314264	0.307039	0.309503	0.313890	0.312013	0.310065	0.307217	0.303875	0.306184	0.293101	0.312979	0.311505	0.310073	0.314806	0.306679	0.303382	0.291031	0.304747	0.297447	0.309769	0.290359	0.313029	0.307377	0.309046	0.304021	0.309301	0.310903	0.307769	0.310988	0.311641	0.310897	0.304606	0.294872	0.294179	0.309280	0.304885	0.304931	0.303626	0.316104	0.311347	0.311062	0.313107	0.298916	0.306372	
0.291236	0.227299	0.286412	0.235387	0.246144	0.298526	0.302386	0.291359	0.295382	0.291688	0.282051	0.290928	0.230177	0.287372	0.284357	0.283318	0.227584	0.282553	0.284517	0.000000	0.243211	0.247878	0.254808	0.261379	0.296875	0.231248	0.249632	0.253652	0.229916	0.229715	0.294277	0.254811	0.292570	0.253043	0.291233	0.230051	0.249559	0.297118	0.290440	0.258185	0.288362	0.256704	0.255566	0.256510	0.253529	0.253205	0.250809	0.285823	0.255926	0.254384	0.288289	0.288051	0.262298	0.258016	0.255875	0.259358	0.251674	0.259213	0.292466	0.251435	0.249753	0.254594	0.252594	0.254376	0.251102	0.252479	0.252691	0.262775	0.254271	0.254343	0.258360	0.253417	0.255273	0.254383	0.256396	0.274563	0.253120	0.282316	0.257173	0.254454	0.252416	0.254218	0.253004	0.250844	0.268519	0.255529	0.288869	0.252883	0.286546	0.249833	0.247204	0.258423	0.254854	0.251059	0.251969	0.250747	0.254889	0.260718	0.255664	0.252201	0.253737	0.262263	0.251104	0.254581	0.245603	0.248598	0.250036	0.258121	0.255397	0.256975	0.253220	0.257767	
0.297574	0.243490	0.305677	0.249261	0.238109	0.297527	0.305680	0.301166	0.303143	0.300029	0.290301	0.298786	0.243813	0.294538	0.301334	0.290342	0.243678	0.291894	0.303255	0.243211	0.000000	0.234625	0.235670	0.238446	0.299252	0.247807	0.232109	0.234686	0.247297	0.241215	0.304405	0.233489	0.297587	0.226566	0.295148	0.243980	0.233026	0.302802	0.305735	0.239691	0.285942	0.237104	0.235906	0.238376	0.240972	0.233358	0.235680	0.290333	0.237068	0.236029	0.292662	0.289556	0.237429	0.237470	0.236195	0.240662	0.236664	0.233830	0.302877	0.237078	0.236105	0.238232	0.236053	0.239978	0.235443	0.250219	0.236344	0.237847	0.244579	0.239547	0.239143	0.246294	0.240131	0.236315	0.237462	0.260691	0.234891	0.285112	0.237713	0.239540	0.241108	0.238947	0.239484	0.236547	0.263022	0.233621	0.291340	0.237351	0.289635	0.238988	0.237170	0.239719	0.247601	0.237247	0.235874	0.236008	0.238881	0.244630	0.237518	0.233939	0.238282	0.249885	0.234291	0.242303	0.235262	0.234754	0.242001	0.237281	0.238001	0.240028	0.233892	0.242325	
0.303385	0.249928	0.307963	0.248145	0.233541	0.303331	0.307186	0.308571	0.309595	0.302065	0.289655	0.301774	0.246541	0.299305	0.304209	0.302109	0.250072	0.306837	0.306014	0.247878	0.234625	0.000000	0.238632	0.244105	0.304626	0.252873	0.229659	0.239766	0.245936	0.245141	0.304489	0.235336	0.302461	0.238267	0.301805	0.246422	0.234924	0.308715	0.309577	0.239414	0.292704	0.242931	0.240753	0.239899	0.244131	0.237574	0.234199	0.287278	0.232755	0.227611	0.294863	0.296015	0.244656	0.243906	0.244127	0.243714	0.241643	0.237185	0.306129	0.241742	0.240698	0.237845	0.240056	0.237209	0.239442	0.253305	0.233821	0.250031	0.244296	0.243214	0.240083	0.245452	0.247438	0.239581	0.245779	0.265890	0.234511	0.291039	0.238318	0.236245	0.243953	0.246725	0.235903	0.236143	0.250394	0.236490	0.294723	0.236061	0.290351	0.234623	0.231555	0.234623	0.247426	0.236099	0.242012	0.245590	0.241869	0.247076	0.239908	0.235888	0.239738	0.248814	0.239806	0.242822	0.235934	0.238499	0.244358	0.235538	0.241134	0.238490	0.240571	0.252326	
0.304448	0.248992	0.308960	0.251611	0.238595	0.304524	0.303282	0.310048	0.308511	0.304679	0.297679	0.301596	0.250445	0.307401	0.307194	0.305620	0.247728	0.303842	0.310683	0.254808	0.235670	0.238632	0.000000	0.245198	0.302905	0.255412	0.239194	0.237222	0.245386	0.243591	0.311755	0.235831	0.300811	0.241946	0.300385	0.251239	0.239188	0.309384	0.305543	0.243529	0.293441	0.248355	0.244645	0.243288	0.242604	0.238475	0.232209	0.294283	0.239611	0.235772	0.297733	0.293501	0.244614	0.247248	0.246503	0.246678	0.240906	0.239416	0.307334	0.241681	0.240048	0.241893	0.239427	0.236046	0.244336	0.265084	0.233321	0.250593	0.250402	0.240883	0.242667	0.246541	0.244917	0.243391	0.241801	0.267352	0.241480	0.294194	0.235437	0.243811	0.240272	0.246360	0.242278	0.243358	0.274886	0.250224	0.298285	0.249383	0.292189	0.240757	0.241244	0.245412	0.237004	0.236126	0.240493	0.246078	0.244820	0.246815	0.240038	0.232413	0.243688	0.252265	0.240432	0.238778	0.239615	0.239708	0.243368	0.242445	0.239768	0.239556	0.237875	0.243697	
0.308921	0.255860	0.308791	0.255735	0.235875	0.310494	0.316127	0.312820	0.305979	0.300312	0.282760	0.301773	0.255471	0.304688	0.299610	0.301734	0.256016	0.302013	0.305491	0.261379	0.238446	0.244105	0.245198	0.000000	0.308805	0.242570	0.236083	0.232795	0.249363	0.249278	0.302302	0.242071	0.299414	0.245866	0.302376	0.253198	0.245703	0.308448	0.307785	0.244491	0.295031	0.246381	0.245856	0.246719	0.246327	0.230495	0.239447	0.280567	0.215079	0.232903	0.298148	0.297809	0.247260	0.248141	0.243290	0.248029	0.245213	0.247642	0.301891	0.247767	0.245423	0.252930	0.240133	0.243103	0.216502	0.244444	0.237379	0.254102	0.242722	0.243816	0.249012	0.244302	0.252707	0.242732	0.249333	0.273009	0.251940	0.296172	0.245404	0.253316	0.251005	0.250056	0.219937	0.225135	0.258394	0.214991	0.301079	0.221844	0.292135	0.248398	0.243957	0.248217	0.257218	0.244247	0.242747	0.248092	0.245363	0.256126	0.244893	0.242676	0.223231	0.235471	0.249106	0.219807	0.255043	0.244695	0.255088	0.250846	0.245597	0.248596	0.242171	0.249578	
0.254047	0.295144	0.243689	0.294556	0.301810	0.247785	0.246488	0.249296	0.243205	0.246481	0.258027	0.242568	0.294075	0.246421	0.240824	0.243586	0.296576	0.249843	0.245333	0.296875	0.299252	0.304626	0.302905	0.308805	0.000000	0.295989	0.302228	0.299299	0.292053	0.299059	0.240502	0.297748	0.249120	0.301151	0.242988	0.296450	0.299748	0.246622	0.242771	0.309665	0.293956	0.311073	0.303308	0.309365	0.305890	0.298651	0.297960	0.296006	0.302063	0.303380	0.294445	0.303447	0.308035	0.308816	0.310293	0.309817	0.308401	0.312199	0.281521	0.307204	0.306768	0.307601	0.302045	0.305978	0.302175	0.300753	0.298015	0.318329	0.313791	0.303702	0.305088	0.311843	0.310750	0.305792	0.309320	0.304787	0.304478	0.297531	0.315008	0.308153	0.311102	0.317854	0.303896	0.305797	0.291429	0.307565	0.304624	0.298264	0.296120	0.311524	0.300147	0.313593	0.316163	0.307363	0.308885	0.311219	0.307736	0.310266	0.308617	0.305219	0.295185	0.296291	0.307505	0.307938	0.301733	0.307055	0.314008	0.312479	0.306555	0.308485	0.302624	0.308830	
0.298512	0.227291	0.294925	0.231813	0.248721	0.298750	0.302246	0.298167	0.293063	0.292206	0.279656	0.293456	0.228590	0.293167	0.289417	0.294388	0.232543	0.291877	0.297636	0.231248	0.247807	0.252873	0.255412	0.242570	0.295989	0.000000	0.250785	0.247871	0.220319	0.223469	0.291670	0.249514	0.288419	0.249227	0.291988	0.232049	0.251083	0.299068	0.295997	0.252421	0.290253	0.258645	0.255416	0.260108	0.250734	0.240943	0.245017	0.268889	0.238108	0.249263	0.294821	0.291944	0.265435	0.257095	0.254407	0.254905	0.259953	0.261027	0.299544	0.258395	0.252959	0.259371	0.249018	0.259752	0.244670	0.254717	0.247630	0.269402	0.261440	0.252637	0.257932	0.254943	0.257411	0.257167	0.261608	0.276588	0.257233	0.290442	0.255757	0.254973	0.253764	0.263266	0.238597	0.235332	0.257374	0.239725	0.296022	0.236849	0.289575	0.248902	0.254558	0.251155	0.268062	0.253074	0.254950	0.251579	0.256063	0.266264	0.256596	0.249441	0.241417	0.246379	0.252932	0.240835	0.253561	0.253548	0.263574	0.258856	0.257135	0.256915	0.246214	0.260133	
0.305824	0.244844	0.305237	0.253544	0.236444	0.306797	0.310614	0.309074	0.307639	0.301688	0.291185	0.302034	0.246234	0.301303	0.298846	0.297995	0.244282	0.300321	0.304406	0.249632	0.232109	0.229659	0.239194	0.236083	0.302228	0.250785	0.000000	0.231872	0.248568	0.245387	0.307563	0.236059	0.295977	0.235793	0.301293	0.249913	0.237066	0.307621	0.306208	0.240497	0.288732	0.240434	0.242089	0.241277	0.237459	0.238381	0.231952	0.279496	0.229975	0.228987	0.295289	0.291673	0.238470	0.241262	0.239118	0.242842	0.238985	0.239328	0.305164	0.238445	0.235894	0.242359	0.236940	0.241269	0.235709	0.257617	0.232942	0.248045	0.242688	0.240489	0.241560	0.246597	0.242606	0.239417	0.235392	0.265748	0.238157	0.289582	0.238077	0.243213	0.241262	0.243593	0.232133	0.230302	0.266667	0.229900	0.294995	0.230159	0.289179	0.238700	0.239293	0.242604	0.242351	0.241895	0.238849	0.241203	0.243148	0.239299	0.237637	0.236693	0.240771	0.244419	0.238310	0.240990	0.235871	0.239688	0.243539	0.243375	0.243507	0.238343	0.234038	0.245654	
0.303352	0.249049	0.301842	0.249479	0.233679	0.304708	0.303011	0.305633	0.304033	0.303696	0.290498	0.303185	0.249410	0.305457	0.296754	0.295047	0.242266	0.301252	0.303873	0.253652	0.234686	0.239766	0.237222	0.232795	0.299299	0.247871	0.231872	0.000000	0.244268	0.246422	0.299446	0.236465	0.300545	0.238851	0.300916	0.247967	0.232319	0.309363	0.305544	0.243556	0.287513	0.244182	0.239245	0.240306	0.240974	0.232951	0.234524	0.286381	0.232838	0.235360	0.294739	0.291191	0.240025	0.240128	0.238799	0.246025	0.235663	0.237411	0.304167	0.239899	0.240690	0.242628	0.236575	0.237984	0.236694	0.261297	0.230840	0.249422	0.244012	0.238102	0.242279	0.242558	0.242315	0.241447	0.239929	0.268802	0.238033	0.291941	0.239658	0.237129	0.240626	0.242838	0.228652	0.229883	0.267201	0.237823	0.295000	0.238683	0.294813	0.235525	0.241854	0.241766	0.254103	0.240154	0.242965	0.243012	0.236133	0.239746	0.241943	0.233994	0.240078	0.250472	0.238572	0.237642	0.242360	0.240728	0.241500	0.233386	0.246441	0.237438	0.233810	0.241294	
0.303471	0.229130	0.295650	0.226856	0.245082	0.298971	0.297567	0.301049	0.298650	0.293122	0.279549	0.296702	0.228782	0.297991	0.291298	0.296296	0.229608	0.293705	0.297625	0.229916	0.247297	0.245936	0.245386	0.249363	0.292053	0.220319	0.248568	0.244268	0.000000	0.224817	0.295996	0.245698	0.290678	0.251335	0.295759	0.231964	0.247767	0.299590	0.302054	0.252542	0.293922	0.257106	0.249412	0.250929	0.248609	0.240132	0.246965	0.283630	0.241812	0.246383	0.298420	0.294780	0.260832	0.253439	0.255634	0.249946	0.253016	0.251071	0.301966	0.253223	0.249684	0.255295	0.251235	0.254772	0.249251	0.251272	0.242757	0.262764	0.258683	0.251134	0.255880	0.254087	0.255594	0.254790	0.257602	0.282205	0.253815	0.292267	0.251133	0.250947	0.250887	0.254664	0.239808	0.235711	0.278967	0.242459	0.295456	0.242627	0.294383	0.250398	0.251171	0.245726	0.251318	0.247642	0.248630	0.253793	0.255075	0.257118	0.250599	0.249964	0.244633	0.250843	0.256912	0.252791	0.250750	0.253408	0.260707	0.252154	0.254287	0.255244	0.246189	0.259886	
0.298014	0.232097	0.295765	0.229385	0.245081	0.299423	0.300574	0.296623	0.298760	0.297502	0.283005	0.294173	0.236833	0.293844	0.290081	0.291261	0.224118	0.290764	0.297936	0.229715	0.241215	0.245141	0.243591	0.249278	0.299059	0.223469	0.245387	0.246422	0.224817	0.000000	0.298957	0.247514	0.293551	0.248073	0.292965	0.229127	0.246062	0.301027	0.303134	0.255831	0.291013	0.249611	0.249390	0.249736	0.254565	0.242365	0.242771	0.284997	0.252635	0.245017	0.289753	0.288585	0.253456	0.250356	0.251370	0.251176	0.251225	0.253086	0.300156	0.246515	0.249712	0.246436	0.247849	0.255588	0.251495	0.258551	0.243413	0.258978	0.259329	0.248768	0.253931	0.258017	0.250408	0.250141	0.250070	0.274255	0.245810	0.285117	0.246170	0.251691	0.252757	0.254502	0.244050	0.240197	0.271613	0.242357	0.294013	0.247680	0.287025	0.250654	0.250362	0.251319	0.259861	0.245817	0.254248	0.252826	0.250350	0.260210	0.245902	0.243027	0.245827	0.247863	0.246492	0.249663	0.243434	0.247421	0.263079	0.249224	0.247960	0.251047	0.246589	0.252073	
0.245646	0.295874	0.244891	0.294888	0.305704	0.252511	0.236611	0.251938	0.245585	0.239815	0.251357	0.241526	0.300490	0.250073	0.239960	0.240911	0.297713	0.246767	0.242229	0.294277	0.304405	0.304489	0.311755	0.302302	0.240502	0.291670	0.307563	0.299446	0.295996	0.298957	0.000000	0.302957	0.245233	0.304070	0.240006	0.301170	0.310170	0.245290	0.237765	0.314924	0.298202	0.311455	0.309522	0.316679	0.309513	0.303705	0.304649	0.291094	0.307657	0.307665	0.300205	0.298591	0.316378	0.307200	0.313369	0.312116	0.315805	0.314589	0.271915	0.309792	0.315356	0.312304	0.307012	0.313917	0.298725	0.291766	0.301448	0.317293	0.315767	0.310828	0.313876	0.312530	0.312455	0.309721	0.315946	0.307606	0.312293	0.300369	0.316619	0.310435	0.317198	0.319409	0.303167	0.302188	0.291228	0.307377	0.300774	0.301160	0.297487	0.313438	0.313266	0.318876	0.326281	0.313784	0.311481	0.311536	0.313703	0.320841	0.313976	0.307148	0.302404	0.286781	0.309794	0.306585	0.311159	0.308789	0.310904	0.315956	0.313488	0.312343	0.305599	0.308870	
0.306769	0.247509	0.302074	0.247365	0.232654	0.297712	0.302919	0.304901	0.299597	0.303251	0.292269	0.302482	0.247905	0.302065	0.296209	0.297141	0.247789	0.296202	0.301288	0.254811	0.233489	0.235336	0.235831	0.242071	0.297748	0.249514	0.236059	0.236465	0.245698	0.247514	0.302957	0.000000	0.295151	0.232935	0.296515	0.245644	0.233503	0.304859	0.303117	0.239709	0.283336	0.242155	0.237700	0.238457	0.239055	0.235102	0.231458	0.292365	0.228209	0.235315	0.291062	0.292417	0.238613	0.244189	0.238760	0.238841	0.237095	0.241196	0.307385	0.237230	0.239127	0.239944	0.243583	0.236523	0.239092	0.256529	0.235732	0.249665	0.237076	0.237882	0.242774	0.244515	0.240453	0.236738	0.234658	0.260037	0.238874	0.286849	0.236219	0.236896	0.239149	0.237986	0.235307	0.239326	0.259502	0.236459	0.291067	0.238705	0.288798	0.240332	0.233093	0.239462	0.244272	0.234602	0.234740	0.240034	0.236945	0.242915	0.236937	0.236256	0.234505	0.249487	0.240076	0.242213	0.243096	0.236043	0.247164	0.241720	0.240791	0.238432	0.234212	0.244108	
0.249168	0.290079	0.243059	0.291519	0.299424	0.247711	0.249325	0.244204	0.248784	0.250452	0.256111	0.241404	0.290709	0.248716	0.243625	0.245894	0.288686	0.246467	0.243315	0.292570	0.297587	0.302461	0.300811	0.299414	0.249120	0.288419	0.295977	0.300545	0.290678	0.293551	0.245233	0.295151	0.000000	0.297951	0.244355	0.292198	0.299799	0.249394	0.243860	0.306989	0.288880	0.300941	0.303114	0.308766	0.304558	0.300716	0.300463	0.286740	0.306778	0.297757	0.291636	0.295082	0.305496	0.300609	0.307676	0.303902	0.303766	0.305228	0.274667	0.303437	0.304511	0.303446	0.298417	0.304063	0.293744	0.292888	0.294580	0.308372	0.310669	0.302267	0.301674	0.302568	0.302688	0.301404	0.301087	0.298054	0.305410	0.289129	0.303157	0.305658	0.304104	0.307302	0.302704	0.303255	0.283312	0.303122	0.291704	0.300451	0.292320	0.303163	0.305270	0.305949	0.311052	0.300459	0.307446	0.301696	0.305034	0.309183	0.301837	0.299718	0.291962	0.293889	0.300329	0.303550	0.303629	0.302900	0.310600	0.308284	0.305883	0.307657	0.294345	0.304156	
0.302818	0.244257	0.300686	0.250747	0.237821	0.303111	0.303069	0.306415	0.303277	0.305657	0.294528	0.304393	0.243822	0.304281	0.294258	0.299514	0.248883	0.296366	0.302528	0.253043	0.226566	0.238267	0.241946	0.245866	0.301151	0.249227	0.235793	0.238851	0.251335	0.248073	0.304070	0.232935	0.297951	0.000000	0.294118	0.246488	0.232830	0.305365	0.303859	0.240279	0.291182	0.237267	0.238828	0.241406	0.245289	0.239680	0.236035	0.294628	0.238432	0.233295	0.289866	0.293966	0.239387	0.247846	0.236498	0.247381	0.241635	0.238054	0.301273	0.239242	0.241519	0.234240	0.241945	0.234038	0.241398	0.254215	0.231246	0.246330	0.243886	0.240957	0.246064	0.245732	0.242741	0.241137	0.235862	0.269645	0.240082	0.291757	0.242866	0.237937	0.240723	0.244715	0.238916	0.236623	0.262484	0.241491	0.297309	0.244050	0.293231	0.243272	0.241278	0.246948	0.240058	0.236056	0.236900	0.241015	0.241448	0.246934	0.240557	0.238294	0.245093	0.254214	0.244791	0.241862	0.241026	0.235326	0.242933	0.238132	0.241256	0.243366	0.233061	0.242527	
0.243696	0.289267	0.246164	0.294059	0.298896	0.243895	0.237310	0.239904	0.243363	0.238354	0.249707	0.241854	0.292262	0.246479	0.245966	0.238256	0.289176	0.242782	0.244687	0.291233	0.295148	0.301805	0.300385	0.302376	0.242988	0.291988	0.301293	0.300916	0.295759	0.292965	0.240006	0.296515	0.244355	0.294118	0.000000	0.289602	0.300606	0.243060	0.239250	0.307362	0.293250	0.302982	0.304367	0.302411	0.308023	0.299496	0.298130	0.292904	0.305861	0.299150	0.295061	0.295899	0.310539	0.307346	0.307804	0.304264	0.306287	0.310940	0.273452	0.304849	0.304834	0.304449	0.302866	0.302740	0.297967	0.291667	0.298046	0.312399	0.310287	0.300102	0.308872	0.303383	0.308037	0.307996	0.304223	0.311927	0.308988	0.292138	0.307156	0.304162	0.307963	0.306333	0.302786	0.302513	0.289038	0.305156	0.296775	0.299071	0.292614	0.308748	0.298467	0.310274	0.315813	0.302815	0.307312	0.305540	0.307363	0.309522	0.303617	0.296095	0.297564	0.290603	0.301290	0.302311	0.309128	0.303799	0.305839	0.311810	0.304334	0.306716	0.291696	0.301137	
0.297706	0.220493	0.297334	0.228678	0.246466	0.298311	0.303801	0.301956	0.297042	0.293602	0.288541	0.291918	0.230193	0.294622	0.298345	0.293698	0.228285	0.288806	0.295816	0.230051	0.243980	0.246422	0.251239	0.253198	0.296450	0.232049	0.249913	0.247967	0.231964	0.229127	0.301170	0.245644	0.292198	0.246488	0.289602	0.000000	0.247989	0.301754	0.299893	0.251526	0.290350	0.251067	0.251927	0.252294	0.257505	0.250274	0.244313	0.288962	0.250336	0.252361	0.292391	0.292786	0.260198	0.253426	0.257972	0.255322	0.249217	0.253261	0.295529	0.250795	0.248205	0.250700	0.254831	0.253244	0.248025	0.268511	0.243932	0.264930	0.257653	0.251560	0.254143	0.248674	0.251978	0.255567	0.251836	0.272355	0.254151	0.287910	0.251012	0.249517	0.251525	0.256704	0.248739	0.249363	0.266352	0.251133	0.287050	0.248847	0.292570	0.247463	0.248624	0.258160	0.256812	0.248366	0.248821	0.250458	0.253535	0.253846	0.249127	0.249022	0.251910	0.256751	0.248779	0.253341	0.242874	0.246676	0.260930	0.254509	0.255307	0.250957	0.248088	0.254223	
0.307826	0.249588	0.307328	0.244892	0.237671	0.307344	0.309068	0.302960	0.305903	0.300932	0.293710	0.304948	0.246849	0.297452	0.300733	0.299839	0.245775	0.294021	0.304323	0.249559	0.233026	0.234924	0.239188	0.245703	0.299748	0.251083	0.237066	0.232319	0.247767	0.246062	0.310170	0.233503	0.299799	0.232830	0.300606	0.247989	0.000000	0.303050	0.308840	0.242518	0.285068	0.238054	0.240101	0.239266	0.243889	0.243824	0.231847	0.291888	0.241280	0.234465	0.285661	0.292743	0.242006	0.247044	0.241959	0.243642	0.239179	0.245441	0.303577	0.241563	0.241385	0.238926	0.239280	0.237928	0.242241	0.258831	0.228606	0.248096	0.247127	0.237996	0.238984	0.242952	0.237212	0.240724	0.235554	0.267044	0.241439	0.288910	0.241025	0.239718	0.238333	0.244204	0.244048	0.246287	0.253868	0.239274	0.290503	0.246371	0.287070	0.235727	0.231892	0.233092	0.243255	0.237852	0.237470	0.239918	0.240153	0.243189	0.242769	0.238964	0.228204	0.254407	0.240344	0.244394	0.240741	0.236451	0.245283	0.243729	0.247738	0.235400	0.233707	0.247398	
0.250776	0.301682	0.248461	0.297344	0.312514	0.252297	0.248587	0.245406	0.246615	0.244920	0.263399	0.246421	0.303649	0.252033	0.245822	0.243793	0.301403	0.248107	0.245117	0.297118	0.302802	0.308715	0.309384	0.308448	0.246622	0.299068	0.307621	0.309363	0.299590	0.301027	0.245290	0.304859	0.249394	0.305365	0.243060	0.301754	0.303050	0.000000	0.250037	0.317652	0.300784	0.318409	0.312430	0.314304	0.310723	0.312462	0.307105	0.296725	0.313451	0.306847	0.304974	0.303273	0.314517	0.315417	0.317188	0.313824	0.312491	0.317590	0.276845	0.312117	0.316439	0.315525	0.312690	0.315649	0.307224	0.295781	0.302433	0.318067	0.319891	0.307476	0.310703	0.316146	0.314410	0.310865	0.317476	0.315048	0.312257	0.298154	0.315765	0.316956	0.313669	0.316608	0.315889	0.311245	0.302409	0.316757	0.300965	0.309373	0.301453	0.315188	0.311977	0.317963	0.316855	0.308755	0.310544	0.312677	0.317888	0.314089	0.315057	0.303642	0.303679	0.299846	0.312272	0.312827	0.309623	0.310962	0.318276	0.312620	0.309395	0.312873	0.304615	0.307358	
0.243581	0.298856	0.240790	0.294239	0.304895	0.248828	0.245208	0.245730	0.245707	0.243568	0.257497	0.246858	0.295699	0.245220	0.238485	0.237185	0.292519	0.249508	0.244820	0.290440	0.305735	0.309577	0.305543	0.307785	0.242771	0.295997	0.306208	0.305544	0.302054	0.303134	0.237765	0.303117	0.243860	0.303859	0.239250	0.299893	0.308840	0.250037	0.000000	0.309736	0.297749	0.311044	0.306577	0.307633	0.310654	0.305325	0.300684	0.294365	0.310943	0.305674	0.300112	0.294781	0.312014	0.314423	0.312726	0.310556	0.310889	0.308822	0.275942	0.309556	0.312066	0.307296	0.301154	0.307698	0.298304	0.300065	0.303584	0.323548	0.313900	0.308328	0.305987	0.310609	0.313256	0.308238	0.310503	0.313254	0.307367	0.294509	0.312490	0.309433	0.312002	0.317666	0.309404	0.304872	0.297168	0.308113	0.301645	0.310901	0.295301	0.312141	0.314319	0.312083	0.325314	0.309727	0.314436	0.306584	0.312104	0.311995	0.309340	0.306356	0.299414	0.292301	0.305957	0.309633	0.311418	0.305393	0.310437	0.313168	0.308962	0.306167	0.299085	0.312234	
