0.000000	0.004487	0.003850	0.004230	0.004249	0.003933	0.003923	0.003950	0.003845	0.003817	0.003983	0.003881	0.004357	0.003899	0.003714	0.003777	0.004274	0.003857	0.003835	0.004230	0.004289	0.004257	0.004265	0.004308	0.003946	0.004423	0.004261	0.004235	0.004390	0.004361	0.003815	0.004254	0.003907	0.004164	0.003951	0.004400	0.004293	0.003974	0.003813	0.004188	0.004531	0.004221	0.004211	0.004141	0.004180	0.004260	0.004239	0.004803	0.004512	0.004206	0.004484	0.004604	0.004207	0.004205	0.004204	0.004160	0.004208	0.004190	0.006849	0.004163	0.004207	0.004229	0.004010	0.004105	0.004205	0.004461	0.004299	0.003871	0.004099	0.004139	0.004147	0.004149	0.004225	0.004160	0.004035	0.004191	0.003863	0.004553	0.004144	0.004228	0.004201	0.003985	0.004295	0.004342	0.004042	0.004484	0.004554	0.004431	0.004596	0.004171	0.004176	0.004014	0.003783	0.004159	0.004053	0.004239	0.004203	0.004114	0.004124	0.004163	0.004420	0.004215	0.004205	0.004374	0.003710	0.004056	0.003859	0.004097	0.004146	0.004133	0.004089	0.003995	
0.004487	0.000000	0.004446	0.003527	0.003633	0.004449	0.004478	0.004580	0.004475	0.004433	0.004334	0.004484	0.003538	0.004494	0.004322	0.004489	0.003551	0.004425	0.004451	0.003476	0.003663	0.003694	0.003679	0.003770	0.004480	0.003693	0.003704	0.003676	0.003644	0.003634	0.004443	0.003710	0.004382	0.003558	0.004477	0.003676	0.003724	0.004573	0.004452	0.003593	0.004513	0.003606	0.003620	0.003544	0.003615	0.003642	0.003670	0.004797	0.003929	0.003646	0.004428	0.004563	0.003642	0.003619	0.003608	0.003613	0.003532	0.003634	0.007114	0.003594	0.003594	0.003613	0.003481	0.003549	0.003679	0.004044	0.003790	0.003415	0.003539	0.003652	0.003617	0.003604	0.003604	0.003569	0.003510	0.003824	0.003388	0.004504	0.003574	0.003663	0.003614	0.003330	0.003773	0.003820	0.003670	0.003907	0.004567	0.003815	0.004557	0.003564	0.003555	0.003518	0.003260	0.003578	0.003431	0.003618	0.003598	0.003492	0.003604	0.003618	0.003912	0.003870	0.003641	0.003902	0.003223	0.003443	0.003305	0.003486	0.003577	0.003630	0.003570	0.003455	
0.003850	0.004446	0.000000	0.004278	0.004278	0.003904	0.003861	0.003933	0.003856	0.003923	0.004018	0.003811	0.004368	0.003816	0.003804	0.003921	0.004329	0.003808	0.003764	0.004187	0.004298	0.004288	0.004300	0.004391	0.003931	0.004424	0.004288	0.004295	0.004358	0.004397	0.003934	0.004294	0.003892	0.004213	0.003865	0.004411	0.004353	0.003952	0.003757	0.004192	0.004563	0.004236	0.004210	0.004171	0.004208	0.004276	0.004315	0.004769	0.004581	0.004257	0.004543	0.004611	0.004238	0.004214	0.004202	0.004207	0.004198	0.004218	0.006889	0.004172	0.004232	0.004209	0.004031	0.004184	0.004194	0.004406	0.004379	0.003958	0.004096	0.004117	0.004153	0.004189	0.004222	0.004205	0.004011	0.004245	0.003940	0.004584	0.004118	0.004246	0.004259	0.003977	0.004353	0.004382	0.004137	0.004495	0.004592	0.004403	0.004555	0.004202	0.004229	0.004051	0.003987	0.004145	0.004031	0.004239	0.004222	0.004136	0.004185	0.004223	0.004379	0.004294	0.004187	0.004424	0.003750	0.004114	0.003833	0.004127	0.004110	0.004177	0.004161	0.004005	
0.004230	0.003527	0.004278	0.000000	0.003425	0.004258	0.004274	0.004366	0.004219	0.004259	0.004186	0.004245	0.003432	0.004233	0.004156	0.004274	0.003404	0.004261	0.004218	0.003331	0.003483	0.003537	0.003495	0.003547	0.004326	0.003495	0.003558	0.003491	0.003405	0.003389	0.004264	0.003484	0.004269	0.003394	0.004323	0.003467	0.003494	0.004381	0.004239	0.003318	0.004271	0.003469	0.003414	0.003304	0.003405	0.003501	0.003403	0.004508	0.003707	0.003451	0.004216	0.004338	0.003440	0.003440	0.003434	0.003405	0.003366	0.003403	0.006995	0.003442	0.003370	0.003452	0.003316	0.003347	0.003565	0.003981	0.003552	0.003217	0.003343	0.003437	0.003359	0.003382	0.003435	0.003430	0.003300	0.003661	0.003196	0.004293	0.003421	0.003454	0.003420	0.003164	0.003550	0.003556	0.003523	0.003669	0.004321	0.003659	0.004311	0.003420	0.003388	0.003215	0.003166	0.003395	0.003235	0.003500	0.003440	0.003326	0.003365	0.003463	0.003744	0.003635	0.003353	0.003742	0.003071	0.003371	0.003144	0.003290	0.003431	0.003414	0.003307	0.003242	
0.004249	0.003633	0.004278	0.003425	0.000000	0.004225	0.004341	0.004328	0.004244	0.004255	0.004159	0.004250	0.003557	0.004249	0.004104	0.004246	0.003484	0.004198	0.004257	0.003394	0.003296	0.003289	0.003262	0.003217	0.004270	0.003641	0.003266	0.003253	0.003569	0.003511	0.004254	0.003252	0.004222	0.003213	0.004343	0.003567	0.003251	0.004430	0.004242	0.003120	0.004138	0.003250	0.003196	0.003134	0.003181	0.003285	0.003297	0.004403	0.003376	0.003238	0.004207	0.004256	0.003165	0.003237	0.003267	0.003142	0.003175	0.003134	0.006966	0.003199	0.003213	0.003239	0.003072	0.003135	0.003326	0.003754	0.003302	0.003018	0.003137	0.003163	0.003190	0.003164	0.003177	0.003144	0.003069	0.003547	0.003010	0.004149	0.003095	0.003227	0.003225	0.003005	0.003307	0.003240	0.003387	0.003386	0.004252	0.003369	0.004198	0.003133	0.003114	0.002992	0.002978	0.003117	0.003039	0.003230	0.003172	0.003072	0.003180	0.003208	0.003538	0.003477	0.003158	0.003397	0.002892	0.003093	0.002995	0.003128	0.003202	0.003126	0.003174	0.003040	
0.003933	0.004449	0.003904	0.004258	0.004225	0.000000	0.003943	0.003984	0.003973	0.003933	0.004083	0.004001	0.004428	0.003939	0.003779	0.003914	0.004303	0.003863	0.003841	0.004319	0.004233	0.004289	0.004280	0.004402	0.003927	0.004482	0.004339	0.004167	0.004369	0.004347	0.003909	0.004204	0.003960	0.004210	0.003933	0.004430	0.004339	0.003988	0.003846	0.004168	0.004478	0.004209	0.004238	0.004094	0.004206	0.004308	0.004213	0.004811	0.004544	0.004222	0.004458	0.004514	0.004194	0.004262	0.004222	0.004190	0.004195	0.004181	0.006919	0.004226	0.004195	0.004166	0.004039	0.004172	0.004239	0.004257	0.004296	0.003915	0.004080	0.004117	0.004118	0.004223	0.004198	0.004157	0.004039	0.004136	0.003889	0.004518	0.004078	0.004214	0.004195	0.003934	0.004313	0.004369	0.003606	0.004491	0.004524	0.004443	0.004522	0.004184	0.004168	0.003980	0.003768	0.004145	0.003974	0.004230	0.004207	0.004094	0.004137	0.004210	0.004404	0.004359	0.004139	0.004412	0.003860	0.004037	0.003921	0.004123	0.004107	0.004124	0.004124	0.004000	
0.003923	0.004478	0.003861	0.004274	0.004341	0.003943	0.000000	0.004009	0.003946	0.003994	0.004042	0.003929	0.004437	0.003926	0.003793	0.003848	0.004320	0.003901	0.003855	0.004311	0.004345	0.004376	0.004325	0.004461	0.003910	0.004545	0.004356	0.004299	0.004414	0.004417	0.003834	0.004324	0.003971	0.004262	0.003960	0.004506	0.004362	0.004025	0.003833	0.004227	0.004564	0.004288	0.004327	0.004241	0.004272	0.004370	0.004313	0.004869	0.004689	0.004278	0.004616	0.004588	0.004268	0.004331	0.004293	0.004226	0.004212	0.004280	0.006914	0.004252	0.004228	0.004292	0.004099	0.004207	0.004306	0.004383	0.004379	0.004045	0.004182	0.004211	0.004219	0.004275	0.004198	0.004229	0.004071	0.004269	0.004031	0.004631	0.004228	0.004302	0.004283	0.004062	0.004427	0.004460	0.003890	0.004567	0.004555	0.004509	0.004615	0.004269	0.004252	0.004092	0.003920	0.004197	0.004110	0.004311	0.004264	0.004182	0.004231	0.004265	0.004529	0.004397	0.004241	0.004577	0.003894	0.004156	0.003873	0.004109	0.004197	0.004251	0.004113	0.004083	
0.003950	0.004580	0.003933	0.004366	0.004328	0.003984	0.004009	0.000000	0.003973	0.003938	0.004150	0.003942	0.004489	0.003959	0.003801	0.003850	0.004389	0.003934	0.003940	0.004275	0.004297	0.004367	0.004375	0.004493	0.004037	0.004559	0.004358	0.004302	0.004505	0.004456	0.003962	0.004370	0.003981	0.004357	0.003999	0.004492	0.004344	0.004015	0.003870	0.004288	0.004576	0.004358	0.004313	0.004225	0.004239	0.004444	0.004407	0.004941	0.004656	0.004342	0.004554	0.004689	0.004348	0.004330	0.004304	0.004317	0.004255	0.004280	0.006955	0.004299	0.004242	0.004355	0.004091	0.004273	0.004285	0.004608	0.004438	0.004024	0.004146	0.004234	0.004253	0.004299	0.004285	0.004231	0.004120	0.004339	0.004097	0.004633	0.004237	0.004411	0.004264	0.004023	0.004447	0.004491	0.004095	0.004685	0.004622	0.004448	0.004683	0.004269	0.004282	0.004022	0.003835	0.004197	0.004156	0.004343	0.004313	0.004148	0.004239	0.004296	0.004581	0.004319	0.004280	0.004578	0.003825	0.004196	0.003885	0.004197	0.004233	0.004241	0.004243	0.004118	
0.003845	0.004475	0.003856	0.004219	0.004244	0.003973	0.003946	0.003973	0.000000	0.003911	0.003996	0.003785	0.004411	0.003912	0.003817	0.003891	0.004289	0.003871	0.003790	0.004223	0.004295	0.004316	0.004334	0.004316	0.003904	0.004451	0.004276	0.004225	0.004358	0.004353	0.003875	0.004309	0.003932	0.004210	0.003912	0.004386	0.004314	0.003937	0.003781	0.004214	0.004640	0.004278	0.004253	0.004160	0.004178	0.004300	0.004305	0.004855	0.004561	0.004267	0.004612	0.004655	0.004215	0.004263	0.004230	0.004206	0.004197	0.004218	0.006923	0.004171	0.004257	0.004296	0.004036	0.004158	0.004167	0.004361	0.004363	0.004003	0.004142	0.004186	0.004186	0.004192	0.004200	0.004204	0.004095	0.004295	0.003963	0.004627	0.004110	0.004269	0.004248	0.003962	0.004278	0.004363	0.003821	0.004490	0.004651	0.004388	0.004612	0.004207	0.004212	0.004069	0.003861	0.004181	0.004125	0.004261	0.004210	0.004149	0.004166	0.004251	0.004354	0.004159	0.004229	0.004391	0.003757	0.004089	0.003986	0.004161	0.004134	0.004150	0.004156	0.004036	
0.003817	0.004433	0.003923	0.004259	0.004255	0.003933	0.003994	0.003938	0.003911	0.000000	0.004106	0.003864	0.004421	0.003961	0.003758	0.003830	0.004275	0.003906	0.003885	0.004263	0.004323	0.004265	0.004300	0.004293	0.003895	0.004509	0.004315	0.004340	0.004408	0.004364	0.003914	0.004286	0.004009	0.004301	0.003882	0.004443	0.004349	0.003948	0.003833	0.004241	0.004482	0.004284	0.004252	0.004166	0.004225	0.004354	0.004286	0.004772	0.004523	0.004268	0.004510	0.004587	0.004267	0.004278	0.004284	0.004269	0.004216	0.004288	0.006906	0.004239	0.004262	0.004262	0.004046	0.004200	0.004250	0.004405	0.004359	0.003965	0.004125	0.004226	0.004202	0.004260	0.004204	0.004226	0.004096	0.004189	0.004029	0.004535	0.004151	0.004335	0.004226	0.003995	0.004384	0.004377	0.004096	0.004507	0.004611	0.004430	0.004577	0.004217	0.004253	0.004036	0.003827	0.004219	0.004055	0.004275	0.004237	0.004100	0.004206	0.004258	0.004388	0.004313	0.004210	0.004504	0.003705	0.004157	0.003821	0.004212	0.004204	0.004233	0.004143	0.004120	
0.003983	0.004334	0.004018	0.004186	0.004159	0.004083	0.004042	0.004150	0.003996	0.004106	0.000000	0.003939	0.004283	0.004094	0.003788	0.004050	0.003917	0.004045	0.003935	0.004077	0.004298	0.004067	0.004242	0.004055	0.004083	0.004286	0.004207	0.004189	0.004199	0.004189	0.004083	0.004145	0.004039	0.004128	0.004068	0.004298	0.004249	0.004066	0.003955	0.004119	0.004453	0.004087	0.004111	0.003996	0.004140	0.004085	0.004240	0.004789	0.004254	0.004082	0.004476	0.004601	0.004064	0.004075	0.004131	0.004150	0.004083	0.004026	0.007036	0.004084	0.004051	0.004156	0.003947	0.004097	0.003992	0.004231	0.004173	0.003758	0.003980	0.004033	0.004107	0.004163	0.004060	0.004027	0.003951	0.004149	0.003862	0.004484	0.003990	0.004196	0.004159	0.003758	0.004077	0.004223	0.003948	0.004192	0.004543	0.004206	0.004528	0.003987	0.004041	0.003926	0.003746	0.003975	0.003938	0.004178	0.004119	0.003987	0.004097	0.004147	0.004134	0.004113	0.004112	0.004180	0.003567	0.003970	0.003699	0.003981	0.004007	0.004089	0.004097	0.003942	
0.003881	0.004484	0.003811	0.004245	0.004250	0.004001	0.003929	0.003942	0.003785	0.003864	0.003939	0.000000	0.004361	0.003848	0.003730	0.003908	0.004311	0.003839	0.003779	0.004264	0.004263	0.004308	0.004300	0.004321	0.003919	0.004399	0.004349	0.004301	0.004350	0.004398	0.003807	0.004302	0.003910	0.004229	0.003915	0.004425	0.004352	0.003982	0.003752	0.004214	0.004579	0.004266	0.004257	0.004120	0.004235	0.004274	0.004287	0.004855	0.004526	0.004249	0.004536	0.004653	0.004258	0.004251	0.004229	0.004245	0.004169	0.004219	0.006896	0.004212	0.004220	0.004289	0.004039	0.004163	0.004163	0.004448	0.004370	0.003956	0.004109	0.004231	0.004175	0.004242	0.004218	0.004226	0.004137	0.004222	0.003948	0.004588	0.004110	0.004301	0.004251	0.003945	0.004317	0.004388	0.004097	0.004482	0.004624	0.004393	0.004558	0.004200	0.004193	0.004010	0.003969	0.004197	0.004086	0.004253	0.004283	0.004110	0.004223	0.004281	0.004459	0.004214	0.004221	0.004462	0.003717	0.004122	0.003923	0.004111	0.004108	0.004108	0.004129	0.004090	
0.004357	0.003538	0.004368	0.003432	0.003557	0.004428	0.004437	0.004489	0.004411	0.004421	0.004283	0.004361	0.000000	0.004387	0.004259	0.004459	0.003434	0.004346	0.004371	0.003449	0.003640	0.003584	0.003584	0.003601	0.004461	0.003578	0.003543	0.003552	0.003503	0.003522	0.004344	0.003606	0.004369	0.003508	0.004423	0.003552	0.003616	0.004507	0.004376	0.003462	0.004407	0.003590	0.003552	0.003474	0.003451	0.003641	0.003592	0.004663	0.003845	0.003604	0.004330	0.004471	0.003541	0.003519	0.003546	0.003506	0.003513	0.003480	0.007047	0.003547	0.003470	0.003440	0.003345	0.003467	0.003577	0.004074	0.003644	0.003296	0.003483	0.003556	0.003514	0.003530	0.003522	0.003479	0.003298	0.003840	0.003267	0.004364	0.003473	0.003577	0.003520	0.003274	0.003592	0.003681	0.003770	0.003730	0.004447	0.003701	0.004388	0.003452	0.003502	0.003397	0.003247	0.003484	0.003355	0.003603	0.003529	0.003420	0.003478	0.003534	0.003765	0.003839	0.003479	0.003764	0.003087	0.003408	0.003231	0.003478	0.003518	0.003511	0.003444	0.003352	
0.003899	0.004494	0.003816	0.004233	0.004249	0.003939	0.003926	0.003959	0.003912	0.003961	0.004094	0.003848	0.004387	0.000000	0.003808	0.003934	0.004321	0.003867	0.003868	0.004174	0.004223	0.004246	0.004277	0.004302	0.003917	0.004452	0.004304	0.004293	0.004392	0.004347	0.003906	0.004308	0.003972	0.004231	0.003995	0.004420	0.004318	0.003964	0.003866	0.004166	0.004515	0.004267	0.004245	0.004130	0.004183	0.004304	0.004284	0.004853	0.004544	0.004263	0.004587	0.004654	0.004264	0.004234	0.004209	0.004161	0.004187	0.004234	0.006962	0.004222	0.004176	0.004213	0.003954	0.004174	0.004209	0.004461	0.004321	0.003943	0.004046	0.004170	0.004188	0.004189	0.004189	0.004200	0.004066	0.004224	0.003918	0.004558	0.004157	0.004290	0.004206	0.003942	0.004322	0.004425	0.004006	0.004503	0.004580	0.004453	0.004576	0.004183	0.004193	0.003905	0.003788	0.004176	0.004043	0.004244	0.004257	0.004135	0.004181	0.004160	0.004431	0.004366	0.004199	0.004520	0.003770	0.004149	0.003902	0.004171	0.004188	0.004174	0.004136	0.003984	
0.003714	0.004322	0.003804	0.004156	0.004104	0.003779	0.003793	0.003801	0.003817	0.003758	0.003788	0.003730	0.004259	0.003808	0.000000	0.003647	0.004103	0.003832	0.003701	0.004070	0.004149	0.004139	0.004199	0.004103	0.003720	0.004180	0.004202	0.004044	0.004090	0.004207	0.003781	0.004118	0.003856	0.004115	0.003820	0.004335	0.004167	0.003881	0.003635	0.004121	0.004412	0.004090	0.004093	0.004046	0.004094	0.004023	0.004169	0.004566	0.004300	0.004086	0.004359	0.004482	0.004061	0.004085	0.004057	0.004060	0.004012	0.004029	0.006748	0.004078	0.004067	0.004125	0.003929	0.004093	0.003938	0.004228	0.004153	0.003906	0.004031	0.004010	0.004016	0.004074	0.004054	0.004001	0.003933	0.004128	0.003723	0.004421	0.004010	0.004137	0.004124	0.003844	0.004091	0.004164	0.003932	0.004335	0.004468	0.004206	0.004404	0.004036	0.004086	0.003933	0.003775	0.004083	0.003829	0.004086	0.004094	0.003917	0.004110	0.004100	0.004151	0.004062	0.004128	0.004237	0.003655	0.003982	0.003775	0.003950	0.004016	0.004018	0.004055	0.003943	
0.003777	0.004489	0.003921	0.004274	0.004246	0.003914	0.003848	0.003850	0.003891	0.003830	0.004050	0.003908	0.004459	0.003934	0.003647	0.000000	0.004320	0.003878	0.003772	0.004248	0.004266	0.004353	0.004333	0.004283	0.003933	0.004464	0.004341	0.004272	0.004426	0.004360	0.003847	0.004290	0.003903	0.004265	0.003914	0.004460	0.004306	0.003983	0.003745	0.004228	0.004559	0.004287	0.004178	0.004196	0.004188	0.004302	0.004319	0.004828	0.004551	0.004247	0.004540	0.004617	0.004234	0.004269	0.004300	0.004251	0.004244	0.004221	0.006866	0.004223	0.004245	0.004285	0.004072	0.004191	0.004163	0.004489	0.004381	0.003978	0.004162	0.004179	0.004264	0.004277	0.004199	0.004183	0.004104	0.004252	0.003979	0.004590	0.004203	0.004246	0.004225	0.004036	0.004341	0.004397	0.003855	0.004538	0.004578	0.004420	0.004633	0.004239	0.004220	0.004075	0.004013	0.004193	0.004033	0.004255	0.004265	0.004104	0.004212	0.004284	0.004415	0.004293	0.004211	0.004498	0.003779	0.004114	0.003860	0.004171	0.004209	0.004207	0.004163	0.004026	
0.004274	0.003551	0.004329	0.003404	0.003484	0.004303	0.004320	0.004389	0.004289	0.004275	0.003917	0.004311	0.003434	0.004321	0.004103	0.004320	0.000000	0.004206	0.004303	0.003381	0.003561	0.003532	0.003561	0.003590	0.004388	0.003602	0.003600	0.003478	0.003491	0.003459	0.004296	0.003560	0.004272	0.003459	0.004373	0.003532	0.003540	0.004376	0.004247	0.003495	0.004344	0.003546	0.003468	0.003408	0.003480	0.003548	0.003534	0.004608	0.003792	0.003518	0.004269	0.004366	0.003505	0.003544	0.003477	0.003486	0.003406	0.003441	0.007084	0.003474	0.003526	0.003436	0.003367	0.003447	0.003578	0.004038	0.003583	0.003313	0.003423	0.003468	0.003408	0.003442	0.003455	0.003457	0.003317	0.003738	0.003327	0.004342	0.003383	0.003549	0.003475	0.003262	0.003648	0.003655	0.003707	0.003758	0.004389	0.003721	0.004378	0.003427	0.003425	0.003302	0.003293	0.003369	0.003342	0.003503	0.003469	0.003320	0.003424	0.003511	0.003895	0.003874	0.003431	0.003783	0.003111	0.003406	0.003233	0.003375	0.003395	0.003414	0.003384	0.003301	
0.003857	0.004425	0.003808	0.004261	0.004198	0.003863	0.003901	0.003934	0.003871	0.003906	0.004045	0.003839	0.004346	0.003867	0.003832	0.003878	0.004206	0.000000	0.003819	0.004193	0.004252	0.004310	0.004274	0.004271	0.003887	0.004417	0.004294	0.004188	0.004380	0.004282	0.003840	0.004245	0.003910	0.004221	0.003864	0.004362	0.004261	0.003936	0.003802	0.004153	0.004503	0.004225	0.004165	0.004107	0.004138	0.004282	0.004233	0.004748	0.004510	0.004224	0.004527	0.004595	0.004235	0.004262	0.004167	0.004108	0.004136	0.004130	0.006854	0.004168	0.004171	0.004219	0.003981	0.004127	0.004173	0.004391	0.004286	0.003964	0.004076	0.004171	0.004175	0.004179	0.004175	0.004137	0.004051	0.004236	0.003939	0.004501	0.004104	0.004167	0.004236	0.004004	0.004302	0.004404	0.004073	0.004519	0.004549	0.004446	0.004549	0.004159	0.004142	0.003934	0.003825	0.004093	0.003979	0.004223	0.004206	0.004032	0.004144	0.004197	0.004419	0.004336	0.004176	0.004508	0.003718	0.004071	0.003836	0.004046	0.004121	0.004138	0.004132	0.004053	
0.003835	0.004451	0.003764	0.004218	0.004257	0.003841	0.003855	0.003940	0.003790	0.003885	0.003935	0.003779	0.004371	0.003868	0.003701	0.003772	0.004303	0.003819	0.000000	0.004146	0.004278	0.004244	0.004317	0.004316	0.003932	0.004393	0.004275	0.004260	0.004383	0.004332	0.003815	0.004344	0.003839	0.004187	0.003912	0.004400	0.004326	0.003873	0.003716	0.004214	0.004481	0.004235	0.004240	0.004181	0.004194	0.004290	0.004267	0.004747	0.004520	0.004277	0.004384	0.004507	0.004252	0.004243	0.004184	0.004238	0.004194	0.004241	0.006891	0.004221	0.004150	0.004283	0.003980	0.004169	0.004199	0.004320	0.004282	0.004029	0.004089	0.004159	0.004202	0.004225	0.004199	0.004170	0.004112	0.004204	0.003915	0.004462	0.004146	0.004295	0.004241	0.003965	0.004263	0.004324	0.004079	0.004450	0.004476	0.004402	0.004467	0.004173	0.004236	0.003925	0.003814	0.004134	0.004027	0.004219	0.004262	0.004132	0.004186	0.004195	0.004305	0.004248	0.004203	0.004349	0.003783	0.004107	0.003805	0.004166	0.004144	0.004151	0.004142	0.003987	
0.004230	0.003476	0.004187	0.003331	0.003394	0.004319	0.004311	0.004275	0.004223	0.004263	0.004077	0.004264	0.003449	0.004174	0.004070	0.004248	0.003381	0.004193	0.004146	0.000000	0.003441	0.003522	0.003479	0.003557	0.004288	0.003526	0.003504	0.003498	0.003413	0.003441	0.004145	0.003542	0.004179	0.003440	0.004261	0.003438	0.003534	0.004328	0.004160	0.003456	0.004270	0.003444	0.003431	0.003334	0.003429	0.003571	0.003491	0.004606	0.003737	0.003509	0.004220	0.004347	0.003444	0.003494	0.003416	0.003414	0.003296	0.003450	0.006945	0.003354	0.003337	0.003488	0.003388	0.003339	0.003510	0.003845	0.003565	0.003255	0.003336	0.003415	0.003401	0.003413	0.003381	0.003431	0.003233	0.003652	0.003173	0.004240	0.003368	0.003451	0.003432	0.003158	0.003551	0.003574	0.003519	0.003691	0.004293	0.003643	0.004349	0.003382	0.003388	0.003193	0.003160	0.003322	0.003153	0.003444	0.003373	0.003326	0.003404	0.003462	0.003756	0.003793	0.003371	0.003677	0.002971	0.003276	0.003077	0.003429	0.003366	0.003393	0.003397	0.003265	
0.004289	0.003663	0.004298	0.003483	0.003296	0.004233	0.004345	0.004297	0.004295	0.004323	0.004298	0.004263	0.003640	0.004223	0.004149	0.004266	0.003561	0.004252	0.004278	0.003441	0.000000	0.003301	0.003350	0.003297	0.004298	0.003739	0.003324	0.003279	0.003584	0.003558	0.004279	0.003305	0.004272	0.003210	0.004272	0.003575	0.003309	0.004373	0.004233	0.003177	0.004307	0.003242	0.003196	0.003144	0.003263	0.003322	0.003294	0.004521	0.003505	0.003273	0.004194	0.004297	0.003181	0.003274	0.003169	0.003197	0.003157	0.003145	0.007045	0.003220	0.003149	0.003272	0.003083	0.003186	0.003381	0.003808	0.003356	0.002988	0.003123	0.003193	0.003218	0.003285	0.003196	0.003170	0.003103	0.003591	0.003099	0.004253	0.003114	0.003264	0.003269	0.002988	0.003381	0.003431	0.003500	0.003440	0.004248	0.003445	0.004255	0.003173	0.003205	0.002979	0.002964	0.003148	0.003118	0.003272	0.003174	0.003139	0.003162	0.003270	0.003541	0.003674	0.003190	0.003536	0.002844	0.003141	0.002983	0.003200	0.003154	0.003121	0.003227	0.003113	
0.004257	0.003694	0.004288	0.003537	0.003289	0.004289	0.004376	0.004367	0.004316	0.004265	0.004067	0.004308	0.003584	0.004246	0.004139	0.004353	0.003532	0.004310	0.004244	0.003522	0.003301	0.000000	0.003361	0.003351	0.004318	0.003725	0.003296	0.003286	0.003583	0.003555	0.004298	0.003325	0.004327	0.003250	0.004391	0.003630	0.003381	0.004407	0.004246	0.003257	0.004231	0.003232	0.003245	0.003132	0.003253	0.003348	0.003323	0.004501	0.003411	0.003293	0.004223	0.004273	0.003186	0.003286	0.003204	0.003305	0.003162	0.003165	0.007004	0.003206	0.003198	0.003262	0.003154	0.003172	0.003218	0.003759	0.003337	0.003012	0.003179	0.003220	0.003207	0.003264	0.003246	0.003236	0.003160	0.003575	0.002994	0.004204	0.003149	0.003284	0.003283	0.003045	0.003313	0.003357	0.003481	0.003376	0.004321	0.003417	0.004213	0.003172	0.003184	0.002973	0.002921	0.003129	0.003119	0.003301	0.003250	0.003156	0.003199	0.003299	0.003437	0.003599	0.003254	0.003453	0.002828	0.003143	0.002885	0.003100	0.003155	0.003141	0.003225	0.003159	
0.004265	0.003679	0.004300	0.003495	0.003262	0.004280	0.004325	0.004375	0.004334	0.004300	0.004242	0.004300	0.003584	0.004277	0.004199	0.004333	0.003561	0.004274	0.004317	0.003479	0.003350	0.003361	0.000000	0.003435	0.004322	0.003715	0.003387	0.003288	0.003623	0.003574	0.004301	0.003332	0.004296	0.003294	0.004303	0.003644	0.003383	0.004386	0.004226	0.003209	0.004248	0.003292	0.003269	0.003256	0.003262	0.003376	0.003312	0.004553	0.003620	0.003270	0.004243	0.004287	0.003220	0.003311	0.003246	0.003251	0.003196	0.003160	0.006976	0.003298	0.003198	0.003313	0.003182	0.003134	0.003356	0.003833	0.003351	0.003054	0.003178	0.003229	0.003231	0.003234	0.003286	0.003219	0.003112	0.003600	0.003055	0.004253	0.003125	0.003207	0.003271	0.003022	0.003360	0.003459	0.003442	0.003553	0.004289	0.003516	0.004232	0.003183	0.003180	0.003087	0.002945	0.003176	0.003139	0.003329	0.003251	0.003142	0.003213	0.003216	0.003604	0.003678	0.003248	0.003529	0.002803	0.003106	0.002844	0.003137	0.003172	0.003173	0.003193	0.003130	
0.004308	0.003770	0.004391	0.003547	0.003217	0.004402	0.004461	0.004493	0.004316	0.004293	0.004055	0.004321	0.003601	0.004302	0.004103	0.004283	0.003590	0.004271	0.004316	0.003557	0.003297	0.003351	0.003435	0.000000	0.004377	0.003532	0.003439	0.003285	0.003528	0.003658	0.004244	0.003374	0.004364	0.003301	0.004383	0.003701	0.003452	0.004468	0.004294	0.003216	0.004283	0.003354	0.003287	0.003228	0.003207	0.003241	0.003317	0.004350	0.003187	0.003250	0.004282	0.004323	0.003231	0.003363	0.003319	0.003322	0.003226	0.003193	0.007092	0.003363	0.003263	0.003314	0.003120	0.003264	0.003112	0.003586	0.003421	0.003116	0.003188	0.003292	0.003255	0.003311	0.003308	0.003218	0.003207	0.003698	0.003062	0.004262	0.003239	0.003387	0.003253	0.003072	0.003094	0.003216	0.003291	0.003094	0.004401	0.003256	0.004266	0.003209	0.003240	0.003082	0.003085	0.003215	0.003172	0.003340	0.003260	0.003259	0.003269	0.003302	0.003303	0.003277	0.003247	0.003167	0.002981	0.003256	0.003027	0.003239	0.003248	0.003266	0.003177	0.003133	
0.003946	0.004480	0.003931	0.004326	0.004270	0.003927	0.003910	0.004037	0.003904	0.003895	0.004083	0.003919	0.004461	0.003917	0.003720	0.003933	0.004388	0.003887	0.003932	0.004288	0.004298	0.004318	0.004322	0.004377	0.000000	0.004509	0.004387	0.004327	0.004406	0.004410	0.003877	0.004329	0.003983	0.004285	0.003928	0.004431	0.004321	0.004007	0.003891	0.004240	0.004595	0.004316	0.004240	0.004211	0.004213	0.004342	0.004376	0.004888	0.004582	0.004309	0.004494	0.004665	0.004290	0.004300	0.004302	0.004213	0.004210	0.004237	0.006981	0.004229	0.004244	0.004271	0.004030	0.004198	0.004332	0.004541	0.004376	0.004031	0.004129	0.004183	0.004234	0.004319	0.004316	0.004172	0.004090	0.004265	0.004067	0.004613	0.004205	0.004331	0.004282	0.003986	0.004358	0.004447	0.004023	0.004589	0.004623	0.004475	0.004615	0.004229	0.004248	0.004114	0.003918	0.004212	0.004089	0.004305	0.004290	0.004179	0.004206	0.004262	0.004403	0.004479	0.004270	0.004495	0.003834	0.004161	0.003832	0.004215	0.004216	0.004212	0.004228	0.004137	
0.004423	0.003693	0.004424	0.003495	0.003641	0.004482	0.004545	0.004559	0.004451	0.004509	0.004286	0.004399	0.003578	0.004452	0.004180	0.004464	0.003602	0.004417	0.004393	0.003526	0.003739	0.003725	0.003715	0.003532	0.004509	0.000000	0.003724	0.003625	0.003539	0.003531	0.004404	0.003756	0.004415	0.003586	0.004526	0.003659	0.003753	0.004580	0.004444	0.003616	0.004453	0.003702	0.003705	0.003584	0.003599	0.003534	0.003647	0.004500	0.003648	0.003630	0.004522	0.004491	0.003658	0.003736	0.003707	0.003634	0.003563	0.003596	0.007266	0.003678	0.003578	0.003648	0.003489	0.003572	0.003548	0.004006	0.003712	0.003472	0.003562	0.003630	0.003607	0.003622	0.003683	0.003598	0.003553	0.003834	0.003386	0.004415	0.003611	0.003692	0.003622	0.003454	0.003554	0.003636	0.003521	0.003684	0.004495	0.003614	0.004468	0.003543	0.003662	0.003368	0.003454	0.003575	0.003410	0.003631	0.003696	0.003570	0.003597	0.003590	0.003760	0.003727	0.003614	0.003647	0.003264	0.003493	0.003359	0.003499	0.003614	0.003626	0.003503	0.003450	
0.004261	0.003704	0.004288	0.003558	0.003266	0.004339	0.004356	0.004358	0.004276	0.004315	0.004207	0.004349	0.003543	0.004304	0.004202	0.004341	0.003600	0.004294	0.004275	0.003504	0.003324	0.003296	0.003387	0.003439	0.004387	0.003724	0.000000	0.003284	0.003573	0.003604	0.004349	0.003373	0.004291	0.003314	0.004348	0.003603	0.003391	0.004457	0.004300	0.003268	0.004239	0.003303	0.003308	0.003196	0.003254	0.003378	0.003285	0.004479	0.003599	0.003296	0.004226	0.004269	0.003201	0.003273	0.003217	0.003265	0.003224	0.003217	0.007038	0.003286	0.003223	0.003287	0.003146	0.003177	0.003344	0.003842	0.003364	0.003008	0.003138	0.003210	0.003241	0.003243	0.003270	0.003234	0.003114	0.003637	0.003051	0.004270	0.003230	0.003252	0.003244	0.003001	0.003397	0.003382	0.003347	0.003461	0.004287	0.003475	0.004242	0.003164	0.003240	0.003037	0.002989	0.003227	0.003132	0.003270	0.003224	0.003112	0.003182	0.003291	0.003539	0.003647	0.003246	0.003482	0.002851	0.003192	0.002875	0.003161	0.003194	0.003196	0.003184	0.003147	
0.004235	0.003676	0.004295	0.003491	0.003253	0.004167	0.004299	0.004302	0.004225	0.004340	0.004189	0.004301	0.003552	0.004293	0.004044	0.004272	0.003478	0.004188	0.004260	0.003498	0.003279	0.003286	0.003288	0.003285	0.004327	0.003625	0.003284	0.000000	0.003551	0.003601	0.004256	0.003368	0.004263	0.003240	0.004339	0.003618	0.003341	0.004378	0.004223	0.003231	0.004200	0.003208	0.003269	0.003182	0.003261	0.003344	0.003295	0.004477	0.003456	0.003224	0.004145	0.004260	0.003221	0.003314	0.003170	0.003288	0.003141	0.003209	0.006999	0.003210	0.003168	0.003254	0.003130	0.003179	0.003274	0.003890	0.003360	0.003097	0.003175	0.003181	0.003237	0.003245	0.003237	0.003218	0.003140	0.003573	0.003029	0.004240	0.003135	0.003244	0.003164	0.002964	0.003294	0.003311	0.003447	0.003392	0.004264	0.003439	0.004200	0.003217	0.003195	0.003046	0.002910	0.003129	0.003119	0.003268	0.003251	0.003085	0.003238	0.003236	0.003618	0.003542	0.003209	0.003376	0.002847	0.003202	0.002939	0.003171	0.003260	0.003166	0.003186	0.003060	
0.004390	0.003644	0.004358	0.003405	0.003569	0.004369	0.004414	0.004505	0.004358	0.004408	0.004199	0.004350	0.003503	0.004392	0.004090	0.004426	0.003491	0.004380	0.004383	0.003413	0.003584	0.003583	0.003623	0.003528	0.004406	0.003539	0.003573	0.003551	0.000000	0.003543	0.004351	0.003579	0.004384	0.003551	0.004434	0.003588	0.003659	0.004504	0.004389	0.003519	0.004399	0.003589	0.003508	0.003456	0.003535	0.003480	0.003547	0.004593	0.003712	0.003527	0.004407	0.004478	0.003538	0.003540	0.003562	0.003490	0.003479	0.003470	0.007172	0.003475	0.003435	0.003496	0.003454	0.003502	0.003519	0.003882	0.003637	0.003365	0.003501	0.003462	0.003538	0.003464	0.003494	0.003479	0.003405	0.003839	0.003344	0.004435	0.003500	0.003621	0.003533	0.003312	0.003570	0.003568	0.003611	0.003674	0.004469	0.003575	0.004414	0.003476	0.003443	0.003321	0.003194	0.003451	0.003346	0.003539	0.003580	0.003482	0.003460	0.003585	0.003653	0.003695	0.003494	0.003734	0.003149	0.003400	0.003159	0.003411	0.003499	0.003492	0.003470	0.003363	
0.004361	0.003634	0.004397	0.003389	0.003511	0.004347	0.004417	0.004456	0.004353	0.004364	0.004189	0.004398	0.003522	0.004347	0.004207	0.004360	0.003459	0.004282	0.004332	0.003441	0.003558	0.003555	0.003574	0.003658	0.004410	0.003531	0.003604	0.003601	0.003543	0.000000	0.004353	0.003625	0.004344	0.003490	0.004434	0.003544	0.003603	0.004457	0.004345	0.003488	0.004402	0.003513	0.003472	0.003372	0.003499	0.003553	0.003487	0.004659	0.003752	0.003489	0.004346	0.004413	0.003503	0.003537	0.003470	0.003465	0.003425	0.003470	0.007126	0.003483	0.003471	0.003467	0.003362	0.003461	0.003546	0.004000	0.003572	0.003258	0.003394	0.003478	0.003473	0.003460	0.003466	0.003484	0.003322	0.003778	0.003288	0.004364	0.003398	0.003526	0.003513	0.003244	0.003634	0.003645	0.003536	0.003745	0.004432	0.003690	0.004432	0.003415	0.003541	0.003270	0.003222	0.003399	0.003387	0.003526	0.003489	0.003463	0.003446	0.003507	0.003728	0.003784	0.003484	0.003760	0.003128	0.003364	0.003319	0.003374	0.003414	0.003426	0.003458	0.003379	
0.003815	0.004443	0.003934	0.004264	0.004254	0.003909	0.003834	0.003962	0.003875	0.003914	0.004083	0.003807	0.004344	0.003906	0.003781	0.003847	0.004296	0.003840	0.003815	0.004145	0.004279	0.004298	0.004301	0.004244	0.003877	0.004404	0.004349	0.004256	0.004351	0.004353	0.000000	0.004287	0.003901	0.004188	0.003940	0.004420	0.004317	0.003986	0.003762	0.004189	0.004520	0.004229	0.004252	0.004140	0.004151	0.004283	0.004282	0.004732	0.004495	0.004241	0.004547	0.004625	0.004260	0.004263	0.004216	0.004179	0.004191	0.004247	0.006884	0.004199	0.004261	0.004265	0.004002	0.004148	0.004135	0.004396	0.004359	0.004018	0.004088	0.004153	0.004149	0.004227	0.004200	0.004193	0.004138	0.004171	0.003914	0.004558	0.004184	0.004268	0.004252	0.003958	0.004277	0.004378	0.003962	0.004450	0.004577	0.004369	0.004595	0.004197	0.004174	0.004052	0.003867	0.004203	0.004132	0.004277	0.004231	0.004163	0.004160	0.004230	0.004382	0.004198	0.004181	0.004417	0.003821	0.004093	0.003935	0.004184	0.004131	0.004171	0.004144	0.004015	
0.004254	0.003710	0.004294	0.003484	0.003252	0.004204	0.004324	0.004370	0.004309	0.004286	0.004145	0.004302	0.003606	0.004308	0.004118	0.004290	0.003560	0.004245	0.004344	0.003542	0.003305	0.003325	0.003332	0.003374	0.004329	0.003756	0.003373	0.003368	0.003579	0.003625	0.004287	0.000000	0.004285	0.003250	0.004339	0.003667	0.003349	0.004429	0.004234	0.003207	0.004194	0.003273	0.003266	0.003192	0.003225	0.003317	0.003289	0.004526	0.003417	0.003254	0.004186	0.004257	0.003156	0.003288	0.003208	0.003264	0.003138	0.003227	0.007039	0.003182	0.003186	0.003250	0.003182	0.003161	0.003275	0.003693	0.003342	0.003076	0.003178	0.003196	0.003223	0.003267	0.003216	0.003208	0.003073	0.003631	0.003022	0.004207	0.003190	0.003315	0.003235	0.003021	0.003338	0.003389	0.003495	0.003453	0.004295	0.003417	0.004196	0.003233	0.003199	0.003040	0.003017	0.003181	0.003063	0.003279	0.003233	0.003153	0.003170	0.003298	0.003495	0.003519	0.003253	0.003524	0.002874	0.003148	0.002923	0.003159	0.003281	0.003218	0.003108	0.003147	
0.003907	0.004382	0.003892	0.004269	0.004222	0.003960	0.003971	0.003981	0.003932	0.004009	0.004039	0.003910	0.004369	0.003972	0.003856	0.003903	0.004272	0.003910	0.003839	0.004179	0.004272	0.004327	0.004296	0.004364	0.003983	0.004415	0.004291	0.004263	0.004384	0.004344	0.003901	0.004285	0.000000	0.004218	0.003934	0.004364	0.004315	0.003989	0.003889	0.004177	0.004490	0.004257	0.004236	0.004162	0.004208	0.004284	0.004287	0.004817	0.004526	0.004234	0.004473	0.004548	0.004235	0.004217	0.004192	0.004186	0.004149	0.004176	0.006990	0.004187	0.004203	0.004245	0.003958	0.004169	0.004254	0.004392	0.004337	0.003958	0.004153	0.004111	0.004186	0.004224	0.004171	0.004195	0.003961	0.004193	0.003992	0.004557	0.004124	0.004272	0.004206	0.003978	0.004349	0.004419	0.003935	0.004521	0.004556	0.004476	0.004566	0.004139	0.004137	0.004000	0.003833	0.004076	0.003974	0.004198	0.004203	0.004136	0.004141	0.004206	0.004389	0.004330	0.004162	0.004492	0.003728	0.004094	0.003842	0.004137	0.004134	0.004156	0.004134	0.004016	
0.004164	0.003558	0.004213	0.003394	0.003213	0.004210	0.004262	0.004357	0.004210	0.004301	0.004128	0.004229	0.003508	0.004231	0.004115	0.004265	0.003459	0.004221	0.004187	0.003440	0.003210	0.003250	0.003294	0.003301	0.004285	0.003586	0.003314	0.003240	0.003551	0.003490	0.004188	0.003250	0.004218	0.000000	0.004217	0.003562	0.003230	0.004343	0.004158	0.003118	0.004134	0.003170	0.003160	0.003109	0.003177	0.003263	0.003220	0.004411	0.003427	0.003214	0.004102	0.004233	0.003127	0.003225	0.003103	0.003187	0.003109	0.003043	0.006926	0.003119	0.003185	0.003154	0.003023	0.003066	0.003229	0.003656	0.003237	0.002975	0.003096	0.003173	0.003160	0.003138	0.003176	0.003126	0.003006	0.003567	0.003008	0.004143	0.003039	0.003192	0.003139	0.002965	0.003305	0.003266	0.003348	0.003425	0.004214	0.003327	0.004174	0.003125	0.003092	0.002938	0.002870	0.003075	0.003012	0.003241	0.003127	0.003085	0.003087	0.003190	0.003555	0.003456	0.003131	0.003449	0.002778	0.003068	0.002906	0.003039	0.003118	0.003099	0.003130	0.003036	
0.003951	0.004477	0.003865	0.004323	0.004343	0.003933	0.003960	0.003999	0.003912	0.003882	0.004068	0.003915	0.004423	0.003995	0.003820	0.003914	0.004373	0.003864	0.003912	0.004261	0.004272	0.004391	0.004303	0.004383	0.003928	0.004526	0.004348	0.004339	0.004434	0.004434	0.003940	0.004339	0.003934	0.004217	0.000000	0.004459	0.004366	0.003951	0.003801	0.004249	0.004562	0.004238	0.004302	0.004176	0.004267	0.004335	0.004317	0.004853	0.004601	0.004268	0.004508	0.004618	0.004313	0.004315	0.004270	0.004198	0.004261	0.004228	0.006956	0.004248	0.004228	0.004273	0.004099	0.004141	0.004307	0.004575	0.004400	0.003943	0.004146	0.004157	0.004232	0.004224	0.004234	0.004227	0.004114	0.004310	0.003983	0.004536	0.004211	0.004288	0.004239	0.004024	0.004375	0.004411	0.004087	0.004595	0.004585	0.004436	0.004603	0.004221	0.004256	0.004042	0.003811	0.004210	0.004025	0.004290	0.004272	0.004181	0.004160	0.004254	0.004451	0.004385	0.004214	0.004527	0.003814	0.004142	0.003748	0.004136	0.004079	0.004174	0.004130	0.004020	
0.004400	0.003676	0.004411	0.003467	0.003567	0.004430	0.004506	0.004492	0.004386	0.004443	0.004298	0.004425	0.003552	0.004420	0.004335	0.004460	0.003532	0.004362	0.004400	0.003438	0.003575	0.003630	0.003644	0.003701	0.004431	0.003659	0.003603	0.003618	0.003588	0.003544	0.004420	0.003667	0.004364	0.003562	0.004459	0.000000	0.003747	0.004540	0.004371	0.003521	0.004447	0.003586	0.003568	0.003534	0.003603	0.003705	0.003612	0.004684	0.003932	0.003612	0.004460	0.004470	0.003633	0.003581	0.003610	0.003557	0.003472	0.003548	0.007155	0.003552	0.003518	0.003544	0.003513	0.003487	0.003609	0.004065	0.003693	0.003334	0.003476	0.003534	0.003538	0.003515	0.003549	0.003509	0.003424	0.003843	0.003370	0.004454	0.003514	0.003618	0.003525	0.003299	0.003708	0.003755	0.003789	0.003838	0.004536	0.003823	0.004474	0.003482	0.003519	0.003409	0.003317	0.003500	0.003384	0.003588	0.003626	0.003421	0.003494	0.003633	0.003724	0.003880	0.003578	0.003814	0.003232	0.003470	0.003253	0.003475	0.003503	0.003489	0.003489	0.003405	
0.004293	0.003724	0.004353	0.003494	0.003251	0.004339	0.004362	0.004344	0.004314	0.004349	0.004249	0.004352	0.003616	0.004318	0.004167	0.004306	0.003540	0.004261	0.004326	0.003534	0.003309	0.003381	0.003383	0.003452	0.004321	0.003753	0.003391	0.003341	0.003659	0.003603	0.004317	0.003349	0.004315	0.003230	0.004366	0.003747	0.000000	0.004449	0.004306	0.003239	0.004307	0.003279	0.003271	0.003214	0.003330	0.003414	0.003325	0.004509	0.003554	0.003329	0.004203	0.004292	0.003244	0.003389	0.003284	0.003316	0.003272	0.003252	0.007053	0.003295	0.003221	0.003269	0.003180	0.003213	0.003419	0.003794	0.003419	0.003146	0.003235	0.003213	0.003269	0.003268	0.003222	0.003213	0.003126	0.003672	0.003157	0.004288	0.003180	0.003297	0.003301	0.003057	0.003394	0.003486	0.003472	0.003477	0.004297	0.003467	0.004216	0.003209	0.003248	0.003085	0.002954	0.003160	0.003137	0.003345	0.003326	0.003198	0.003250	0.003332	0.003467	0.003695	0.003246	0.003575	0.002897	0.003233	0.002876	0.003273	0.003261	0.003221	0.003208	0.003227	
0.003974	0.004573	0.003952	0.004381	0.004430	0.003988	0.004025	0.004015	0.003937	0.003948	0.004066	0.003982	0.004507	0.003964	0.003881	0.003983	0.004376	0.003936	0.003873	0.004328	0.004373	0.004407	0.004386	0.004468	0.004007	0.004580	0.004457	0.004378	0.004504	0.004457	0.003986	0.004429	0.003989	0.004343	0.003951	0.004540	0.004449	0.000000	0.003906	0.004369	0.004658	0.004318	0.004353	0.004232	0.004293	0.004391	0.004447	0.005016	0.004661	0.004342	0.004666	0.004732	0.004305	0.004398	0.004355	0.004350	0.004299	0.004357	0.007045	0.004277	0.004287	0.004356	0.004070	0.004280	0.004298	0.004555	0.004418	0.004064	0.004231	0.004275	0.004274	0.004391	0.004313	0.004294	0.004132	0.004330	0.004071	0.004684	0.004230	0.004453	0.004320	0.004093	0.004459	0.004517	0.004167	0.004658	0.004638	0.004495	0.004705	0.004313	0.004358	0.004110	0.003884	0.004187	0.004111	0.004361	0.004333	0.004188	0.004275	0.004328	0.004510	0.004434	0.004323	0.004595	0.003942	0.004249	0.004034	0.004299	0.004260	0.004282	0.004285	0.004166	
0.003813	0.004452	0.003757	0.004239	0.004242	0.003846	0.003833	0.003870	0.003781	0.003833	0.003955	0.003752	0.004376	0.003866	0.003635	0.003745	0.004247	0.003802	0.003716	0.004160	0.004233	0.004246	0.004226	0.004294	0.003891	0.004444	0.004300	0.004223	0.004389	0.004345	0.003762	0.004234	0.003889	0.004158	0.003801	0.004371	0.004306	0.003906	0.000000	0.004138	0.004552	0.004205	0.004201	0.004125	0.004212	0.004305	0.004212	0.004743	0.004526	0.004250	0.004461	0.004557	0.004209	0.004277	0.004222	0.004163	0.004188	0.004151	0.006841	0.004191	0.004161	0.004159	0.003931	0.004089	0.004093	0.004373	0.004285	0.003888	0.004044	0.004141	0.004153	0.004170	0.004194	0.004125	0.004011	0.004235	0.003881	0.004555	0.004079	0.004197	0.004224	0.003973	0.004307	0.004327	0.003892	0.004491	0.004556	0.004408	0.004503	0.004198	0.004219	0.003991	0.003848	0.004137	0.004015	0.004231	0.004186	0.004050	0.004187	0.004205	0.004274	0.004190	0.004126	0.004424	0.003797	0.004015	0.003776	0.004153	0.004116	0.004126	0.004069	0.003992	
