0.00000000099999999987 0.99999999500000014141 0.00000000099999999987 0.00000000099999999987 0.00000000099999999987 0.00000000099999999987 
0.00000000099999999981 0.00000000099999999981 0.99999999500000003039 0.00000000099999999981 0.00000000099999999981 0.00000000099999999981 
0.00000000099999999985 0.99999999500000014141 0.00000000099999999985 0.00000000099999999985 0.00000000099999999985 0.00000000099999999985 
0.00000000099999999982 0.00000000099999999982 0.99999999500000003039 0.00000000099999999982 0.00000000099999999982 0.00000000099999999982 
0.17770026388495158143 0.00000000099999999994 0.00000000099999999994 0.42633487505067862999 0.00000000099999999994 0.39596485806436981791 
0.00000000099999999996 0.95237441774796560701 0.00000000099999999996 0.00000000099999999996 0.04762557825203440898 0.00000000099999999996 
0.00000000099999999990 0.99835790903574628263 0.00000000099999999990 0.00000000099999999990 0.00164208696425386757 0.00000000099999999990 
0.00000000099999999986 0.99999999500000003039 0.00000000099999999986 0.00000000099999999986 0.00000000099999999986 0.00000000099999999986 
0.00000000099999999997 0.99999999500000003039 0.00000000099999999997 0.00000000099999999997 0.00000000099999999997 0.00000000099999999997 
0.00000000099999999989 0.99999999500000014141 0.00000000099999999989 0.00000000099999999989 0.00000000099999999989 0.00000000099999999989 
0.07682235371675939783 0.76450481421304117280 0.13603918994148647692 0.00000000099999999998 0.02263364012871312003 0.00000000099999999998 
0.00000000099999999984 0.99999999500000014141 0.00000000099999999984 0.00000000099999999984 0.00000000099999999984 0.00000000099999999984 
0.00000000099999999983 0.00000000099999999983 0.99999999499999991937 0.00000000099999999983 0.00000000099999999983 0.00000000099999999983 
0.00000000099999999992 0.99999999500000014141 0.00000000099999999992 0.00000000099999999992 0.00000000099999999992 0.00000000099999999992 
0.00000000099999999996 0.99931057028959990873 0.00000000099999999996 0.00000000099999999996 0.00068942571040005900 0.00000000099999999996 
0.00000000099999999987 0.99999999500000003039 0.00000000099999999987 0.00000000099999999987 0.00000000099999999987 0.00000000099999999987 
0.00000000099999999984 0.00000000099999999984 0.99999999499999991937 0.00000000099999999984 0.00000000099999999984 0.00000000099999999984 
0.00000000099999999997 0.92753810886314858042 0.07246188713685136618 0.00000000099999999997 0.00000000099999999997 0.00000000099999999997 
0.00000000099999999989 0.99999998764562092468 0.00000000099999999989 0.00000000099999999989 0.00000000835437909070 0.00000000099999999989 
0.00000000099999999991 0.00000000099999999991 0.99999999500000003039 0.00000000099999999991 0.00000000099999999991 0.00000000099999999991 
0.00000000099999999991 0.00000000099999999991 0.00000000099999999991 0.41912041577984127105 0.00000000099999999991 0.58087958022015862003 
0.02894359528363406667 0.00000000099999999994 0.02134021548753471664 0.42609084689211906838 0.00000000099999999994 0.52362534033671204181 
0.00000000099999999989 0.00000000099999999989 0.00000000099999999989 0.00000000099999999989 0.00000000099999999989 0.99999999499999991937 
0.99999999500000014141 0.00000000099999999980 0.00000000099999999980 0.00000000099999999980 0.00000000099999999980 0.00000000099999999980 
0.00000000099999999985 0.99999999500000014141 0.00000000099999999985 0.00000000099999999985 0.00000000099999999985 0.00000000099999999985 
0.00000000099999999984 0.00000000099999999984 0.99999999499999991937 0.00000000099999999984 0.00000000099999999984 0.00000000099999999984 
0.11659458480186861429 0.00000000099999999996 0.03155093545647492254 0.29627509488686154526 0.00000000099999999996 0.55557938285479480101 
0.19963854008293890896 0.00000000099999999991 0.00000000099999999991 0.00000000099999999991 0.00000000099999999991 0.80036145591706109315 
0.00000000099999999983 0.00000000099999999983 0.99999999500000003039 0.00000000099999999983 0.00000000099999999983 0.00000000099999999983 
0.00000000099999999983 0.00000000099999999983 0.99999999500000003039 0.00000000099999999983 0.00000000099999999983 0.00000000099999999983 
0.00000000099999999985 0.99999999500000014141 0.00000000099999999985 0.00000000099999999985 0.00000000099999999985 0.00000000099999999985 
0.07488053806079701669 0.00000000099999999993 0.00000000099999999993 0.63673122078042709848 0.00000000099999999993 0.28838823815877595580 
0.00000000099999999994 0.98501675447521652718 0.00000000099999999994 0.00000000099999999994 0.01498324152478359463 0.00000000099999999994 
0.00000007520249663253 0.00000000099999999993 0.01824574794890134952 0.57164946119183657203 0.00000000099999999993 0.41010471365676537392 
0.00000000099999999990 0.99999999500000014141 0.00000000099999999990 0.00000000099999999990 0.00000000099999999990 0.00000000099999999990 
0.00000000099999999979 0.00000000099999999979 0.99999999500000003039 0.00000000099999999979 0.00000000099999999979 0.00000000099999999979 
0.00000000099999999990 0.00000000099999999990 0.00000000099999999990 0.99999999499999991937 0.00000000099999999990 0.00000000099999999990 
0.00000000099999999985 0.99999999500000003039 0.00000000099999999985 0.00000000099999999985 0.00000000099999999985 0.00000000099999999985 
0.00000000099999999980 0.99999999500000014141 0.00000000099999999980 0.00000000099999999980 0.00000000099999999980 0.00000000099999999980 
0.00000000099999999993 0.00000000099999999993 0.00000000099999999993 0.44933837332656145769 0.00000000099999999993 0.55066162267343854442 
0.00000000099999999964 0.00000000099999999964 0.00000000099999999964 0.00000000099999999964 0.99999999499999991937 0.00000000099999999964 
0.00000000099999999992 0.00000000099999999992 0.00000000099999999992 0.67237814447782984217 0.00000000099999999992 0.32762185152217027095 
0.04263083870815109755 0.00000000099999999993 0.00743581405492600364 0.59412969566387918707 0.00000000099999999993 0.35580364957304366769 
0.00000000099999999991 0.00000000099999999991 0.00000000099999999991 0.99999999500000003039 0.00000000099999999991 0.00000000099999999991 
0.03798673224018192518 0.00000000099999999995 0.00682824444642830038 0.38485290946838479620 0.00000000099999999995 0.57033211184500498536 
0.46426716208829360566 0.00000000099999999991 0.00009831930438366137 0.14839190209104030638 0.00000000099999999991 0.38724261451628250175 
0.00000000099999999986 0.00000000099999999986 0.00000000099999999986 0.99999999499999991937 0.00000000099999999986 0.00000000099999999986 
0.00000000099999999962 0.00000000099999999962 0.00000000099999999962 0.00000000099999999962 0.99999999500000003039 0.00000000099999999962 
0.99999999500000003039 0.00000000099999999980 0.00000000099999999980 0.00000000099999999980 0.00000000099999999980 0.00000000099999999980 
0.13055275096528182188 0.00000000099999999995 0.00000000099999999995 0.38799976402394475983 0.00000000099999999995 0.48144748201077347538 
0.00000000099999999982 0.00000000099999999982 0.00000000099999999982 0.00000000099999999982 0.99999999500000003039 0.00000000099999999982 
0.00000000099999999955 0.00000000099999999955 0.00000000099999999955 0.00000000099999999955 0.99999999500000003039 0.00000000099999999955 
0.00000000099999999984 0.00000000099999999984 0.00000000099999999984 0.00000000099999999984 0.00000000099999999984 0.99999999500000003039 
0.03415735065825752093 0.00000000099999999996 0.00000000099999999996 0.49682706486129607493 0.00000000099999999996 0.46901558148044630858 
0.00000000099999999989 0.00000000099999999989 0.00000000099999999989 0.00000000099999999989 0.00000000099999999989 0.99999999500000003039 
0.00000000099999999991 0.00000000099999999991 0.00000000099999999991 0.99999999499999991937 0.00000000099999999991 0.00000000099999999991 
0.00000000099999999989 0.00000000099999999989 0.00000000099999999989 0.00000000099999999989 0.00000000099999999989 0.99999999500000003039 
0.00000000099999999991 0.00000000099999999991 0.00000000099999999991 0.72899304114758134432 0.00000000099999999991 0.27100695485241854676 
0.00000000099999999999 0.59276731679315353141 0.08399667616323448771 0.00000000099999999999 0.32323600404361196858 0.00000000099999999999 
0.00000000099999999991 0.00000000099999999991 0.00000000099999999991 0.99999999499999991937 0.00000000099999999991 0.00000000099999999991 
0.04900185271356323480 0.00000000099999999994 0.02107237864969531069 0.43707662306609856850 0.00000000099999999994 0.49284914357064285584 
0.00000000099999999989 0.00000000099999999989 0.00000000099999999989 0.99999999499999991937 0.00000000099999999989 0.00000000099999999989 
0.00000000099999999997 0.00000000099999999997 0.00000000099999999997 0.00000000099999999997 0.00000000099999999997 0.99999999500000003039 
0.00000000099999999990 0.00000000099999999990 0.00000000099999999990 0.00000000099999999990 0.00000000099999999990 0.99999999500000003039 
0.99999999500000014141 0.00000000099999999993 0.00000000099999999993 0.00000000099999999993 0.00000000099999999993 0.00000000099999999993 
0.22932571606329910097 0.11386269571094967401 0.02786229017750548390 0.00000000100000000000 0.03322532140769486608 0.59572397564055079577 
0.00000000099999999987 0.00000000099999999987 0.00000000099999999987 0.99999999500000003039 0.00000000099999999987 0.00000000099999999987 
0.00000000099999999995 0.00000000099999999995 0.00000000099999999995 0.00000000099999999995 0.00000000099999999995 0.99999999500000003039 
0.05910010890747192241 0.00000000099999999996 0.00047016898588110638 0.41255419575347485051 0.00000000099999999996 0.52787552435317208754 
0.05902203336223598579 0.00000000099999999994 0.00000000099999999994 0.42705156618238315769 0.00000000099999999994 0.51392639745538093443 
0.00000000099999999992 0.00000000099999999992 0.00000000102678223948 0.62752562539054079771 0.00000000099999999992 0.37247437058267696131 
0.14589458466674606885 0.00000000099999999993 0.00000000099999999993 0.85410541133325390550 0.00000000099999999993 0.00000000099999999993 
0.00000000099999999988 0.00000000099999999988 0.00000000099999999988 0.99999999499999991937 0.00000000099999999988 0.00000000099999999988 
0.05260823588608772028 0.00000000099999999993 0.00000016919419564090 0.44888345619171132750 0.00000000099999999993 0.49850813672800547982 
0.06175531444280341065 0.00000000099999999995 0.01850945560606523724 0.40547388510012027929 0.00000000099999999995 0.51426134285101110510 
0.00648158826339710094 0.00000000099999999998 0.00000000099999999998 0.49913784781632819509 0.49438056092027454769 0.00000000099999999998 
0.04175709313404910028 0.00000000099999999996 0.00000000099999999996 0.00000000099999999996 0.00000000099999999996 0.95824290286595081856 
0.00000000099999999972 0.00000000099999999972 0.00000000099999999972 0.00000000099999999972 0.99999999499999991937 0.00000000099999999972 
0.00000000099999999994 0.00000000099999999994 0.00000000099999999994 0.36840720693518874684 0.00000000099999999994 0.63159278906481108873 
0.00000000099999999990 0.00000000099999999990 0.00000000099999999990 0.42296677143588456982 0.00000000099999999990 0.57703322456411543229 
0.00000000099999999995 0.00000000099999999995 0.00036422914634723022 0.55018083024734065756 0.00000000099999999995 0.44945493760631233249 
0.00416494328490347229 0.00000000099999999996 0.01713854706987861035 0.39513744163711433943 0.00000000099999999996 0.58355906600810347751 
0.99999999500000014141 0.00000000099999999987 0.00000000099999999987 0.00000000099999999987 0.00000000099999999987 0.00000000099999999987 
0.99999999500000003039 0.00000000099999999985 0.00000000099999999985 0.00000000099999999985 0.00000000099999999985 0.00000000099999999985 
0.79722718725509611470 0.20277280874490399842 0.00000000099999999999 0.00000000099999999999 0.00000000099999999999 0.00000000099999999999 
0.99999999500000003039 0.00000000099999999984 0.00000000099999999984 0.00000000099999999984 0.00000000099999999984 0.00000000099999999984 
0.00000000099999999961 0.00000000099999999961 0.00000000099999999961 0.00000000099999999961 0.99999999499999991937 0.00000000099999999961 
0.99999999500000003039 0.00000000099999999982 0.00000000099999999982 0.00000000099999999982 0.00000000099999999982 0.00000000099999999982 
0.00000000099999999962 0.00000000099999999962 0.00000000099999999962 0.00000000099999999962 0.99999999500000003039 0.00000000099999999962 
0.08479991914775923678 0.00000000099999999992 0.00000000099999999992 0.52627835593406280257 0.00000000099999999992 0.38892172191817792060 
0.05418856597523710045 0.00000000099999999994 0.00000000099999999994 0.45027761742906258213 0.00000000099999999994 0.49553381359570020104 
0.00000000099999999997 0.00000000099999999997 0.00684116106802870518 0.29319685306340531605 0.04501378120970947472 0.65494820265885644872 
0.00000000099999999995 0.00000000099999999995 0.00000000099999999995 0.00000000099999999995 0.00000000099999999995 0.99999999499999991937 
0.08313970224672020959 0.00000000099999999993 0.00000000099999999993 0.58182693146791319982 0.00000000099999999993 0.33503336328536648114 
0.00000000099999999994 0.00000000099999999994 0.00162851926894801570 0.61222892019677832565 0.00000000099999999994 0.38614255753427378925 
0.00000000099999999990 0.00000000099999999990 0.00000000099999999990 0.00000000099999999990 0.00000000099999999990 0.99999999500000003039 
0.00000000099999999985 0.00000000099999999985 0.00000000099999999985 0.00000000099999999985 0.00000000099999999985 0.99999999499999991937 
0.00000000099999999992 0.00000000099999999992 0.00000000099999999992 0.00000000099999999992 0.00000000099999999992 0.99999999499999991937 
0.00000000099999999988 0.00000000099999999988 0.00000000099999999988 0.00000000099999999988 0.00000000099999999988 0.99999999500000003039 
0.17749607110010523492 0.00000000099999999990 0.00000000099999999990 0.82250392489989476719 0.00000000099999999990 0.00000000099999999990 
0.99999999500000014141 0.00000000099999999995 0.00000000099999999995 0.00000000099999999995 0.00000000099999999995 0.00000000099999999995 
0.99999999500000014141 0.00000000099999999995 0.00000000099999999995 0.00000000099999999995 0.00000000099999999995 0.00000000099999999995 
0.00000000099999999996 0.00000000099999999996 0.00000000099999999996 0.40255131286873530039 0.00000000099999999996 0.59744868313126453518 
0.99999999500000003039 0.00000000099999999983 0.00000000099999999983 0.00000000099999999983 0.00000000099999999983 0.00000000099999999983 
0.04063838087080667849 0.00000000099999999997 0.04990387530380002712 0.44902192137994256793 0.00000000099999999997 0.46043582044545061649 
0.00000000099999999995 0.00000000099999999995 0.00000001418231560747 0.64586285795869791126 0.00000000099999999995 0.35413712485898651838 
0.00000000099999999995 0.00000000099999999995 0.00000000099999999995 0.59682744487524097554 0.00000000099999999995 0.40317255112475891554 
0.00000000251721016099 0.00000000099999999994 0.00000000099999999994 0.32926311592523360705 0.00000000099999999994 0.67073687855755614873 
0.04208964405992358243 0.00000000099999999995 0.00000000099999999995 0.41237455575908071870 0.00000000099999999995 0.54553579718099565188 
0.00000000099999999991 0.00000000099999999991 0.00000000099999999991 0.00000000099999999991 0.00000000099999999991 0.99999999500000003039 
0.00000000099999999990 0.00000000099999999990 0.00000000099999999990 0.99999999500000003039 0.00000000099999999990 0.00000000099999999990 
0.07165935682483047520 0.00000000099999999999 0.02367067793742373347 0.31229862189042045806 0.01411180838375484733 0.57825953396357043790 
