0.99999999600000000211 0.00000000099999999990 0.00000000099999999990 0.00000000099999999990 0.00000000099999999990 
0.00000000099999999983 0.00000000099999999983 0.00000000099999999983 0.99999999599999989108 0.00000000099999999983 
0.99999999600000000211 0.00000000099999999989 0.00000000099999999989 0.00000000099999999989 0.00000000099999999989 
0.00000000099999999984 0.00000000099999999984 0.00000000099999999984 0.99999999599999989108 0.00000000099999999984 
0.00000000099999999994 0.00000000099999999994 0.79839923849793215105 0.00001837249756298217 0.20158238700450487046 
0.95248375037622579065 0.04751624662377427338 0.00000000099999999997 0.00000000099999999997 0.00000000099999999997 
0.99852426965055640640 0.00147572734944375499 0.00000000099999999992 0.00000000099999999992 0.00000000099999999992 
0.99999999600000000211 0.00000000099999999989 0.00000000099999999989 0.00000000099999999989 0.00000000099999999989 
0.99999999600000000211 0.00000000099999999998 0.00000000099999999998 0.00000000099999999998 0.00000000099999999998 
0.99999999600000011313 0.00000000099999999992 0.00000000099999999992 0.00000000099999999992 0.00000000099999999992 
0.76475825224279458947 0.02262203888741484009 0.00000000099999999999 0.13982264977740271883 0.07279705809238780356 
0.99999999600000011313 0.00000000099999999987 0.00000000099999999987 0.00000000099999999987 0.00000000099999999987 
0.00000000099999999985 0.00000000099999999985 0.00000000099999999985 0.99999999600000000211 0.00000000099999999985 
0.99999999600000000211 0.00000000099999999994 0.00000000099999999994 0.00000000099999999994 0.00000000099999999994 
0.99879618785178325702 0.00120380914821680029 0.00000000099999999997 0.00000000099999999997 0.00000000099999999997 
0.99999999600000011313 0.00000000099999999989 0.00000000099999999989 0.00000000099999999989 0.00000000099999999989 
0.00000000099999999985 0.00000000099999999985 0.00000000099999999985 0.99999999599999989108 0.00000000099999999985 
0.92726605980698684206 0.00000000099999999997 0.00000000099999999997 0.07273393719301314564 0.00000000099999999997 
0.99999757060474259163 0.00000242639525739691 0.00000000099999999992 0.00000000099999999992 0.00000000099999999992 
0.00000000099999999992 0.00000000099999999992 0.00000000099999999992 0.99999999600000000211 0.00000000099999999992 
0.00000000099999999991 0.00000000099999999991 0.99999999600000000211 0.00000000099999999991 0.00000000099999999991 
0.00000000099999999994 0.00000000099999999994 0.90825732903725897582 0.03182729281247093089 0.05991537615027003882 
0.00000000099999999994 0.00000000099999999994 0.99999999600000000211 0.00000000099999999994 0.00000000099999999994 
0.00000000099999999982 0.00000000099999999982 0.00000000099999999982 0.00000000099999999982 0.99999999599999989108 
0.99999999600000000211 0.00000000099999999988 0.00000000099999999988 0.00000000099999999988 0.00000000099999999988 
0.00000000099999999986 0.00000000099999999986 0.00000000099999999986 0.99999999599999989108 0.00000000099999999986 
0.00000000099999999997 0.00000000099999999997 0.84355622930729945441 0.03503109703538288822 0.12141267165731760291 
0.00000000099999999994 0.00000000099999999994 0.83847696075876287924 0.01517533174714387999 0.14634770549409326090 
0.00000000099999999985 0.00000000099999999985 0.00000000099999999985 0.99999999599999989108 0.00000000099999999985 
0.00000000099999999985 0.00000000099999999985 0.00000000099999999985 0.99999999600000000211 0.00000000099999999985 
0.99999999600000000211 0.00000000099999999989 0.00000000099999999989 0.00000000099999999989 0.00000000099999999989 
0.00000000099999999994 0.00000000099999999994 0.86045792776165097582 0.01753234394640627858 0.12200972629194262176 
0.98499197526071713416 0.01500802173928284487 0.00000000099999999995 0.00000000099999999995 0.00000000099999999995 
0.00000000099999999993 0.00000000099999999993 0.97079991041229729554 0.02919446396492576812 0.00000562362277690359 
0.99999999600000000211 0.00000000099999999993 0.00000000099999999993 0.00000000099999999993 0.00000000099999999993 
0.00000000099999999982 0.00000000099999999982 0.00000000099999999982 0.99999999600000000211 0.00000000099999999982 
0.00000000099999999997 0.00203830264470309048 0.84538873597540564742 0.07531195849438859780 0.07726100188550269476 
0.99999999600000011313 0.00000000099999999988 0.00000000099999999988 0.00000000099999999988 0.00000000099999999988 
0.99999999600000000211 0.00000000099999999984 0.00000000099999999984 0.00000000099999999984 0.00000000099999999984 
0.00000000099999999994 0.00000000099999999994 0.99219738775111476770 0.00778684713726667931 0.00001576311161843551 
0.00000000099999999971 0.99999999600000011313 0.00000000099999999971 0.00000000099999999971 0.00000000099999999971 
0.00000000099999999993 0.00000000099999999993 0.99999999600000000211 0.00000000099999999993 0.00000000099999999993 
0.00000000099999999994 0.00000000099999999994 0.91058235578589952208 0.01909578587439563629 0.07032185633970478023 
0.00000000099999999994 0.00000000099999999994 0.97314389475383833439 0.02398190127166385799 0.00287420197449778873 
0.00000000099999999995 0.00000000099999999995 0.91746590413629436345 0.01539000236712415384 0.06714409149658134845 
0.00000000099999999991 0.00000000099999999991 0.53042300371648631874 0.00000187717594624813 0.46957511710756727474 
0.00000000099999999991 0.00000000099999999991 0.97215919642282200286 0.02784080057717801607 0.00000000099999999991 
0.00000000099999999970 0.99999999600000011313 0.00000000099999999970 0.00000000099999999970 0.00000000099999999970 
0.00000000099999999982 0.00000000099999999982 0.00000000099999999982 0.00000000099999999982 0.99999999600000000211 
0.00000000099999999995 0.00000000099999999995 0.86367236064241359461 0.00000000099999999995 0.13632763635758651799 
0.00000000099999999985 0.99999999600000000211 0.00000000099999999985 0.00000000099999999985 0.00000000099999999985 
0.00000000099999999963 0.99999999600000000211 0.00000000099999999963 0.00000000099999999963 0.00000000099999999963 
0.00000000099999999991 0.00000000099999999991 0.99999999599999989108 0.00000000099999999991 0.00000000099999999991 
0.00000000099999999997 0.00000000099999999997 0.94104724313927956558 0.01048368115224490582 0.04846907370847538393 
0.00000000099999999994 0.00000000099999999994 0.99997439437906066040 0.00000000099999999994 0.00002560262093927345 
0.00000000099999999997 0.00000000099999999997 0.85630683460676060292 0.04477332088319677800 0.09891984251004262707 
0.00000000099999999994 0.00000000099999999994 0.97335131013818809720 0.00000058680513937045 0.02664810105667256637 
0.00000000099999999992 0.00000000099999999992 0.99999999599999989108 0.00000000099999999992 0.00000000099999999992 
0.59259850409646519509 0.32366316278206502810 0.00000000099999999999 0.08373833112146980562 0.00000000099999999999 
0.00000000099999999996 0.00000000099999999996 0.95850744753329275571 0.03906007123266329317 0.00243247923404381512 
0.00000000099999999994 0.00000000099999999994 0.93497661597801973166 0.02536256854899788735 0.03966081347298246879 
0.00000000099999999993 0.00000000099999999993 0.93384226248346824395 0.06593629433668797557 0.00022144117984382284 
0.00000000099999999999 0.01931403698779958489 0.90323485218706667244 0.01041780483483428256 0.06703330499029938605 
0.00000000099999999992 0.00000000099999999992 0.99999999599999989108 0.00000000099999999992 0.00000000099999999992 
0.00000000099999999994 0.00000000099999999994 0.00000000099999999994 0.00000000099999999994 0.99999999599999989108 
0.10796909876876550904 0.03650292318167196876 0.45530428618105295291 0.03284940752130278280 0.36737428434720681425 
0.00000000099999999995 0.00000000099999999995 0.93039236902477706614 0.00000000099999999995 0.06960762797522294931 
0.00000000099999999997 0.00000000099999999997 0.99999999600000000211 0.00000000099999999997 0.00000000099999999997 
0.00000000099999999996 0.00000000099999999996 0.92076031185813966840 0.00621931696458962683 0.07302036917727067200 
0.00000000099999999994 0.00000000099999999994 0.91775045131970034440 0.00000000099999999994 0.08224954568029949065 
0.00000000099999999993 0.00000000099999999993 0.99936512603271354660 0.00063487096728641974 0.00000000099999999993 
0.00000000099999999994 0.00000000099999999994 0.86057643235199465792 0.00000000099999999994 0.13942356464800531590 
0.00000000099999999994 0.00000000099999999994 0.95428359475135815515 0.04571640224864170071 0.00000000099999999994 
0.00000000099999999993 0.00000000099999999993 0.90738537284845643960 0.00750082676690763759 0.08511379838463591085 
0.00000000099999999995 0.00000000099999999995 0.90139128218830788519 0.01959476761469160569 0.07901394819700030547 
0.00000000099999999998 0.48391728602922401414 0.44434021196433248768 0.03279456907397795828 0.03894793193246543633 
0.00000000099999999997 0.00000000099999999997 0.86078355945573781227 0.00305353614981933698 0.13616290239444281407 
0.00000000099999999977 0.99999999600000011313 0.00000000099999999977 0.00000000099999999977 0.00000000099999999977 
0.00000000099999999994 0.00000000099999999994 0.99999999599999989108 0.00000000099999999994 0.00000000099999999994 
0.00000000099999999991 0.00000000099999999991 0.99999999599999989108 0.00000000099999999991 0.00000000099999999991 
0.00000000099999999995 0.00000000099999999995 0.99496189401415768838 0.00503810298584219090 0.00000000099999999995 
0.00000000099999999996 0.00000000099999999996 0.95233921381748587454 0.02919659875927857820 0.01846418542323560036 
0.00000000099999999987 0.00000000099999999987 0.00000031140089885275 0.00000000099999999987 0.99999968559910101806 
0.00000000099999999986 0.00000000099999999986 0.00000000099999999986 0.00000000099999999986 0.99999999600000000211 
0.20510742739284562597 0.00000000100000000000 0.00000000100000000000 0.00000040577205374680 0.79489216483510072297 
0.00000000099999999986 0.00000000099999999986 0.00000000099999999986 0.00000000099999999986 0.99999999599999989108 
0.00000000099999999969 0.99999999600000000211 0.00000000099999999969 0.00000000099999999969 0.00000000099999999969 
0.00000000099999999984 0.00000000099999999984 0.00000000099999999984 0.00000000099999999984 0.99999999599999989108 
0.00000000099999999969 0.99999999600000000211 0.00000000099999999969 0.00000000099999999969 0.00000000099999999969 
0.00000000099999999992 0.00000000099999999992 0.88959992156374823047 0.00013329593025915719 0.11026678050599256209 
0.00000000099999999995 0.00000000099999999995 0.90435463612141020473 0.00003431803253791626 0.09561104384605195738 
0.00000000099999999997 0.04459606191904578326 0.94315747456669152271 0.01222372419070477320 0.00002273832355790043 
0.00000000099999999997 0.00000000099999999997 0.96176728451925919128 0.00000000099999999997 0.03823271248074074091 
0.00000000099999999994 0.00000000099999999994 0.90245004853230270658 0.00000000920500536448 0.09754994026269189766 
0.00000000099999999994 0.00000000099999999994 0.96609659304851747130 0.03390340395148253028 0.00000000099999999994 
0.00000000099999999995 0.00000000099999999995 0.95207772531976586627 0.00000000099999999995 0.04792227168023396877 
0.00000000099999999990 0.00000000099999999990 0.99999999600000000211 0.00000000099999999990 0.00000000099999999990 
0.00000000099999999995 0.00000000099999999995 0.99812736458600148648 0.00000000099999999995 0.00187263241399855565 
0.00000000099999999993 0.00000000099999999993 0.97970503936549047097 0.00000000099999999993 0.02029495763450958612 
0.00000000099999999993 0.00000000099999999993 0.81915553647118377611 0.00000000099999999993 0.18084446052881611444 
0.00000000099999999996 0.00000000099999999996 0.00000000099999999996 0.00000000099999999996 0.99999999599999989108 
0.00029326243340100023 0.00000000099999999996 0.00000000099999999996 0.00000000099999999996 0.99970673456659886469 
0.00000000099999999997 0.00000086362076637879 0.97376474557198866577 0.00000000099999999997 0.02623438880724496616 
0.00000000099999999985 0.00000000099999999985 0.00000000099999999985 0.00000000099999999985 0.99999999600000000211 
0.00000000099999999997 0.00000000099999999997 0.91637909201591216668 0.06660632826192321165 0.01701457772216455333 
0.00000000099999999996 0.00000000099999999996 0.97713578386054289471 0.02286420874393068833 0.00000000539552628164 
0.00000000099999999995 0.00000000099999999995 0.99999999600000000211 0.00000000099999999995 0.00000000099999999995 
0.00000000099999999994 0.00000000099999999994 0.99614575668525662255 0.00000000099999999994 0.00385424031474319775 
0.00000000099999999995 0.00000000099999999995 0.94636176625213452862 0.00000000099999999995 0.05363823074786537581 
0.00000000099999999996 0.00000000099999999996 0.99999998249143995377 0.00000000099999999996 0.00000001450856000623 
0.00000000099999999995 0.00000000099999999995 0.93000022061997611456 0.00000000099999999995 0.06999977638002378988 
0.00000000099999999999 0.01513515413649483762 0.86799617956056707158 0.02926764737057236179 0.08760101793236571566 
