0.00000000099999999993 0.99999999699999997382 0.00000000099999999993 0.00000000099999999993 
0.00000000099999999986 0.00000000099999999986 0.99999999699999986280 0.00000000099999999986 
0.00000000099999999992 0.99999999699999997382 0.00000000099999999992 0.00000000099999999992 
0.00000000099999999986 0.00000000099999999986 0.99999999699999986280 0.00000000099999999986 
0.99165404358029329845 0.00000000099999999995 0.00834595441970681882 0.00000000099999999995 
0.00000000099999999998 0.95237267370170874958 0.00000000099999999998 0.04762732429829122371 
0.00000000099999999995 0.99820993859835849271 0.00000000099999999995 0.00179005940164153566 
0.00000000099999999993 0.99999999700000008485 0.00000000099999999993 0.00000000099999999993 
0.00000000099999999998 0.99999743911500948990 0.00000255888499036416 0.00000000099999999998 
0.00000000099999999995 0.99999843029254653626 0.00000000099999999995 0.00000156770745360344 
0.00000001793850586325 0.77038598381920952995 0.20377015390328828692 0.02584384433899639816 
0.00000000099999999991 0.99999999700000008485 0.00000000099999999991 0.00000000099999999991 
0.00000000099999999987 0.00000000099999999987 0.99999999699999986280 0.00000000099999999987 
0.00000000099999999996 0.99999999699999997382 0.00000000099999999996 0.00000000099999999996 
0.00000000099999999998 0.99793627713168442384 0.00000000099999999998 0.00206372086831574592 
0.00000000099999999992 0.99999999699999997382 0.00000000099999999992 0.00000000099999999992 
0.00000000099999999988 0.00000000099999999988 0.99999999699999997382 0.00000000099999999988 
0.00000000099999999998 0.92693844716857809463 0.07306155083142194806 0.00000000099999999998 
0.00000000099999999995 0.99995171144273387043 0.00000000099999999995 0.00004828655726612212 
0.00000000099999999994 0.00000000099999999994 0.99999999699999997382 0.00000000099999999994 
0.99999999699999997382 0.00000000099999999993 0.00000000099999999993 0.00000000099999999993 
0.96827052483564701735 0.00000000099999999994 0.03172947316435292819 0.00000000099999999994 
0.99999999700000008485 0.00000000099999999995 0.00000000099999999995 0.00000000099999999995 
0.99999999699999997382 0.00000000099999999994 0.00000000099999999994 0.00000000099999999994 
0.00000000099999999991 0.99999999699999997382 0.00000000099999999991 0.00000000099999999991 
0.00000000099999999987 0.00000000099999999987 0.99999999699999997382 0.00000000099999999987 
0.95292154949402507746 0.00000000099999999997 0.04707844850597492359 0.00000000099999999997 
0.96313746120417575991 0.00000000099999999995 0.03686253679582435910 0.00000000099999999995 
0.00000000099999999986 0.00000000099999999986 0.99999999699999986280 0.00000000099999999986 
0.00000000099999999987 0.00000000099999999987 0.99999999699999986280 0.00000000099999999987 
0.00000000099999999992 0.99999999699999997382 0.00000000099999999992 0.00000000099999999992 
0.97808776290929078101 0.00000000099999999995 0.02191223509070912984 0.00000000099999999995 
0.00000000099999999997 0.98494495671931903136 0.00000000099999999997 0.01505504128068100786 
0.97186344187194495525 0.00000000099999999994 0.02813655612805495213 0.00000000099999999994 
0.00000000099999999995 0.99999999699999997382 0.00000000099999999995 0.00000000099999999995 
0.00000000099999999984 0.00000000099999999984 0.99999999699999997382 0.00000000099999999984 
0.91326509236391550939 0.00000000099999999997 0.08322689852440894043 0.00350800811167561056 
0.00000000099999999991 0.99999999699999997382 0.00000000099999999991 0.00000000099999999991 
0.00000000099999999989 0.99999999699999997382 0.00000000099999999989 0.00000000099999999989 
0.98731822329233431823 0.00000000099999999994 0.01268177470766560476 0.00000000099999999994 
0.00000000099999999978 0.00000000099999999978 0.00000000099999999978 0.99999999700000008485 
0.99999999700000008485 0.00000000099999999995 0.00000000099999999995 0.00000000099999999995 
0.98319336540365998012 0.00000000099999999994 0.01680663259634003134 0.00000000099999999994 
0.97233023008254115815 0.00000000099999999995 0.02766976791745883596 0.00000000099999999995 
0.98303915537288555360 0.00000000099999999996 0.01696084262711436419 0.00000000099999999996 
0.94744093295613751593 0.00000000099999999993 0.05255906504386243655 0.00000000099999999993 
0.96820929395176236198 0.00000000099999999993 0.03179070404823757662 0.00000000099999999993 
0.00000000099999999976 0.00000000099999999976 0.00000000099999999976 0.99999999699999997382 
0.99999999699999997382 0.00000000099999999993 0.00000000099999999993 0.00000000099999999993 
0.99999999699999997382 0.00000000099999999996 0.00000000099999999996 0.00000000099999999996 
0.00000000099999999989 0.00000000099999999989 0.00000000099999999989 0.99999999700000008485 
0.00000000099999999973 0.00000000099999999973 0.00000000099999999973 0.99999999699999997382 
0.99999999700000008485 0.00000000099999999993 0.00000000099999999993 0.00000000099999999993 
0.97313456449998014808 0.00000000099999999997 0.02686543350001976971 0.00000000099999999997 
0.99999999700000008485 0.00000000099999999994 0.00000000099999999994 0.00000000099999999994 
0.95150895347836028648 0.00000000099999999997 0.04849104452163977702 0.00000000099999999997 
0.99756372293037165466 0.00000000099999999995 0.00243627506962834812 0.00000000099999999995 
0.99999999700000008485 0.00000000099999999994 0.00000000099999999994 0.00000000099999999994 
0.00000000100000000000 0.59214025880921683509 0.08347749431982502688 0.32438224587095815243 
0.96278239608936244665 0.00000000099999999997 0.03721760191063745726 0.00000000099999999997 
0.97030456040797907757 0.00000000099999999994 0.02969543759202094776 0.00000000099999999994 
0.93200457804232761383 0.00000000099999999994 0.06799541995767233171 0.00000000099999999994 
0.96408577021805841323 0.00000000099999999999 0.01351737247736103931 0.02239685630458067289 
0.99999999700000008485 0.00000000099999999993 0.00000000099999999993 0.00000000099999999993 
0.96362343440529729666 0.01543616938337491126 0.02094039521132769893 0.00000000099999999999 
0.81726211044146124252 0.11680315914554026402 0.03277420957219159825 0.03316052084080681889 
0.99999999699999997382 0.00000000099999999995 0.00000000099999999995 0.00000000099999999995 
0.99999999699999997382 0.00000000099999999997 0.00000000099999999997 0.00000000099999999997 
0.98920015463478772055 0.00000000099999999996 0.01079984336521227356 0.00000000099999999996 
0.99999999699999997382 0.00000000099999999995 0.00000000099999999995 0.00000000099999999995 
0.98220163514329594801 0.00000000099999999994 0.01779836285670411203 0.00000000099999999994 
0.99999816896393656229 0.00000000099999999994 0.00000182903606342228 0.00000000099999999994 
0.94612585553003247796 0.00000000099999999994 0.05387414246996737044 0.00000000099999999994 
0.98711348656856368056 0.00000000099999999994 0.01288651143143636907 0.00000000099999999994 
0.96982447807574645449 0.00000000099999999996 0.03017551992425365412 0.00000000099999999996 
0.47793728938441398801 0.00000000099999999998 0.03817306584521457102 0.48388964377037141373 
0.98798778918086394008 0.00000000099999999997 0.01201220881913620323 0.00000000099999999997 
0.00000000099999999983 0.00000000099999999983 0.00000000099999999983 0.99999999699999997382 
0.99999999699999997382 0.00000000099999999995 0.00000000099999999995 0.00000000099999999995 
0.99999970702637042130 0.00000000099999999992 0.00000029097362965532 0.00000000099999999992 
0.97938744646484876544 0.00000000099999999996 0.01651534853175379639 0.00409720400339737799 
0.96575126685006640326 0.00000000099999999996 0.03424873114993357698 0.00000000099999999996 
0.96065360519003883955 0.00000000099999999992 0.03934639280996111294 0.00000000099999999992 
0.93961705046882437742 0.00000000099999999993 0.06038294753117570690 0.00000000099999999993 
0.69522428106606082299 0.22404152037623534244 0.08072601372669754860 0.00000818483100631018 
0.99999997333574197622 0.00000000099999999996 0.00000002466425806502 0.00000000099999999996 
0.00000000099999999977 0.00000000099999999977 0.00000000099999999977 0.99999999699999997382 
0.97507337488883827348 0.00000000099999999997 0.02492662311116158186 0.00000000099999999997 
0.00000000099999999976 0.00000000099999999976 0.00000000099999999976 0.99999999700000008485 
0.99161243064078929965 0.00000000099999999992 0.00838756735921077773 0.00000000099999999992 
0.99124345509162925527 0.00000000099999999995 0.00875654290837065731 0.00000000099999999995 
0.94016117259461595701 0.00000000099999999997 0.01252351176596879639 0.04731531463941537202 
0.99999999700000008485 0.00000000099999999997 0.00000000099999999997 0.00000000099999999997 
0.99937128435738764587 0.00000000099999999994 0.00062871364261243932 0.00000000099999999994 
0.95984019638895989868 0.00000000099999999995 0.04015980161104010931 0.00000000099999999995 
0.99999977452367594388 0.00000000099999999996 0.00000022347632403496 0.00000000099999999996 
0.99999999699999997382 0.00000000099999999991 0.00000000099999999991 0.00000000099999999991 
0.99999999684708495984 0.00000000099999999995 0.00000000115291503523 0.00000000099999999995 
0.99999999700000008485 0.00000000099999999993 0.00000000099999999993 0.00000000099999999993 
0.99947433367408733407 0.00000000099999999994 0.00052566432591258936 0.00000000099999999994 
0.85586320069637900065 0.02517647644580951055 0.10523828510479626974 0.01372203775301536824 
0.81531857078756220236 0.12476712187150174049 0.05991430634093609237 0.00000000100000000000 
0.99981808188818876992 0.00000000099999999997 0.00000000099999999997 0.00018191611181134451 
0.95874546781511016391 0.00000000099999999996 0.04125453018488998286 0.00000000099999999996 
0.92520394654342874574 0.00000000099999999997 0.07479605145657122756 0.00000000099999999997 
0.97415687695670361013 0.00000000099999999997 0.02584312104329632501 0.00000000099999999997 
0.99999999699999997382 0.00000000099999999996 0.00000000099999999996 0.00000000099999999996 
0.99999999699999997382 0.00000000099999999994 0.00000000099999999994 0.00000000099999999994 
0.99999367639870617719 0.00000000099999999996 0.00000632160129381066 0.00000000099999999996 
0.99999926129432414879 0.00000000099999999996 0.00000073670567589797 0.00000000099999999996 
0.99999999700000008485 0.00000000099999999994 0.00000000099999999994 0.00000000099999999994 
0.94793884494404900831 0.00000000099999999999 0.03569938912821502691 0.01636176492773584387 
