1.215544	-0.020669	0.292809	0.000180	-0.034136	0.266016	0.282098	0.273344	0.276447	0.267020	0.183766	0.286521	0.245972	0.251721	-0.020108	0.257041	0.283838	0.269363	-0.026120	0.293558	0.261072	-0.016062	-0.032286	-0.050173	-0.052968	-0.067430	0.286398	-0.035339	-0.035149	-0.056000	-0.044677	-0.047522	-0.038307	-0.011758	0.282343	0.272490	-0.053586	0.257334	-0.040060	0.230813	-0.017681	-0.046906	0.285217	0.277369	-0.041238	-0.038156	-0.049309	-0.065332	-0.067184	-0.067990	-0.046842	-0.042075	-0.044396	-0.057123	-0.049189	-0.034524	-0.052161	-0.055631	-0.052363	-0.058453	-0.053861	-0.035772	-0.065136	-0.045851	0.124191	-0.050149	-0.059065	-0.046622	-0.063114	-0.054159	-0.030631	0.014970	-0.043181	-0.078286	0.139880	0.129339	0.119119	-0.060652	-0.045501	-0.044918	-0.043812	-0.068348	-0.041382	-0.046367	-0.048124	-0.010358	-0.037702	-0.041933	-0.033309	-0.046323	-0.046032	-0.063563	-0.053940	0.004429	-0.066721	-0.058684	-0.050225	-0.055475	-0.058552	-0.056245	-0.064393	-0.057441	-0.042012	-0.056853	-0.053899	-0.057465	-0.042764	-0.064990	-0.047495	-0.063546	-0.038487	-0.065376	-0.039972	-0.054007	-0.045730	-0.029283	-0.051433	-0.058913	-0.050808	-0.044612	-0.064751	-0.043044	-0.023395	-0.056882	-0.072319	-0.060304	-0.054223	-0.081184	-0.029749	-0.046125	0.021777	-0.053264	-0.047957	-0.060500	-0.053777	-0.038658	-0.065977	-0.067826	-0.064708	-0.037945	-0.065467	-0.050147	-0.069043	-0.049163	-0.049124	-0.054810	-0.043072	-0.084911	-0.041843	-0.041073	-0.054819	-0.060991	-0.062113	-0.066589	-0.042469	-0.054949	-0.058419	-0.060989	-0.074540	-0.061725	-0.052286	-0.045394	-0.059798	-0.070493	-0.067507	-0.056683	-0.063483	-0.054782	0.062137	-0.050955	-0.073386	-0.059891	-0.056777	-0.056058	-0.048405	-0.060965	-0.031601	-0.059458	-0.037169	-0.033054	-0.007167	-0.027415	-0.029417	0.203917	0.209794	-0.054835	-0.039438	0.187992	-0.036286	-0.021144	-0.077381	-0.049640	0.016014	-0.069975	-0.073957	-0.064388	-0.054414	-0.055656	-0.034861	-0.048989	-0.051850	-0.047080	-0.055238	-0.100650	-0.052615	-0.063432	-0.060530	-0.058052	-0.064009	-0.061869	-0.052848	-0.046225	-0.061618	-0.055373	
-0.020669	0.930504	-0.025168	0.125551	0.043093	-0.017192	-0.011116	-0.007830	-0.005854	0.008102	-0.013016	-0.024226	-0.022721	-0.017480	0.129115	-0.032690	-0.013521	-0.014344	0.158128	0.008068	-0.031800	0.134339	0.055412	0.039299	0.055123	0.028555	-0.018809	0.118206	0.041063	0.052098	0.127665	0.127042	0.102145	0.147343	-0.028320	-0.023973	0.074951	-0.010008	0.039643	-0.022315	0.132218	0.047373	-0.023778	-0.030616	0.044440	-0.089388	0.052273	0.024185	0.053237	0.053275	0.067908	0.047458	-0.084509	0.035842	-0.082563	0.046999	-0.072864	-0.094686	0.017528	0.067011	0.039075	0.054412	0.037168	0.054309	-0.025310	0.030368	0.055241	0.031797	0.045132	0.065315	0.028640	0.009938	0.038637	0.013786	-0.024507	-0.030659	-0.039853	0.050925	0.048381	0.047423	0.031160	0.033432	0.051891	0.056636	0.006449	0.034429	-0.085798	0.038018	0.038763	0.060603	0.054907	0.046739	0.035317	0.007002	0.021089	-0.092384	0.058574	-0.091566	0.043385	0.044137	0.018702	0.044435	0.032802	0.037679	0.059686	0.043964	0.035475	0.034122	0.052303	0.028034	0.015059	0.057401	0.043869	0.040509	0.032412	0.062539	0.027786	0.055713	0.043074	0.036959	0.043432	0.036853	0.039489	-0.083065	-0.092150	-0.109711	-0.092757	-0.065018	-0.097783	-0.080556	-0.015934	-0.088836	-0.084370	-0.078854	-0.097383	-0.101188	-0.022739	0.040451	-0.082823	-0.108261	-0.083483	0.028238	-0.099436	-0.088909	-0.075589	-0.107123	-0.089990	-0.088844	-0.082230	-0.091611	-0.098862	-0.094919	-0.038033	-0.089670	-0.086954	-0.074882	-0.101549	-0.078478	0.001845	-0.098108	-0.084912	-0.094496	-0.106939	-0.098577	-0.099738	-0.093266	-0.081872	0.039391	-0.016269	-0.091510	0.037538	0.022729	-0.074321	-0.074061	-0.095159	0.030319	0.027731	0.036514	0.045308	0.006191	0.045280	0.025433	0.010202	-0.020799	-0.016367	0.012441	0.050396	-0.007158	0.036096	-0.032614	-0.046036	-0.074741	-0.080446	-0.080231	0.027300	-0.106246	0.032560	-0.086223	-0.075875	-0.078959	-0.103183	-0.087273	-0.091699	-0.045179	-0.086489	0.039290	-0.093873	0.016700	-0.073614	0.023015	0.014923	-0.074462	-0.099347	-0.082061	
0.292809	-0.025168	1.235580	-0.022336	-0.069838	0.283958	0.305824	0.297444	0.290709	0.267817	0.182168	0.279550	0.253634	0.267697	-0.013356	0.298320	0.268350	0.290080	-0.003579	0.278972	0.308915	-0.016146	-0.050435	-0.059168	-0.033812	-0.061662	0.297151	-0.028158	-0.062571	-0.041350	-0.029152	-0.028124	-0.031029	-0.025314	0.272547	0.263009	-0.047893	0.286401	-0.042968	0.299714	-0.026188	-0.060236	0.276804	0.308816	-0.071002	-0.052754	-0.067560	-0.046183	-0.079220	-0.071431	-0.057200	-0.051074	-0.028491	-0.069730	-0.034970	-0.059307	-0.067629	-0.030422	-0.067115	-0.059527	-0.061171	-0.040144	-0.069799	-0.062727	0.126556	-0.067413	-0.059826	-0.070076	-0.045439	-0.059528	-0.048797	-0.017351	-0.056265	-0.062986	0.154442	0.155352	0.170720	-0.069936	-0.055467	-0.062684	-0.049483	-0.060189	-0.053901	-0.026849	-0.050934	-0.057858	-0.051165	-0.064005	-0.058438	-0.074416	-0.052008	-0.056340	-0.075161	0.022534	-0.062728	-0.040443	-0.052880	-0.053173	-0.075030	-0.049779	-0.078670	-0.074297	-0.064073	-0.062442	-0.057455	-0.071572	-0.078781	-0.078649	-0.048592	-0.038658	-0.034086	-0.062708	-0.068580	-0.062602	-0.061587	-0.057610	-0.063571	-0.070347	-0.067884	-0.053885	-0.046823	-0.067984	-0.049309	-0.054067	-0.017145	-0.041064	-0.071998	-0.075248	-0.055416	-0.050155	-0.061478	-0.035913	-0.045845	-0.051057	-0.050266	-0.069786	-0.076362	-0.050867	-0.043579	-0.066301	-0.022852	-0.046443	-0.049540	-0.051406	-0.053839	-0.029178	-0.040544	-0.053189	-0.054748	-0.043358	-0.061661	-0.046089	-0.045265	-0.054209	-0.047512	-0.033595	-0.059447	-0.065884	-0.074270	-0.032667	-0.072165	-0.028098	-0.059052	-0.052679	-0.047692	-0.061249	-0.067582	-0.039398	-0.033902	-0.050258	-0.088249	-0.081991	-0.038851	-0.056653	-0.049575	-0.064802	-0.046107	-0.062047	-0.054680	-0.102839	-0.046328	-0.008934	-0.037663	0.286007	0.205394	-0.063975	-0.042786	0.234989	-0.046797	-0.065875	-0.050246	0.031499	-0.028978	-0.046553	-0.080521	-0.051150	-0.077934	-0.056774	-0.042025	-0.049804	-0.043680	-0.034493	-0.052662	-0.030261	-0.050081	-0.070182	-0.065161	-0.079041	-0.051075	-0.078973	-0.057381	-0.049962	-0.064808	-0.047089	
0.000180	0.125551	-0.022336	0.964542	0.061252	-0.016701	-0.031242	-0.019024	-0.003317	-0.015270	0.000289	-0.011769	-0.021362	-0.020176	0.115696	-0.015801	-0.045632	-0.018575	0.113507	-0.018563	-0.011323	0.110156	0.050004	0.040315	0.044908	0.068545	-0.025392	0.124224	0.038918	0.042471	0.132894	0.121173	0.121419	0.132415	-0.025233	-0.012278	0.056237	-0.031265	0.059802	-0.007399	0.149970	0.054101	-0.004303	-0.022634	0.045102	-0.091358	0.053156	0.055806	0.068330	0.054424	0.047031	0.052301	-0.089477	0.041425	-0.072834	0.049744	-0.072435	-0.094517	0.032137	0.056199	0.043329	0.046591	0.043563	0.033716	-0.050629	0.041387	0.050239	0.047991	0.031661	0.052703	0.012315	0.010673	0.035757	0.011787	-0.032794	-0.044067	-0.042604	0.041242	0.045119	0.060040	0.049590	0.028153	0.030422	0.046481	-0.012543	0.053968	-0.075843	0.030794	0.052780	0.048515	0.054952	0.062443	0.048453	0.020852	0.031890	-0.083232	0.048872	-0.085327	0.041631	0.053466	0.035796	0.014582	0.035894	0.041089	0.050599	0.058209	0.045790	0.030990	0.036822	0.059707	0.026126	0.044159	0.041166	0.047985	0.046722	0.034234	0.043959	0.033211	0.044736	0.041335	0.056315	0.031840	0.054091	-0.107982	-0.097722	-0.096782	-0.090353	-0.012928	-0.104694	-0.080295	-0.068825	-0.096870	-0.087952	-0.088549	-0.098913	-0.097110	-0.008236	0.070876	-0.087833	-0.098874	-0.086851	0.034027	-0.088849	-0.097642	-0.079648	-0.081821	-0.102461	-0.071130	-0.090661	-0.093673	-0.099077	-0.084005	-0.028060	-0.103003	-0.099421	-0.092832	-0.089144	-0.097974	0.027907	-0.096974	-0.098766	-0.110419	-0.110801	-0.100092	-0.104518	-0.093648	-0.105600	0.015820	0.032142	-0.101132	0.038347	0.043823	-0.094495	-0.093507	-0.092755	0.060847	0.031511	0.028226	0.047369	0.005350	0.052739	0.030170	-0.007830	-0.019979	-0.010437	0.041276	0.039614	-0.002397	0.060474	-0.042872	-0.098407	-0.089385	-0.102107	-0.101121	0.026292	-0.101622	0.057062	-0.087969	-0.092311	-0.091895	-0.096849	-0.107346	-0.081901	-0.057935	-0.085963	0.025131	-0.093911	0.007832	-0.085793	0.022674	0.006622	-0.096254	-0.103466	-0.086746	
-0.034136	0.043093	-0.069838	0.061252	0.913876	-0.047918	-0.062390	-0.053256	-0.048759	-0.028009	-0.023082	-0.046710	-0.053409	-0.045496	0.056777	-0.056527	-0.030685	-0.056049	0.047857	-0.050761	-0.056207	0.042811	0.061218	0.057772	0.068914	0.087064	-0.062879	0.062013	0.054324	0.075857	0.022923	0.035769	0.022832	0.065998	-0.061747	-0.052860	0.072346	-0.050526	0.042522	-0.071754	0.050874	0.101628	-0.071414	-0.068116	0.086587	-0.083322	0.077463	0.041889	0.082183	0.081146	0.080103	0.094951	-0.091420	0.074322	-0.086089	0.080016	-0.099924	-0.106632	0.069831	0.074915	0.068097	0.083328	0.079641	0.070902	-0.056725	0.077142	0.056493	0.066464	0.058671	0.057255	0.054001	0.029819	0.073108	0.054878	-0.044925	-0.039916	-0.060423	0.070885	0.077861	0.078136	0.070096	0.089861	0.077877	0.094576	-0.022954	0.056277	-0.091374	0.072670	0.073789	0.055858	0.070879	0.069229	0.092114	0.025752	0.078587	-0.112694	0.074199	-0.093000	0.058855	0.088920	0.048465	0.062703	0.058368	0.065486	0.074405	0.087374	0.075223	0.093282	0.083317	0.034812	0.036817	0.067723	0.079186	0.088150	0.068030	0.050912	0.081821	0.048615	0.071842	0.058751	0.064619	0.069525	0.091244	-0.094910	-0.110146	-0.106700	-0.091296	-0.026150	-0.111713	-0.121841	-0.051963	-0.102347	-0.103225	-0.104941	-0.100712	-0.111458	-0.008618	0.058063	-0.107259	-0.104528	-0.112160	0.036417	-0.100243	-0.111092	-0.104533	-0.090878	-0.092959	-0.087637	-0.107114	-0.104382	-0.109610	-0.117508	-0.012739	-0.107239	-0.091775	-0.093864	-0.101757	-0.098928	0.060862	-0.107658	-0.101614	-0.107049	-0.099383	-0.102166	-0.102200	-0.088849	-0.103911	0.003583	0.004213	-0.100786	0.065411	0.083778	-0.098218	-0.092270	-0.100272	0.045289	0.051252	0.075834	0.022255	0.075632	0.037065	0.036425	0.009681	-0.043772	-0.032771	0.059594	0.066378	-0.047773	0.063105	-0.012412	-0.059843	-0.100379	-0.079028	-0.101121	0.061431	-0.127289	0.062090	-0.089734	-0.089582	-0.101647	-0.103930	-0.086297	-0.104361	-0.016291	-0.103646	0.043878	-0.104878	0.077703	-0.094721	0.075183	0.063191	-0.094513	-0.122144	-0.094128	
0.266016	-0.017192	0.283958	-0.016701	-0.047918	1.207489	0.259277	0.278663	0.234617	0.242045	0.190246	0.267769	0.249103	0.263949	-0.000571	0.249046	0.264664	0.218381	-0.021754	0.256805	0.261563	-0.017497	-0.049266	-0.059515	-0.026003	-0.071007	0.282064	-0.032752	-0.055813	-0.043498	-0.009462	-0.022327	-0.020232	-0.030850	0.283786	0.259750	-0.039215	0.248806	-0.052206	0.255154	-0.010765	-0.057382	0.261275	0.277060	-0.045916	-0.025269	-0.048371	-0.067937	-0.063846	-0.058360	-0.038635	-0.058077	-0.038039	-0.071752	-0.029354	-0.041023	-0.028367	-0.047228	-0.064012	-0.058549	-0.062471	-0.053229	-0.076441	-0.062892	0.105085	-0.055692	-0.061873	-0.053634	-0.060250	-0.062137	-0.038027	-0.010144	-0.047438	-0.067209	0.156691	0.146092	0.148026	-0.065330	-0.058068	-0.061482	-0.067569	-0.068276	-0.058279	-0.050214	-0.044918	-0.054585	-0.044627	-0.052398	-0.054751	-0.049794	-0.060554	-0.066506	-0.046019	0.032223	-0.073493	-0.031161	-0.050450	-0.028958	-0.058243	-0.044176	-0.061800	-0.035111	-0.058041	-0.037983	-0.061546	-0.056545	-0.043500	-0.050073	-0.044145	-0.040215	-0.066196	-0.048989	-0.051577	-0.053306	-0.054234	-0.056265	-0.063484	-0.068367	-0.064288	-0.057321	-0.057290	-0.049992	-0.025540	-0.063089	-0.055188	-0.032699	-0.063229	-0.062049	-0.057664	-0.019704	-0.043390	-0.022798	-0.051397	-0.044991	-0.047049	-0.068071	-0.068742	-0.070114	-0.053653	-0.068778	-0.038874	-0.047691	-0.049840	-0.046107	-0.037421	-0.054308	-0.050142	-0.066231	-0.049927	-0.031838	-0.048149	-0.021139	-0.049006	-0.047593	-0.045534	-0.031007	-0.037716	-0.055275	-0.079961	-0.027820	-0.041883	-0.035362	-0.052597	-0.043362	-0.060059	-0.052479	-0.032987	-0.028054	-0.041917	-0.032617	-0.075621	-0.067792	-0.030926	-0.071431	-0.037531	-0.073072	-0.066264	-0.065247	-0.045146	-0.032370	-0.036407	-0.051883	-0.054793	0.202711	0.198640	-0.040939	-0.026084	0.183247	-0.045604	0.039115	-0.026527	-0.030634	0.008368	-0.027686	-0.066701	-0.047666	-0.076547	-0.056455	-0.047234	-0.044881	-0.040702	-0.039211	-0.034569	-0.075540	-0.065385	-0.055768	-0.059915	-0.065931	-0.056287	-0.064854	-0.080242	-0.057609	-0.046180	-0.050170	
0.282098	-0.011116	0.305824	-0.031242	-0.062390	0.259277	1.238950	0.293996	0.294396	0.268353	0.220638	0.318868	0.308414	0.333110	-0.015145	0.307065	0.277478	0.323885	-0.007973	0.299733	0.296988	-0.019163	-0.044274	-0.063019	-0.051935	-0.066151	0.300732	-0.054427	-0.048658	-0.058079	-0.023782	-0.034199	-0.034755	-0.030312	0.316391	0.315919	-0.055666	0.248521	-0.064990	0.295592	-0.029169	-0.073886	0.325515	0.288457	-0.049457	-0.041722	-0.076540	-0.055665	-0.063142	-0.069881	-0.059842	-0.073838	-0.043251	-0.081045	-0.047522	-0.054471	-0.052512	-0.048926	-0.078234	-0.061171	-0.059936	-0.054479	-0.075381	-0.070667	0.097646	-0.054147	-0.047984	-0.050352	-0.044483	-0.047543	-0.038152	-0.013641	-0.057587	-0.073753	0.128048	0.127305	0.133140	-0.045641	-0.035874	-0.078482	-0.050390	-0.051521	-0.047211	-0.038687	-0.032995	-0.042914	-0.058672	-0.047043	-0.058385	-0.055127	-0.052533	-0.062670	-0.062357	0.025632	-0.067276	-0.050578	-0.074456	-0.050477	-0.069907	-0.058716	-0.077215	-0.062507	-0.064230	-0.059112	-0.050886	-0.046862	-0.053001	-0.048752	-0.047700	-0.071572	-0.046491	-0.055522	-0.085348	-0.069247	-0.075378	-0.100342	-0.081745	-0.060043	-0.066914	-0.034525	-0.071388	-0.045926	-0.032171	-0.048407	-0.047567	-0.049576	-0.073906	-0.055186	-0.051415	-0.051789	-0.038542	-0.059469	-0.054956	-0.045342	-0.049720	-0.073925	-0.068250	-0.076240	-0.073416	-0.066695	-0.054008	-0.038557	-0.064917	-0.058774	-0.048462	-0.048857	-0.053135	-0.056326	-0.050901	-0.050395	-0.051654	-0.057909	-0.040840	-0.055661	-0.032026	-0.034395	-0.052821	-0.045544	-0.081373	-0.035130	-0.057057	-0.056403	-0.068229	-0.059417	-0.058632	-0.056982	-0.049245	-0.042574	-0.028250	-0.056963	-0.077429	-0.063425	-0.048298	-0.037222	-0.047950	-0.062567	-0.059074	-0.064377	-0.023384	-0.085866	-0.043694	-0.040676	-0.069642	0.225621	0.231900	-0.065365	-0.063466	0.210436	-0.047525	-0.056899	-0.110215	-0.041362	-0.009349	-0.061860	-0.072174	-0.061761	-0.050883	-0.045388	-0.047179	-0.059234	-0.056379	-0.058257	-0.060704	-0.045828	-0.065983	-0.061573	-0.045242	-0.087234	-0.059018	-0.085862	-0.076480	-0.056528	-0.063093	-0.043918	
0.273344	-0.007830	0.297444	-0.019024	-0.053256	0.278663	0.293996	1.260892	0.298461	0.282383	0.182450	0.320841	0.286495	0.297968	-0.039096	0.273760	0.292349	0.291446	-0.009246	0.278791	0.250056	0.004310	-0.029462	-0.059633	-0.044500	-0.050821	0.318026	-0.019828	-0.054022	-0.050002	-0.015660	-0.008044	-0.019745	-0.020377	0.298487	0.276398	-0.044004	0.255955	-0.053775	0.303305	-0.007167	-0.027876	0.320758	0.285431	-0.044278	-0.052992	-0.054657	-0.063508	-0.064076	-0.063790	-0.069003	-0.046357	-0.046877	-0.067232	-0.019052	-0.047256	-0.045248	-0.054668	-0.078821	-0.067545	-0.060306	-0.049229	-0.076809	-0.057389	0.093615	-0.066617	-0.059782	-0.064997	-0.034127	-0.063556	-0.033582	-0.023601	-0.059171	-0.060643	0.105027	0.113507	0.125385	-0.071562	-0.049589	-0.048496	-0.056092	-0.047216	-0.060689	-0.059624	-0.057050	-0.054115	-0.059009	-0.032589	-0.053668	-0.055966	-0.054972	-0.056981	-0.057045	0.029427	-0.065454	-0.056104	-0.038464	-0.071613	-0.068751	-0.061771	-0.053376	-0.064626	-0.063872	-0.057755	-0.051503	-0.062877	-0.044106	-0.049056	-0.035958	-0.060226	-0.013392	-0.055604	-0.058355	-0.057346	-0.061563	-0.048185	-0.048896	-0.026837	-0.086065	-0.067901	-0.048721	-0.041871	-0.016027	-0.069785	-0.048377	-0.070688	-0.072207	-0.064114	-0.061988	-0.055379	-0.077975	-0.054602	-0.058225	-0.052405	-0.073450	-0.063125	-0.069930	-0.051904	-0.064645	-0.070877	-0.057018	-0.041903	-0.065114	-0.061706	-0.042668	-0.069972	-0.046099	-0.072190	-0.054035	-0.043598	-0.043485	-0.066252	-0.040068	-0.044812	-0.052072	-0.023609	-0.064161	-0.071581	-0.069977	-0.054365	-0.062786	-0.058402	-0.070443	-0.071421	-0.065634	-0.056468	-0.053399	-0.010610	-0.011530	-0.063513	-0.084062	-0.059833	-0.059431	-0.070596	-0.055888	-0.059192	-0.059035	-0.054372	-0.017982	-0.061945	-0.035888	-0.037488	-0.051138	0.210953	0.232660	-0.048788	-0.030040	0.217558	-0.038105	-0.038685	-0.069727	-0.059737	0.065157	-0.068089	-0.074000	-0.066170	-0.059701	-0.059073	-0.047352	-0.040004	-0.044259	-0.069224	-0.085677	-0.100803	-0.070356	-0.076100	-0.063467	-0.081994	-0.041440	-0.067594	-0.075133	-0.060970	-0.053570	-0.072808	
0.276447	-0.005854	0.290709	-0.003317	-0.048759	0.234617	0.294396	0.298461	1.211445	0.262420	0.235337	0.303339	0.286800	0.301721	-0.018697	0.261333	0.311573	0.265231	-0.009689	0.258401	0.270911	-0.015170	-0.061478	-0.075014	-0.052689	-0.043084	0.303560	-0.018314	-0.053847	-0.064880	-0.033159	-0.029155	-0.024819	-0.000771	0.288054	0.274546	-0.053575	0.233538	-0.046589	0.274372	-0.006425	-0.041747	0.314231	0.292355	-0.057545	-0.064574	-0.053891	-0.070562	-0.070552	-0.039235	-0.059027	-0.043729	-0.043081	-0.053706	-0.062170	-0.056082	-0.069951	-0.046340	-0.067253	-0.056175	-0.055838	-0.041460	-0.061579	-0.034251	0.109620	-0.040035	-0.066976	-0.072365	-0.031362	-0.051300	-0.042166	-0.015219	-0.058170	-0.060117	0.116682	0.140650	0.138998	-0.055474	-0.047919	-0.047598	-0.044938	-0.074048	-0.048735	-0.041451	-0.054184	-0.042323	-0.065180	-0.050143	-0.026719	-0.063324	-0.064165	-0.054069	-0.048553	0.071418	-0.052080	-0.035195	-0.031412	-0.063158	-0.069410	-0.054642	-0.075456	-0.049537	-0.062632	-0.077537	-0.055207	-0.064140	-0.062026	-0.039428	-0.033613	-0.055583	-0.005063	-0.061274	-0.042948	-0.046313	-0.053618	-0.045322	-0.054910	-0.051286	-0.075413	-0.067243	-0.069208	-0.049529	-0.051153	-0.076489	-0.059513	-0.042561	-0.051715	-0.053271	-0.043556	-0.053055	-0.027384	-0.057224	-0.073109	-0.073870	-0.058887	-0.056271	-0.075359	-0.054220	-0.052689	-0.032832	-0.053216	-0.042336	-0.075303	-0.056740	-0.054793	-0.056328	-0.054375	-0.049728	-0.053578	-0.040298	-0.048204	-0.038542	-0.041754	-0.064370	-0.059598	-0.048930	-0.053973	-0.062685	-0.062008	-0.050295	-0.052042	-0.042911	-0.069998	-0.057311	-0.073526	-0.063447	-0.058632	-0.018682	-0.036430	-0.046075	-0.087778	-0.062112	-0.053379	-0.059807	-0.060476	-0.057027	-0.024581	-0.084692	-0.034038	-0.101197	-0.043544	-0.061419	-0.038693	0.223142	0.237660	-0.060218	-0.017238	0.194412	-0.024579	-0.042264	-0.051277	-0.023853	-0.076026	-0.077058	-0.053326	-0.070358	-0.062251	-0.053881	-0.050826	-0.060297	-0.056373	-0.040919	-0.053647	-0.054888	-0.054869	-0.047202	-0.066635	-0.073256	-0.054865	-0.078576	-0.084872	-0.054613	-0.044730	-0.064157	
0.267020	0.008102	0.267817	-0.015270	-0.028009	0.242045	0.268353	0.282383	0.262420	1.164491	0.181870	0.274487	0.266301	0.280567	-0.018971	0.236656	0.253112	0.296631	-0.010387	0.258951	0.222210	-0.026870	-0.055638	-0.050709	-0.054365	-0.060997	0.283397	0.000751	-0.051576	-0.060246	-0.021831	-0.026267	-0.019769	-0.018919	0.280017	0.266178	-0.057496	0.228622	-0.043826	0.287411	-0.012469	-0.055755	0.290777	0.291997	-0.060542	-0.045908	-0.057982	-0.046999	-0.064683	-0.053455	-0.063606	-0.047324	-0.045899	-0.054594	-0.055804	-0.041000	-0.053821	-0.043082	-0.057629	-0.046604	-0.057947	-0.057167	-0.039467	-0.058039	0.092904	-0.063634	-0.063489	-0.036826	-0.037640	-0.055677	-0.061234	-0.025319	-0.057775	-0.071325	0.123316	0.124716	0.121649	-0.062724	-0.034825	-0.042266	-0.050745	-0.055890	-0.030465	-0.039586	-0.039116	-0.033344	-0.057441	-0.041594	-0.043572	-0.051440	-0.055916	-0.060183	-0.057286	-0.014683	-0.062833	-0.049332	-0.053171	-0.046705	-0.058067	-0.061696	-0.075142	-0.065633	-0.060615	-0.061108	-0.040088	-0.045479	-0.056807	-0.047094	-0.039371	-0.046704	-0.065875	-0.040146	-0.062031	-0.065321	-0.063467	-0.062584	-0.068605	-0.058548	-0.048923	-0.071863	-0.049185	-0.036432	-0.049987	-0.045177	-0.039647	-0.055103	-0.050437	-0.075975	-0.051324	-0.055359	0.094980	-0.040665	-0.050977	-0.073607	-0.056680	-0.055891	-0.072533	-0.049946	-0.052576	-0.024070	-0.044650	-0.036847	-0.062205	-0.040243	-0.038078	-0.043193	-0.039038	-0.050388	-0.052795	-0.033773	-0.050121	-0.051245	-0.040329	-0.048377	-0.041966	-0.054989	-0.055121	-0.030431	-0.077829	-0.047731	-0.041033	-0.024688	-0.051889	-0.047814	-0.050224	-0.054600	-0.055999	-0.034349	0.006817	-0.031973	-0.084660	-0.077815	-0.052196	-0.049060	-0.055256	-0.063959	-0.035120	-0.063699	-0.037858	-0.000476	-0.027143	-0.042905	-0.043317	0.213064	0.183665	-0.056482	-0.034364	0.204009	-0.051173	-0.010452	-0.069916	-0.053804	-0.033461	-0.065630	-0.044783	-0.076559	-0.066425	-0.050533	-0.058060	-0.043358	-0.033917	-0.054905	-0.051809	0.036053	-0.069718	-0.049604	-0.049719	-0.074828	-0.050089	-0.071637	-0.076872	-0.055846	-0.057310	-0.046267	
0.183766	-0.013016	0.182168	0.000289	-0.023082	0.190246	0.220638	0.182450	0.235337	0.181870	1.144338	0.232398	0.232534	0.219874	-0.010836	0.190340	0.247984	0.203382	0.031380	0.212164	0.208433	-0.002632	-0.039990	-0.033328	-0.056465	-0.009162	0.237935	-0.004757	-0.035377	-0.043258	0.000419	-0.005099	-0.007541	0.003276	0.219112	0.198293	-0.039941	0.193657	-0.058155	0.241985	0.002718	-0.045937	0.195901	0.224789	-0.069785	-0.046336	-0.033600	-0.057271	-0.039684	-0.053401	-0.034871	-0.045386	-0.043791	-0.056105	-0.064403	-0.053379	-0.070850	-0.053713	-0.058053	-0.055975	-0.065036	-0.034032	-0.057187	-0.032504	0.115831	-0.043485	-0.053101	-0.062362	-0.018203	-0.052028	0.007995	0.018389	-0.041870	-0.070658	0.123918	0.113436	0.114079	-0.047532	-0.042356	-0.046009	-0.042558	-0.049183	-0.041127	-0.061137	-0.067850	-0.045723	-0.048961	-0.046869	-0.032117	-0.053485	-0.027292	-0.023089	-0.034441	0.018228	-0.007020	-0.061794	-0.024361	-0.074913	-0.043726	-0.049319	-0.059950	-0.068258	-0.037160	-0.031899	-0.035513	-0.063824	-0.050511	-0.055722	-0.033137	-0.014094	0.003352	-0.036673	-0.028467	-0.013191	-0.035780	-0.045223	-0.035471	-0.052896	-0.055386	-0.035508	-0.031314	-0.050831	-0.025290	-0.047846	-0.029566	-0.021301	-0.031029	-0.062985	-0.036961	-0.087358	0.024927	-0.044385	-0.032160	-0.064929	-0.067877	-0.063998	-0.063125	-0.032877	-0.048882	-0.032272	-0.064260	-0.021155	-0.062865	-0.049822	-0.060454	-0.049607	-0.068542	-0.052832	-0.051140	-0.033734	-0.040461	-0.047801	0.003070	-0.065158	-0.063709	-0.069651	-0.058838	-0.037996	-0.057240	-0.063321	-0.055824	-0.036338	-0.051073	-0.041281	-0.038776	-0.041054	-0.035842	-0.026466	-0.009518	-0.039571	-0.020489	-0.042252	-0.052194	-0.074062	-0.041504	-0.012542	0.017640	-0.038694	-0.029039	-0.054968	-0.031310	-0.032519	-0.027314	0.162200	0.195853	-0.023690	0.034065	0.144587	-0.014448	-0.042390	-0.036836	-0.078700	-0.082643	-0.053175	-0.040389	-0.005359	-0.063598	-0.061398	-0.061542	-0.045144	-0.059445	-0.042868	-0.071838	-0.133352	-0.017919	-0.035284	-0.059303	-0.080701	-0.062685	-0.012315	-0.053702	-0.055178	-0.060655	-0.055235	
0.286521	-0.024226	0.279550	-0.011769	-0.046710	0.267769	0.318868	0.320841	0.303339	0.274487	0.232398	1.281728	0.806672	0.791480	-0.010097	0.268832	0.251851	0.295490	0.000778	0.332046	0.303962	-0.019217	-0.032608	-0.056716	-0.047154	-0.058198	0.294959	-0.033108	-0.052747	-0.057272	-0.018245	-0.029602	-0.004734	-0.019157	0.278470	0.274308	-0.052962	0.254208	-0.046346	0.254433	-0.007630	-0.043078	0.286193	0.339197	-0.031679	-0.050612	-0.067712	-0.074342	-0.053308	-0.053611	-0.055039	-0.057656	-0.055461	-0.068422	-0.046885	-0.065442	-0.068077	-0.063080	-0.075205	-0.062052	-0.065712	-0.041808	-0.069349	-0.073383	0.149043	-0.061602	-0.065177	-0.044856	-0.069993	-0.042610	-0.065702	-0.011019	-0.059505	-0.062010	0.144148	0.151981	0.137563	-0.073322	-0.062164	-0.074478	-0.045652	-0.048014	-0.048475	-0.064793	-0.047527	-0.068472	-0.073165	-0.038297	-0.076151	-0.060706	-0.066299	-0.070731	-0.070770	-0.010976	-0.072000	-0.056781	-0.053740	-0.052771	-0.083739	-0.075102	-0.071198	-0.068729	-0.057149	-0.065635	-0.047852	-0.072374	-0.073410	-0.068544	-0.034221	-0.081892	-0.025888	-0.062417	-0.070195	-0.068840	-0.077799	-0.066583	-0.069009	-0.066312	-0.072523	-0.066813	-0.062122	-0.061383	-0.055658	-0.085917	-0.075356	-0.086460	-0.093228	-0.097817	-0.109237	-0.062607	-0.044710	-0.093480	-0.070905	-0.074948	-0.076341	-0.080510	-0.069653	-0.058007	-0.067579	-0.073980	-0.069371	-0.044674	-0.059918	-0.062278	-0.083495	-0.067385	-0.061354	-0.076270	-0.062703	-0.056797	-0.068334	-0.091725	-0.058217	-0.071719	-0.080851	-0.069462	-0.060562	-0.058115	-0.083564	-0.067561	-0.069211	-0.062387	-0.076632	-0.077591	-0.080127	-0.064197	-0.069442	-0.028198	0.007016	-0.081556	-0.108714	-0.073456	-0.074840	-0.067456	-0.051499	-0.069590	-0.031269	-0.066422	-0.042723	-0.078591	-0.055115	-0.040051	-0.033358	0.259575	0.237453	-0.081444	-0.058363	0.207620	-0.035833	-0.017190	-0.097646	-0.071446	-0.032631	-0.076978	-0.071577	-0.073654	-0.082401	-0.059156	-0.056418	-0.072489	-0.064378	-0.065558	-0.058620	-0.118524	-0.077034	-0.068802	-0.084108	-0.071773	-0.068562	-0.068850	-0.070501	-0.055848	-0.074244	-0.077315	
0.245972	-0.022721	0.253634	-0.021362	-0.053409	0.249103	0.308414	0.286495	0.286800	0.266301	0.232534	0.806672	1.232652	0.768701	-0.019260	0.259900	0.257211	0.270172	-0.016952	0.301652	0.242636	-0.023702	-0.044826	-0.057252	-0.051727	-0.036607	0.265679	-0.026943	-0.050174	-0.051018	-0.013679	-0.027067	-0.012090	-0.027873	0.282700	0.287696	-0.055727	0.234139	-0.059156	0.284624	-0.016035	-0.061899	0.260867	0.303617	-0.047500	-0.041370	-0.077275	-0.078408	-0.053583	-0.057748	-0.062181	-0.050831	-0.067329	-0.077797	-0.043388	-0.070360	-0.081664	-0.060108	-0.064765	-0.060217	-0.072066	-0.034809	-0.065595	-0.077584	0.132949	-0.064619	-0.067466	-0.052266	-0.057074	-0.054931	-0.062168	-0.009789	-0.066753	-0.054858	0.156605	0.162889	0.134154	-0.072474	-0.065421	-0.072545	-0.063572	-0.054027	-0.056127	-0.080495	-0.063452	-0.043569	-0.051092	-0.038074	-0.082580	-0.064795	-0.078250	-0.067593	-0.062937	-0.005698	-0.056592	-0.055617	-0.061926	-0.049741	-0.079919	-0.064680	-0.080667	-0.057257	-0.053299	-0.072035	-0.050793	-0.081396	-0.076317	-0.067522	-0.041683	-0.072909	-0.004511	-0.047807	-0.066905	-0.059779	-0.075432	-0.054857	-0.062210	-0.072275	-0.067499	-0.061217	-0.059515	-0.055883	-0.066133	-0.071995	-0.046690	-0.042743	-0.075062	-0.084042	-0.095902	-0.052879	-0.043540	-0.071035	-0.068417	-0.065784	-0.060303	-0.068623	-0.069120	-0.053890	-0.070380	-0.044828	-0.055987	-0.061087	-0.054677	-0.065377	-0.070352	-0.053075	-0.048448	-0.057976	-0.052287	-0.050668	-0.042760	-0.072959	-0.063928	-0.068789	-0.060728	-0.062053	-0.049139	-0.046546	-0.080148	-0.062566	-0.057057	-0.059108	-0.061399	-0.060851	-0.072691	-0.065737	-0.072536	-0.048850	-0.038512	-0.065097	-0.075978	-0.060103	-0.065982	-0.064162	-0.046293	-0.076133	-0.030422	-0.061736	-0.043765	-0.067557	-0.056438	-0.064276	-0.044270	0.239040	0.232705	-0.068756	-0.056682	0.200557	-0.040624	-0.050305	-0.078556	-0.017179	-0.025026	-0.077302	-0.076555	-0.056940	-0.079964	-0.051854	-0.055881	-0.047664	-0.060564	-0.065159	-0.058181	-0.100474	-0.060505	-0.057619	-0.075138	-0.065344	-0.066912	-0.055694	-0.071907	-0.043875	-0.066491	-0.057253	
0.251721	-0.017480	0.267697	-0.020176	-0.045496	0.263949	0.333110	0.297968	0.301721	0.280567	0.219874	0.791480	0.768701	1.208316	-0.015938	0.266540	0.276841	0.297965	-0.024069	0.289316	0.247948	-0.024226	-0.052736	-0.065872	-0.048513	-0.057535	0.277812	-0.024740	-0.053018	-0.061193	-0.021141	-0.024742	-0.025113	-0.016926	0.287598	0.286577	-0.057009	0.241453	-0.057731	0.292840	-0.022699	-0.055724	0.270606	0.311940	-0.055588	-0.051303	-0.078993	-0.074918	-0.063789	-0.062965	-0.056080	-0.054193	-0.058202	-0.071860	-0.055383	-0.057327	-0.074060	-0.064767	-0.073174	-0.060997	-0.057236	-0.030183	-0.058176	-0.072780	0.140844	-0.049487	-0.061774	-0.052933	-0.050869	-0.069419	-0.050448	-0.025947	-0.055661	-0.060023	0.120123	0.138857	0.124040	-0.070574	-0.057316	-0.064652	-0.061500	-0.066718	-0.064575	-0.073024	-0.047476	-0.055724	-0.076759	-0.050619	-0.085143	-0.068286	-0.077992	-0.072504	-0.062414	-0.025192	-0.058066	-0.070845	-0.058662	-0.052090	-0.077255	-0.070671	-0.080943	-0.098117	-0.062768	-0.069998	-0.043711	-0.074834	-0.080211	-0.072232	-0.042299	-0.061293	-0.033441	-0.048067	-0.065838	-0.052437	-0.067862	-0.058735	-0.064231	-0.067436	-0.079925	-0.065780	-0.056041	-0.052392	-0.049614	-0.073677	-0.057588	-0.068566	-0.078654	-0.070824	-0.074303	-0.061917	-0.027346	-0.068958	-0.065129	-0.058413	-0.062296	-0.074372	-0.066804	-0.048930	-0.057292	-0.072439	-0.066776	-0.035103	-0.073854	-0.058027	-0.070539	-0.054675	-0.052831	-0.068906	-0.053665	-0.061426	-0.064910	-0.074337	-0.051660	-0.063883	-0.061386	-0.057959	-0.059773	-0.067313	-0.073123	-0.062579	-0.062796	-0.062793	-0.076893	-0.080409	-0.064097	-0.060979	-0.081352	-0.043230	-0.023785	-0.062250	-0.089451	-0.067147	-0.062791	-0.067322	-0.036242	-0.068450	-0.041710	-0.074278	-0.029074	-0.063885	-0.052189	-0.049430	-0.044087	0.258511	0.257204	-0.058978	-0.050486	0.193423	-0.041654	-0.055458	-0.077377	-0.045177	-0.059511	-0.068952	-0.069239	-0.069580	-0.067546	-0.062088	-0.057530	-0.059328	-0.062307	-0.063514	-0.050069	-0.065579	-0.071362	-0.063046	-0.063944	-0.071008	-0.067983	-0.054617	-0.068992	-0.051059	-0.068382	-0.049971	
-0.020108	0.129115	-0.013356	0.115696	0.056777	-0.000571	-0.015145	-0.039096	-0.018697	-0.018971	-0.010836	-0.010097	-0.019260	-0.015938	0.943787	-0.020097	-0.029052	0.000977	0.132938	0.002962	-0.019867	0.157333	0.047822	0.046955	0.033270	0.039544	-0.012889	0.140168	0.049517	0.064374	0.109064	0.099111	0.098944	0.111807	-0.032117	-0.026979	0.089434	-0.024002	0.062796	-0.005862	0.148058	0.070016	-0.013760	-0.004985	0.050841	-0.091060	0.052410	0.055672	0.047847	0.075757	0.049558	0.055272	-0.094991	0.047942	-0.074298	0.042030	-0.069275	-0.097529	0.035817	0.044541	0.043828	0.038469	0.020208	0.047860	-0.024582	0.042025	0.040854	0.044801	0.040903	0.049163	0.040850	0.035368	0.040838	0.033212	-0.031074	0.002044	-0.013229	0.036492	0.045769	0.035571	0.041835	0.036874	0.053755	0.065801	-0.017909	0.063441	-0.084890	0.035666	0.048583	0.062743	0.073409	0.062547	0.041857	0.048625	0.042350	-0.089798	0.043632	-0.098986	0.076955	0.046537	0.044059	0.005427	0.058170	0.050800	0.046018	0.050128	0.052750	0.062804	0.037884	0.044964	0.035311	0.044593	0.025164	0.033070	0.037428	0.071616	0.044759	0.031989	0.021583	0.075277	0.045791	0.046080	0.048017	-0.117799	-0.071483	-0.103696	-0.108947	-0.032871	-0.100003	-0.084669	-0.044642	-0.111073	-0.095665	-0.092197	-0.096634	-0.111080	-0.013439	0.045593	-0.088186	-0.089695	-0.079734	0.036076	-0.095678	-0.109898	-0.089277	-0.100522	-0.102694	-0.090247	-0.093080	-0.092293	-0.090538	-0.080872	-0.026809	-0.089609	-0.100621	-0.098772	-0.087118	-0.084221	0.008206	-0.105964	-0.113296	-0.094996	-0.104909	-0.100254	-0.089412	-0.098280	-0.091867	0.054213	-0.032401	-0.095024	0.020314	0.051141	-0.086419	-0.086567	-0.094521	0.025082	0.033638	0.046637	0.044255	0.015659	0.059576	0.050304	0.025014	-0.015573	-0.025701	0.030760	0.016444	-0.009783	0.015407	-0.047494	-0.109709	-0.070705	-0.140150	-0.087445	0.033861	-0.115946	0.021394	-0.086810	-0.102235	-0.105021	-0.094611	-0.109096	-0.086057	-0.028479	-0.087379	0.036433	-0.096776	0.003544	-0.095067	0.031053	0.012004	-0.093357	-0.096191	-0.101321	
0.257041	-0.032690	0.298320	-0.015801	-0.056527	0.249046	0.307065	0.273760	0.261333	0.236656	0.190340	0.268832	0.259900	0.266540	-0.020097	1.183077	0.260010	0.246231	-0.000651	0.269948	0.275339	-0.023775	-0.039298	-0.049426	-0.041044	-0.056484	0.274900	-0.018578	-0.049001	-0.059388	-0.033494	-0.033500	-0.035766	-0.015609	0.291909	0.281495	-0.044147	0.246077	-0.044421	0.273900	-0.031434	-0.053032	0.278414	0.278010	-0.063231	-0.043032	-0.050104	-0.054330	-0.059028	-0.065098	-0.039396	-0.050352	-0.048975	-0.064627	-0.039779	-0.046956	-0.069649	-0.052442	-0.056349	-0.045317	-0.051046	-0.044125	-0.052864	-0.041127	0.134767	-0.064232	-0.068324	-0.047001	-0.050833	-0.052094	-0.048094	-0.016186	-0.044275	-0.067211	0.104214	0.120079	0.112827	-0.038771	-0.048270	-0.045343	-0.049420	-0.042383	-0.040790	-0.037916	-0.042245	-0.040700	-0.017977	-0.041823	-0.051576	-0.049527	-0.051248	-0.064068	-0.067384	0.042417	-0.066061	-0.047569	-0.057101	-0.041692	-0.061406	-0.061293	-0.049331	-0.014110	-0.050910	-0.065297	-0.049323	-0.058806	-0.061048	-0.042106	-0.054373	-0.056255	-0.029974	-0.054951	-0.066740	-0.073483	-0.063008	-0.075485	-0.063769	-0.045446	-0.063037	-0.059174	-0.052767	-0.043892	-0.033436	-0.049223	-0.035971	-0.042120	-0.066095	-0.072787	-0.005889	-0.054223	-0.054593	-0.042832	-0.052873	-0.050471	-0.039957	-0.049220	-0.064702	-0.054697	-0.047831	-0.053533	-0.052730	-0.029710	-0.042635	-0.072076	-0.040270	-0.061404	-0.054461	-0.064503	-0.037909	-0.040313	-0.049789	-0.046463	-0.048928	-0.055750	-0.062873	-0.060582	-0.055880	-0.064666	-0.073603	-0.043454	-0.064067	-0.051187	-0.060037	-0.048520	-0.052929	-0.065240	-0.025845	-0.075185	-0.071103	-0.052668	-0.075101	-0.049107	-0.043354	-0.058994	-0.054710	-0.059330	-0.030596	-0.051212	-0.039030	-0.052680	-0.043873	-0.021673	-0.008373	0.229677	0.218326	-0.060450	-0.038248	0.211815	-0.039938	-0.080666	-0.032988	-0.030217	0.072446	-0.057904	-0.048785	-0.076458	-0.058470	-0.051951	-0.053403	-0.042078	-0.064401	-0.039142	-0.065921	-0.052808	-0.053127	-0.042406	-0.061987	-0.075572	-0.057640	-0.078099	-0.064760	-0.051179	-0.061560	-0.058241	
0.283838	-0.013521	0.268350	-0.045632	-0.030685	0.264664	0.277478	0.292349	0.311573	0.253112	0.247984	0.251851	0.257211	0.276841	-0.029052	0.260010	1.177406	0.307412	0.000820	0.276621	0.278076	0.002298	-0.054622	-0.046300	-0.043859	-0.058759	0.298613	-0.034264	-0.046347	-0.048248	-0.037426	-0.029322	-0.045062	-0.020379	0.261045	0.273032	-0.053355	0.268404	-0.058658	0.273084	-0.047037	-0.060652	0.276402	0.305734	-0.080584	-0.069142	-0.057144	-0.075546	-0.062815	-0.058958	-0.045820	-0.059753	-0.016753	-0.078616	-0.042933	-0.052484	-0.046333	-0.032858	-0.069943	-0.062469	-0.071869	-0.050009	-0.064614	-0.065526	0.112541	-0.074651	-0.018516	-0.062955	-0.046403	-0.092999	-0.021103	-0.012325	-0.054339	-0.081580	0.120329	0.134803	0.137714	-0.079024	-0.041436	-0.050620	-0.052833	-0.073472	-0.064921	-0.049344	-0.070959	-0.053200	-0.041990	-0.042389	-0.050618	-0.037698	-0.050853	-0.052613	-0.061762	0.017490	-0.061342	-0.053645	-0.044832	-0.045755	-0.053127	-0.061656	-0.054443	-0.025343	-0.061648	-0.030014	-0.048180	-0.076650	-0.051185	-0.054166	-0.070455	-0.040348	-0.019428	-0.069340	-0.039708	-0.055575	-0.047012	-0.062823	-0.050222	-0.061292	-0.077881	-0.063155	-0.048616	-0.058027	-0.064762	-0.054025	-0.083141	-0.033533	-0.051657	-0.082108	-0.023282	-0.042293	-0.003131	-0.040354	-0.051288	-0.063937	-0.061193	-0.057952	-0.063086	-0.050750	-0.041161	-0.071553	-0.031425	-0.049962	-0.051992	-0.058682	-0.057423	-0.036305	-0.037581	-0.051176	-0.054891	-0.023757	-0.047911	-0.063135	-0.043548	-0.054932	-0.062470	-0.035665	-0.054711	-0.049281	-0.084883	-0.042655	-0.045694	-0.045823	-0.049055	-0.040576	-0.044371	-0.040537	-0.075707	-0.037898	-0.085644	-0.053733	-0.076112	-0.061079	-0.033016	-0.048567	-0.047886	-0.057692	-0.033450	-0.060799	-0.038241	-0.031475	-0.051998	-0.062529	-0.090279	0.207248	0.189216	-0.057269	-0.009713	0.195995	-0.060233	-0.088470	-0.008362	-0.074767	0.064091	-0.069366	-0.058371	-0.041419	-0.068083	-0.038089	-0.039072	-0.052303	-0.043033	-0.052686	-0.057658	-0.065649	-0.044249	-0.072790	-0.057485	-0.061290	-0.052006	-0.061431	-0.080496	-0.044568	-0.052607	-0.055264	
0.269363	-0.014344	0.290080	-0.018575	-0.056049	0.218381	0.323885	0.291446	0.265231	0.296631	0.203382	0.295490	0.270172	0.297965	0.000977	0.246231	0.307412	1.189072	-0.011007	0.264905	0.267001	-0.003964	-0.062838	-0.061726	-0.073283	-0.062097	0.255485	-0.007025	-0.056863	-0.049604	-0.024682	-0.019711	-0.027184	-0.020516	0.298063	0.286113	-0.048311	0.260040	-0.036874	0.258418	-0.014178	-0.057313	0.294460	0.285778	-0.055375	-0.040697	-0.044469	-0.044809	-0.062324	-0.049388	-0.037272	-0.067324	-0.045411	-0.074003	-0.022606	-0.046989	-0.070688	-0.040707	-0.054590	-0.055235	-0.056668	-0.052255	-0.065865	-0.062689	0.108861	-0.064981	-0.054890	-0.069579	-0.058009	-0.050710	-0.064545	-0.015301	-0.056401	-0.072547	0.149335	0.162678	0.151434	-0.064679	-0.047448	-0.053901	-0.048342	-0.054947	-0.058137	-0.052115	-0.034607	-0.044022	-0.065048	-0.028790	-0.062411	-0.047940	-0.052952	-0.061288	-0.075988	-0.001433	-0.065863	-0.051558	-0.052464	-0.042774	-0.060411	-0.049713	-0.078396	-0.063935	-0.058631	-0.061768	-0.035636	-0.055881	-0.053684	-0.056931	-0.044692	-0.045291	-0.041825	-0.051155	-0.060081	-0.058842	-0.060751	-0.070934	-0.057589	-0.048313	-0.074097	-0.064642	-0.036055	-0.057000	-0.040324	-0.070109	-0.065779	-0.055360	-0.064085	-0.063312	-0.071421	-0.046525	0.001019	-0.060065	-0.054709	-0.043821	-0.069906	-0.060939	-0.065707	-0.050710	-0.060322	-0.046837	-0.041316	-0.064379	-0.058660	-0.047916	-0.041392	-0.063278	-0.057453	-0.049709	-0.044429	-0.055272	-0.071641	-0.075713	-0.038039	-0.040872	-0.042190	-0.038345	-0.048253	-0.044954	-0.085408	-0.042471	-0.052591	-0.046014	-0.068243	-0.047884	-0.049861	-0.069938	-0.059432	-0.049417	-0.039249	-0.043426	-0.081926	-0.054969	-0.045514	-0.054524	-0.067010	-0.065040	-0.031709	-0.063075	-0.043612	-0.058163	-0.034964	-0.044494	-0.056943	0.256407	0.208978	-0.061266	-0.049563	0.210472	-0.038219	-0.076788	-0.048073	-0.036387	-0.048464	-0.064483	-0.076880	-0.065923	-0.063702	-0.040796	-0.036157	-0.040654	-0.043561	-0.060090	-0.061702	-0.066855	-0.064961	-0.049509	-0.048138	-0.083452	-0.056043	-0.072454	-0.080387	-0.055211	-0.049367	-0.043668	
-0.026120	0.158128	-0.003579	0.113507	0.047857	-0.021754	-0.007973	-0.009246	-0.009689	-0.010387	0.031380	0.000778	-0.016952	-0.024069	0.132938	-0.000651	0.000820	-0.011007	0.963281	0.017838	0.006688	0.137016	0.058607	0.051732	0.055007	0.017571	-0.027639	0.127647	0.061831	0.057812	0.125146	0.119875	0.125670	0.138008	-0.035413	-0.011651	0.067266	-0.022468	0.035252	-0.026022	0.158767	0.061704	-0.004258	-0.016068	0.015148	-0.090151	0.045487	0.028104	0.047361	0.033141	0.058704	0.052713	-0.086359	0.035081	-0.057879	0.044956	-0.071510	-0.105045	0.014351	0.037817	0.040347	0.042825	0.037191	0.027669	-0.025641	0.034095	0.047782	0.053771	0.062951	0.019926	0.061780	0.017375	0.034274	0.023448	-0.036694	-0.021925	-0.035954	0.051749	0.054686	0.056552	0.035232	0.044306	0.056559	0.045650	-0.018900	0.040087	-0.090990	0.030794	0.057577	0.054246	0.047760	0.042736	0.034776	0.014139	0.036255	-0.103313	0.017863	-0.106234	0.049750	0.050754	0.018981	0.064261	0.068457	0.039717	0.049899	0.027417	0.048209	0.041028	0.028507	0.025778	0.020459	0.044697	0.035282	0.020724	0.031139	0.041684	0.017455	0.033805	0.029909	0.060973	0.044890	0.044634	0.070012	-0.103118	-0.076899	-0.070152	-0.096732	-0.047036	-0.097927	-0.078604	-0.102621	-0.090823	-0.085464	-0.099121	-0.079192	-0.094226	-0.041124	0.011289	-0.077726	-0.106380	-0.080409	0.023156	-0.093560	-0.109118	-0.079528	-0.110552	-0.087307	-0.075594	-0.081659	-0.096380	-0.110047	-0.096746	-0.049418	-0.101419	-0.096062	-0.087882	-0.096871	-0.086849	-0.005261	-0.106448	-0.103169	-0.090331	-0.097175	-0.091209	-0.090192	-0.082864	-0.073389	0.056935	0.063978	-0.097501	0.012678	0.044074	-0.084100	-0.073624	-0.106992	0.027367	0.036746	0.035834	0.044237	-0.011669	0.056819	0.030391	0.007090	0.005417	-0.022554	0.023163	0.024775	-0.024474	0.032217	0.001927	-0.058162	-0.055262	-0.062922	-0.082761	0.035915	-0.075614	0.031191	-0.092131	-0.085955	-0.090694	-0.096696	-0.082281	-0.062459	-0.032585	-0.082678	0.030258	-0.089741	0.004444	-0.094278	0.029044	0.011984	-0.072582	-0.097294	-0.083282	
