0.000000	0.279677	0.218186	0.273824	0.279032	0.225563	0.224434	0.228600	0.227335	0.222880	0.240546	0.225625	0.232849	0.229317	0.277394	0.222531	0.220054	0.223335	0.279869	0.229420	0.232479	0.272851	0.280248	0.282206	0.289152	0.292199	0.228894	0.285226	0.280924	0.286494	0.286939	0.286377	0.283751	0.276354	0.226678	0.228160	0.285608	0.225851	0.282473	0.232309	0.278341	0.289494	0.229089	0.226398	0.284331	0.295089	0.285497	0.292614	0.297721	0.293304	0.283118	0.280946	0.297529	0.291667	0.301693	0.278241	0.305662	0.300088	0.291001	0.291790	0.287494	0.286499	0.291735	0.288760	0.263983	0.293594	0.292558	0.286245	0.288865	0.285773	0.276926	0.269288	0.280697	0.295374	0.258679	0.265478	0.264780	0.296502	0.283193	0.282543	0.282316	0.293572	0.281864	0.291639	0.293544	0.276655	0.294709	0.286946	0.283656	0.288206	0.283505	0.285856	0.283240	0.276478	0.294568	0.302848	0.287381	0.299885	0.291008	0.290207	0.299308	0.297011	0.286634	0.288938	0.293942	0.291568	0.290419	0.293387	0.287708	0.294494	0.289379	0.291066	0.286997	0.291343	0.287747	0.280376	0.287269	0.298242	0.290939	0.289094	0.290201	0.277062	0.281123	0.302801	0.305239	0.308888	0.302598	0.307231	0.297800	0.292602	0.272482	0.301059	0.296570	0.304440	0.300819	0.299060	0.297251	0.291583	0.301254	0.301296	0.302316	0.290202	0.306077	0.294439	0.297334	0.301300	0.293398	0.307390	0.299398	0.296077	0.302624	0.305208	0.299831	0.304619	0.298591	0.296273	0.301133	0.299061	0.300199	0.303174	0.297740	0.293523	0.302428	0.303376	0.305436	0.301112	0.303697	0.297133	0.287162	0.301970	0.295941	0.289464	0.296163	0.304206	0.299677	0.286628	0.295077	0.295226	0.286945	0.287030	0.281700	0.273320	0.287565	0.242111	0.241379	0.296745	0.293447	0.242167	0.284787	0.288922	0.305774	0.294079	0.299712	0.304626	0.295042	0.308686	0.292852	0.299424	0.294191	0.298078	0.297448	0.298184	0.307096	0.314711	0.300986	0.290544	0.297677	0.290528	0.301403	0.292160	0.294726	0.294036	0.301423	0.296791	
0.279677	0.000000	0.277660	0.217553	0.233387	0.274370	0.276354	0.277750	0.272398	0.268940	0.270362	0.282898	0.280450	0.276512	0.213642	0.275375	0.277965	0.276233	0.210487	0.270229	0.283680	0.212351	0.231689	0.237082	0.230769	0.241576	0.277666	0.220198	0.233793	0.232733	0.215677	0.214241	0.222139	0.211062	0.281971	0.279746	0.225615	0.269482	0.235525	0.278994	0.215014	0.235383	0.285733	0.283111	0.234527	0.293391	0.230585	0.237645	0.237773	0.233719	0.225380	0.236233	0.293071	0.236166	0.294473	0.230398	0.295121	0.297196	0.243433	0.231624	0.236104	0.236082	0.236892	0.235700	0.285961	0.243556	0.232930	0.239795	0.232630	0.231199	0.242245	0.247571	0.233325	0.247100	0.283459	0.290212	0.290650	0.237054	0.232842	0.230498	0.238722	0.240348	0.232991	0.238382	0.258362	0.235164	0.288785	0.238334	0.239326	0.236099	0.230287	0.229936	0.233560	0.251892	0.247407	0.298582	0.231109	0.293437	0.236270	0.236817	0.252245	0.245726	0.237879	0.237589	0.231760	0.238255	0.238830	0.238731	0.232327	0.241605	0.252342	0.231364	0.237442	0.237490	0.238926	0.231790	0.238988	0.230821	0.234817	0.239489	0.233507	0.232264	0.240094	0.297080	0.308000	0.306387	0.299403	0.284130	0.300624	0.284351	0.272152	0.297047	0.291703	0.291008	0.297681	0.299078	0.263267	0.238297	0.291235	0.311141	0.286015	0.247317	0.298023	0.291155	0.288721	0.302133	0.293957	0.291763	0.292186	0.293360	0.302332	0.295536	0.274507	0.296328	0.293505	0.287680	0.299282	0.291555	0.252568	0.297662	0.290020	0.291119	0.300269	0.295871	0.299093	0.293891	0.291600	0.246988	0.280066	0.300075	0.242189	0.243945	0.284621	0.294279	0.294648	0.238210	0.252089	0.243370	0.237641	0.255188	0.244306	0.236683	0.261499	0.272886	0.274952	0.252027	0.249196	0.269833	0.236718	0.279279	0.295189	0.291694	0.291785	0.291845	0.244991	0.309037	0.244439	0.292704	0.289209	0.290375	0.296885	0.293631	0.295551	0.280510	0.293929	0.235510	0.294169	0.246121	0.288498	0.244186	0.252633	0.285483	0.296231	0.286033	
0.218186	0.277660	0.000000	0.279700	0.289787	0.221433	0.220482	0.224147	0.222868	0.223776	0.237598	0.230388	0.232079	0.224808	0.277122	0.216629	0.221377	0.218309	0.273193	0.229558	0.222583	0.271938	0.286428	0.288991	0.280227	0.287246	0.226176	0.280627	0.285436	0.282732	0.277005	0.277274	0.275996	0.278266	0.229994	0.230055	0.282721	0.220614	0.280248	0.219890	0.277254	0.291269	0.230857	0.216752	0.292538	0.296500	0.292395	0.285187	0.297812	0.294970	0.285979	0.287231	0.291604	0.292293	0.298084	0.285697	0.308302	0.291625	0.293465	0.289284	0.289656	0.285254	0.290690	0.289645	0.261365	0.294337	0.290882	0.292779	0.284792	0.288532	0.282803	0.277794	0.284374	0.294877	0.253686	0.257951	0.252154	0.294100	0.288779	0.286127	0.280878	0.288573	0.286480	0.284543	0.293116	0.287342	0.293321	0.293807	0.286183	0.293587	0.286588	0.283489	0.287707	0.277403	0.292649	0.296372	0.285894	0.295132	0.295753	0.286280	0.304356	0.302275	0.289742	0.290935	0.290693	0.295825	0.296395	0.296598	0.281866	0.287228	0.286567	0.289493	0.292945	0.291558	0.290978	0.290148	0.291621	0.295398	0.294294	0.290849	0.286665	0.288602	0.285952	0.304495	0.288462	0.295132	0.305467	0.307667	0.294340	0.289044	0.307484	0.294547	0.296342	0.299248	0.297762	0.302895	0.297373	0.287491	0.293154	0.304232	0.281592	0.286997	0.298563	0.298173	0.295656	0.290883	0.294154	0.295341	0.297797	0.294046	0.301954	0.299282	0.293724	0.297144	0.295491	0.287566	0.297014	0.296765	0.297347	0.291364	0.301280	0.284848	0.301331	0.298992	0.295158	0.300743	0.302882	0.284539	0.294023	0.298347	0.298730	0.295488	0.288457	0.303434	0.295343	0.290098	0.290206	0.293460	0.286933	0.302866	0.290022	0.272319	0.283505	0.222016	0.243785	0.296278	0.289691	0.236022	0.283648	0.309309	0.293126	0.270481	0.275568	0.293200	0.294450	0.300798	0.296274	0.297146	0.298154	0.295268	0.292854	0.293765	0.302644	0.289134	0.301534	0.289957	0.300763	0.295463	0.299048	0.293559	0.296774	0.292786	0.301558	0.292831	
0.273824	0.217553	0.279700	0.000000	0.230853	0.273695	0.282929	0.280927	0.272940	0.272817	0.269037	0.278093	0.278367	0.275371	0.216596	0.272716	0.283924	0.272992	0.219723	0.279560	0.275031	0.214571	0.233342	0.236099	0.237428	0.234355	0.278595	0.215453	0.239041	0.236673	0.211007	0.214338	0.217778	0.215501	0.282727	0.276978	0.234971	0.277089	0.231844	0.272581	0.210468	0.233325	0.278262	0.277117	0.234971	0.293774	0.233147	0.233354	0.233422	0.236465	0.234670	0.237491	0.294118	0.235240	0.293405	0.232073	0.293647	0.297148	0.241243	0.234099	0.240030	0.239667	0.238662	0.242518	0.292316	0.246256	0.236356	0.235837	0.241636	0.229021	0.247469	0.250581	0.233535	0.252217	0.288353	0.293969	0.293827	0.243684	0.234667	0.231868	0.232536	0.245490	0.241031	0.242935	0.266736	0.235561	0.288342	0.246851	0.234742	0.238278	0.233567	0.225309	0.229050	0.245330	0.236440	0.296348	0.233549	0.291897	0.238921	0.237556	0.244223	0.256922	0.239009	0.237638	0.237385	0.231868	0.240955	0.240557	0.238372	0.234278	0.239216	0.238335	0.239202	0.236289	0.236247	0.239704	0.235993	0.249720	0.238555	0.242883	0.237582	0.232265	0.239018	0.305335	0.308948	0.303030	0.297785	0.265123	0.299297	0.288437	0.288889	0.302343	0.293937	0.295989	0.296558	0.299361	0.257669	0.231356	0.293087	0.299825	0.292734	0.242668	0.296900	0.295636	0.290129	0.293192	0.296808	0.286333	0.296136	0.295342	0.301285	0.298551	0.268393	0.300183	0.299230	0.294772	0.296007	0.293087	0.248902	0.297891	0.294519	0.297823	0.303226	0.298192	0.300983	0.294723	0.301965	0.250638	0.266559	0.303124	0.239284	0.236018	0.292858	0.300517	0.293652	0.232322	0.245345	0.247567	0.236035	0.249051	0.237600	0.240732	0.255912	0.275101	0.279099	0.244008	0.246755	0.269537	0.234409	0.289121	0.293590	0.304432	0.302053	0.295912	0.246711	0.306903	0.237040	0.292449	0.295457	0.293936	0.294461	0.301546	0.294698	0.290614	0.293089	0.237828	0.293838	0.250244	0.295342	0.244147	0.255378	0.293235	0.300259	0.287287	
0.279032	0.233387	0.289787	0.230853	0.000000	0.282716	0.288937	0.289212	0.281948	0.274323	0.270533	0.285229	0.284872	0.280294	0.230095	0.280109	0.274549	0.279566	0.235251	0.288195	0.287023	0.234322	0.225998	0.223996	0.223901	0.221827	0.289204	0.227082	0.225957	0.220822	0.236436	0.233998	0.238769	0.230750	0.291133	0.286800	0.222884	0.279950	0.229610	0.293645	0.232615	0.216634	0.297202	0.289012	0.218684	0.287550	0.220381	0.229765	0.223304	0.220460	0.218496	0.222642	0.294531	0.220605	0.294620	0.218465	0.300235	0.298615	0.224392	0.221637	0.222526	0.224784	0.221756	0.223179	0.294982	0.227095	0.227605	0.223288	0.222003	0.225469	0.224939	0.235906	0.215237	0.230719	0.293796	0.296779	0.302679	0.223492	0.219289	0.217569	0.222345	0.219657	0.221239	0.225700	0.263228	0.224191	0.291594	0.220144	0.222499	0.230333	0.220509	0.218059	0.211564	0.241194	0.218949	0.300992	0.222649	0.289540	0.226779	0.218598	0.232825	0.228191	0.227019	0.222175	0.223008	0.221045	0.224561	0.218026	0.222209	0.235341	0.237388	0.227963	0.220450	0.217721	0.222000	0.224925	0.215929	0.235255	0.224681	0.232971	0.225502	0.215537	0.224007	0.299411	0.310538	0.299515	0.294591	0.271043	0.303445	0.300978	0.283186	0.300404	0.296074	0.298955	0.296036	0.303197	0.260312	0.227958	0.295532	0.298338	0.301118	0.242149	0.296491	0.297801	0.296179	0.294428	0.290696	0.291317	0.299256	0.295622	0.304720	0.305101	0.264706	0.299256	0.293702	0.291804	0.298100	0.293685	0.234164	0.299550	0.294732	0.295000	0.293064	0.295792	0.298538	0.293127	0.299819	0.244924	0.271104	0.300766	0.225176	0.222991	0.290827	0.296591	0.295140	0.229367	0.239018	0.227883	0.237108	0.230303	0.241479	0.227542	0.262226	0.279814	0.280989	0.235613	0.235665	0.283931	0.226868	0.277533	0.276623	0.311054	0.294944	0.297716	0.230874	0.311930	0.232089	0.291396	0.291748	0.295136	0.296718	0.291348	0.300935	0.275180	0.296953	0.225926	0.296539	0.224390	0.293014	0.223178	0.235169	0.289828	0.304920	0.290417	
0.225563	0.274370	0.221433	0.273695	0.282716	0.000000	0.233447	0.227313	0.230549	0.226936	0.242495	0.229747	0.230298	0.224848	0.268429	0.225575	0.222204	0.233338	0.277234	0.235552	0.229337	0.274360	0.284632	0.288129	0.278252	0.292148	0.228228	0.282694	0.284509	0.282646	0.273829	0.277370	0.276992	0.280348	0.227927	0.233960	0.280584	0.226811	0.285949	0.233973	0.274766	0.287206	0.240812	0.224646	0.285914	0.291358	0.284362	0.289696	0.290502	0.288181	0.278776	0.291047	0.294206	0.287361	0.296241	0.279658	0.296691	0.296019	0.294368	0.288088	0.287900	0.289745	0.295117	0.289391	0.269264	0.291131	0.289655	0.287657	0.290536	0.285383	0.286178	0.276370	0.279744	0.294670	0.257708	0.266003	0.264710	0.294372	0.287408	0.285606	0.286656	0.294110	0.285732	0.288941	0.292639	0.287661	0.294416	0.287868	0.286621	0.291044	0.283471	0.286506	0.279390	0.268024	0.291395	0.294246	0.283821	0.290992	0.290513	0.285205	0.296720	0.283802	0.290304	0.280017	0.290163	0.288266	0.286630	0.286920	0.282430	0.289139	0.298719	0.285536	0.288287	0.292776	0.289430	0.288660	0.292295	0.294264	0.289311	0.290684	0.285009	0.279864	0.278279	0.305446	0.310541	0.298452	0.300916	0.299834	0.294340	0.281284	0.299270	0.293263	0.297408	0.296993	0.297407	0.303571	0.296947	0.292052	0.297862	0.304736	0.290023	0.290817	0.297536	0.292173	0.291682	0.298882	0.296452	0.299621	0.303030	0.289099	0.303026	0.298165	0.294563	0.296660	0.297854	0.289399	0.295846	0.298089	0.298054	0.294504	0.293558	0.287064	0.300386	0.297041	0.302335	0.296757	0.293596	0.284155	0.295082	0.295206	0.298501	0.288842	0.289207	0.304549	0.293229	0.292950	0.295881	0.296607	0.285501	0.277266	0.291760	0.281234	0.292058	0.239090	0.243918	0.292949	0.288621	0.245466	0.287702	0.268366	0.288660	0.294156	0.295455	0.291274	0.291604	0.305363	0.298351	0.297920	0.296642	0.294707	0.289889	0.296561	0.296127	0.294964	0.308563	0.284378	0.297441	0.294760	0.298177	0.289508	0.301370	0.293347	0.297494	0.294001	
0.224434	0.276354	0.220482	0.282929	0.288937	0.233447	0.000000	0.227316	0.223582	0.223821	0.233645	0.223635	0.223432	0.214630	0.277115	0.218459	0.223918	0.217917	0.274429	0.226825	0.227515	0.276433	0.288150	0.289556	0.285674	0.291530	0.226956	0.292837	0.286039	0.287911	0.281664	0.283304	0.283941	0.283657	0.226031	0.223010	0.288480	0.229926	0.290021	0.229324	0.281361	0.293586	0.229850	0.223090	0.288735	0.295084	0.294685	0.288703	0.293710	0.294602	0.288480	0.296693	0.297899	0.298212	0.294106	0.287821	0.302285	0.298840	0.296073	0.290554	0.293565	0.288550	0.296159	0.296474	0.274522	0.290820	0.287931	0.288448	0.282184	0.286157	0.283438	0.280954	0.288522	0.294952	0.267147	0.270840	0.268397	0.289729	0.282333	0.293170	0.285298	0.290340	0.286458	0.285056	0.291468	0.281578	0.299717	0.287229	0.289831	0.292257	0.290046	0.287716	0.286024	0.279524	0.295057	0.299247	0.295800	0.298801	0.296582	0.289438	0.305350	0.301596	0.291872	0.291490	0.293073	0.288076	0.291747	0.289767	0.287001	0.299341	0.297105	0.290428	0.299473	0.294464	0.297071	0.302976	0.297802	0.292842	0.289392	0.286984	0.293955	0.278971	0.283507	0.303158	0.308933	0.306306	0.307391	0.296767	0.297174	0.291895	0.286727	0.302235	0.300517	0.297484	0.298757	0.307314	0.297517	0.295461	0.301568	0.318687	0.291705	0.288490	0.303803	0.296307	0.294533	0.299224	0.295300	0.298344	0.301229	0.295287	0.302686	0.306463	0.295221	0.300136	0.292249	0.291452	0.300339	0.294585	0.299986	0.292310	0.298376	0.291791	0.305438	0.299193	0.300981	0.298694	0.300525	0.300589	0.295699	0.303164	0.296898	0.291864	0.294444	0.298198	0.296738	0.292149	0.305273	0.296166	0.280359	0.299595	0.288951	0.284097	0.306985	0.234591	0.237509	0.300790	0.299793	0.242453	0.283949	0.290698	0.324586	0.284797	0.282392	0.301498	0.295714	0.307056	0.291078	0.294318	0.296533	0.300409	0.297585	0.300055	0.307355	0.318271	0.305085	0.285695	0.293187	0.299335	0.301315	0.299828	0.300069	0.297497	0.302491	0.292454	
0.228600	0.277750	0.224147	0.280927	0.289212	0.227313	0.227316	0.000000	0.226453	0.225868	0.245295	0.224487	0.226555	0.221574	0.283485	0.227462	0.224660	0.224120	0.277750	0.231958	0.237025	0.271973	0.282682	0.290827	0.286272	0.288793	0.223843	0.281944	0.287894	0.288357	0.277861	0.276775	0.282074	0.282244	0.232663	0.235324	0.286533	0.228665	0.287082	0.226033	0.274837	0.282240	0.231588	0.229810	0.289665	0.299092	0.291138	0.289274	0.295644	0.293719	0.290451	0.288653	0.301010	0.292657	0.297913	0.284361	0.307064	0.303365	0.300680	0.294205	0.294769	0.291594	0.297000	0.295285	0.272806	0.298067	0.292344	0.294695	0.285581	0.290154	0.289772	0.284439	0.284867	0.298455	0.267240	0.271259	0.268379	0.301487	0.289399	0.287584	0.288619	0.294035	0.291026	0.296653	0.299741	0.288951	0.299931	0.285597	0.290758	0.294267	0.285452	0.286263	0.285126	0.283035	0.294224	0.305420	0.287983	0.306786	0.295115	0.292465	0.294719	0.297913	0.296132	0.290237	0.291048	0.294338	0.292555	0.289644	0.283292	0.294494	0.288916	0.291306	0.293469	0.291562	0.290393	0.285477	0.288451	0.288523	0.301749	0.295027	0.286423	0.280630	0.281682	0.310653	0.302006	0.318153	0.309241	0.307590	0.304644	0.298424	0.310092	0.304646	0.303786	0.302164	0.308888	0.306775	0.301217	0.291122	0.301530	0.315670	0.301983	0.290295	0.307442	0.301783	0.296121	0.308358	0.298141	0.305839	0.304230	0.298790	0.303657	0.319380	0.299110	0.301250	0.301061	0.290415	0.304668	0.305797	0.300499	0.303276	0.303596	0.296199	0.306896	0.308224	0.304359	0.302439	0.301672	0.290708	0.300664	0.305724	0.301510	0.291812	0.298981	0.311203	0.302018	0.292179	0.303355	0.297603	0.284233	0.295666	0.290049	0.278059	0.303787	0.242322	0.240939	0.300753	0.296581	0.238905	0.289267	0.307576	0.312258	0.303268	0.283626	0.307351	0.297424	0.314259	0.295691	0.301906	0.301613	0.293970	0.294023	0.309265	0.313971	0.329670	0.313214	0.293437	0.301182	0.299213	0.296887	0.296301	0.303298	0.300000	0.301727	0.305799	
0.227335	0.272398	0.222868	0.272940	0.281948	0.230549	0.223582	0.226453	0.000000	0.224329	0.227419	0.225016	0.226483	0.220882	0.277461	0.223612	0.219224	0.226926	0.273749	0.237165	0.230606	0.276732	0.286957	0.293949	0.284244	0.283194	0.226015	0.278918	0.282279	0.289622	0.279587	0.279292	0.277584	0.275875	0.229918	0.228713	0.285749	0.231889	0.281502	0.226136	0.274146	0.282584	0.229362	0.222347	0.289040	0.301551	0.287577	0.288945	0.294569	0.282271	0.284361	0.282475	0.293729	0.284943	0.302649	0.285873	0.308448	0.296393	0.292201	0.288889	0.289107	0.285256	0.288019	0.284681	0.265266	0.286936	0.291226	0.291076	0.279105	0.284705	0.280446	0.278152	0.283094	0.290548	0.263921	0.263773	0.262997	0.289724	0.280633	0.283187	0.283659	0.297840	0.284167	0.286762	0.294180	0.285085	0.297124	0.285308	0.280615	0.292192	0.292675	0.282252	0.281312	0.264373	0.285439	0.295276	0.279533	0.298760	0.293750	0.286026	0.304199	0.286524	0.288562	0.296087	0.286595	0.291826	0.290218	0.283924	0.281857	0.289105	0.277173	0.289647	0.286566	0.288226	0.288810	0.285781	0.288498	0.292423	0.292679	0.292948	0.289638	0.278560	0.289002	0.306515	0.308691	0.299510	0.299655	0.296528	0.300793	0.287887	0.293907	0.300575	0.302944	0.304177	0.300270	0.299442	0.299284	0.286353	0.297224	0.299338	0.292627	0.284558	0.305933	0.295449	0.297401	0.298686	0.296954	0.295717	0.299660	0.295036	0.300257	0.298575	0.292408	0.301333	0.300185	0.293654	0.298829	0.298975	0.295863	0.296606	0.296264	0.288535	0.300089	0.299504	0.305198	0.300741	0.298778	0.283133	0.284779	0.297277	0.299199	0.290862	0.291201	0.301292	0.298673	0.287430	0.284015	0.300626	0.282225	0.302540	0.285518	0.289187	0.291915	0.235802	0.236206	0.295616	0.287345	0.241822	0.277134	0.288288	0.296154	0.293282	0.314286	0.304232	0.287201	0.305945	0.292441	0.296695	0.298159	0.296733	0.295299	0.296185	0.304405	0.298373	0.300554	0.282289	0.299509	0.292535	0.297301	0.294690	0.301413	0.294067	0.294498	0.298568	
0.222880	0.268940	0.223776	0.272817	0.274323	0.226936	0.223821	0.225868	0.224329	0.000000	0.242133	0.228791	0.224819	0.222940	0.272053	0.228179	0.220566	0.219094	0.272326	0.227041	0.237730	0.273440	0.285014	0.284388	0.285548	0.287237	0.221735	0.268527	0.282651	0.286368	0.276691	0.275009	0.276801	0.277729	0.225451	0.223551	0.282949	0.231997	0.281520	0.220216	0.272602	0.288563	0.227296	0.217413	0.288869	0.290767	0.284179	0.282896	0.291860	0.287643	0.285519	0.282609	0.289285	0.285676	0.296458	0.278233	0.300239	0.294978	0.285929	0.284427	0.290441	0.288026	0.281699	0.288718	0.264440	0.291500	0.287713	0.278931	0.279938	0.284717	0.286316	0.277239	0.282551	0.289439	0.256358	0.263638	0.262779	0.294760	0.276003	0.277384	0.280946	0.288245	0.276703	0.284442	0.289162	0.278591	0.295405	0.282949	0.281242	0.288684	0.287635	0.279225	0.281029	0.280421	0.286706	0.292546	0.283527	0.292012	0.288687	0.287914	0.299019	0.301518	0.288116	0.292469	0.285679	0.287615	0.290337	0.283224	0.280380	0.285773	0.291525	0.282807	0.289034	0.290649	0.286663	0.282021	0.289723	0.292978	0.285585	0.296254	0.283957	0.274488	0.285833	0.295983	0.292281	0.303782	0.293578	0.305183	0.290160	0.288848	0.250452	0.292177	0.292561	0.302591	0.293157	0.296611	0.294017	0.284856	0.292064	0.291574	0.291324	0.281436	0.297048	0.288725	0.291765	0.290782	0.287916	0.293095	0.296841	0.287489	0.298044	0.302295	0.287760	0.295223	0.291076	0.291605	0.294732	0.284965	0.294475	0.294475	0.288476	0.279437	0.293126	0.294184	0.296518	0.293539	0.295497	0.294169	0.288333	0.291367	0.294645	0.291806	0.289676	0.299012	0.292498	0.286353	0.288440	0.292897	0.280787	0.269792	0.283812	0.275948	0.302146	0.233449	0.245331	0.292102	0.287845	0.235587	0.284612	0.290663	0.303226	0.294118	0.281609	0.297437	0.281905	0.305939	0.291847	0.292281	0.295531	0.289652	0.285450	0.294340	0.297942	0.276673	0.304944	0.279858	0.290950	0.292133	0.293140	0.289198	0.298141	0.291489	0.296296	0.290760	
0.240546	0.270362	0.237598	0.269037	0.270533	0.242495	0.233645	0.245295	0.227419	0.242133	0.000000	0.235991	0.231265	0.233307	0.266667	0.234957	0.229385	0.233486	0.258349	0.241385	0.232378	0.264186	0.275835	0.273301	0.282072	0.263443	0.229379	0.267428	0.272331	0.276883	0.267133	0.267668	0.270750	0.268180	0.239765	0.239982	0.275499	0.240161	0.279449	0.236911	0.264412	0.283227	0.247947	0.232824	0.285090	0.288904	0.278262	0.283344	0.280981	0.279920	0.276198	0.278413	0.288657	0.273157	0.299952	0.276735	0.298784	0.291808	0.284303	0.281032	0.285870	0.277489	0.282670	0.274574	0.264528	0.285429	0.279293	0.284918	0.271401	0.279252	0.262775	0.259236	0.276156	0.286422	0.261662	0.267341	0.270528	0.281570	0.277752	0.276490	0.277525	0.280031	0.276155	0.289275	0.297772	0.279102	0.289855	0.281964	0.274433	0.282063	0.273161	0.262562	0.269225	0.268426	0.264573	0.296853	0.268859	0.297969	0.278080	0.280621	0.285407	0.290111	0.273881	0.278513	0.280600	0.285845	0.283543	0.284292	0.275507	0.264591	0.260502	0.279926	0.268916	0.270781	0.272137	0.277179	0.280937	0.284314	0.280886	0.278461	0.274785	0.275360	0.278391	0.287309	0.304289	0.283274	0.281085	0.292844	0.288180	0.296799	0.264535	0.292787	0.285080	0.296601	0.295030	0.295451	0.287387	0.270907	0.289149	0.290563	0.289911	0.271539	0.295898	0.286782	0.289795	0.288488	0.294944	0.290584	0.293676	0.283384	0.287116	0.296228	0.270940	0.297645	0.294432	0.291399	0.294648	0.280326	0.284081	0.296251	0.290062	0.283117	0.288644	0.287158	0.284642	0.286850	0.286602	0.279431	0.291016	0.288814	0.264633	0.277169	0.285627	0.303492	0.285932	0.263215	0.262393	0.281231	0.275340	0.274802	0.279602	0.275601	0.294671	0.242170	0.243168	0.272048	0.254971	0.242554	0.271142	0.306238	0.295775	0.305306	0.300366	0.288253	0.278130	0.276995	0.285541	0.289538	0.293748	0.291371	0.291553	0.286861	0.307455	0.326531	0.277060	0.271194	0.287870	0.291495	0.294856	0.266844	0.287184	0.285517	0.291756	0.285084	
0.225625	0.282898	0.230388	0.278093	0.285229	0.229747	0.223635	0.224487	0.225016	0.228791	0.235991	0.000000	0.108229	0.106611	0.275674	0.223618	0.229170	0.221875	0.276854	0.222997	0.226849	0.274174	0.283609	0.288265	0.287118	0.295479	0.226024	0.282447	0.287263	0.291808	0.278618	0.282377	0.274477	0.276820	0.231572	0.233190	0.287229	0.226222	0.281801	0.232984	0.272877	0.286171	0.237638	0.214240	0.284976	0.297735	0.296515	0.293911	0.293063	0.288898	0.286327	0.292298	0.302813	0.292443	0.301344	0.289158	0.307692	0.302725	0.298214	0.291672	0.292038	0.290000	0.293214	0.297529	0.265673	0.294365	0.294341	0.288961	0.294099	0.284661	0.293349	0.278928	0.285423	0.286096	0.261504	0.264107	0.264019	0.296511	0.292506	0.294004	0.283524	0.291838	0.286481	0.292629	0.295686	0.292065	0.302446	0.285615	0.292114	0.294027	0.289496	0.287042	0.289817	0.282018	0.294475	0.304523	0.288434	0.296816	0.300026	0.293550	0.299826	0.300245	0.295184	0.293707	0.289041	0.297219	0.297724	0.294926	0.284478	0.302510	0.291360	0.294686	0.296573	0.295424	0.297856	0.290600	0.294735	0.295177	0.294136	0.294625	0.291808	0.282993	0.290090	0.314198	0.323478	0.315304	0.313137	0.314971	0.323353	0.298236	0.302239	0.315596	0.303703	0.307721	0.306860	0.312643	0.298233	0.293196	0.302343	0.317051	0.299502	0.290753	0.304861	0.302362	0.307138	0.305889	0.301949	0.303909	0.306054	0.301126	0.308593	0.315488	0.302372	0.306748	0.310895	0.302731	0.301694	0.300706	0.301718	0.305769	0.302408	0.296278	0.308962	0.307134	0.313425	0.301064	0.305636	0.296313	0.290756	0.311194	0.308662	0.294348	0.302985	0.307281	0.300593	0.295325	0.297118	0.297998	0.287468	0.304762	0.294365	0.276039	0.295435	0.235585	0.239468	0.303987	0.298197	0.244743	0.283763	0.292945	0.318421	0.312417	0.301170	0.306051	0.297172	0.312119	0.301468	0.302907	0.303979	0.303019	0.301697	0.302739	0.302059	0.323864	0.311444	0.292456	0.306655	0.295175	0.305879	0.293396	0.298477	0.296193	0.307938	0.301583	
0.232849	0.280450	0.232079	0.278367	0.284872	0.230298	0.223432	0.226555	0.226483	0.224819	0.231265	0.108229	0.000000	0.106399	0.276650	0.224311	0.225262	0.225700	0.279015	0.223334	0.233867	0.274742	0.287636	0.287318	0.283080	0.285235	0.229068	0.279443	0.283453	0.287488	0.276006	0.279171	0.273749	0.280387	0.228682	0.224963	0.287423	0.228696	0.285967	0.225137	0.274206	0.290339	0.242011	0.219813	0.288471	0.293786	0.295729	0.294552	0.290018	0.286232	0.286031	0.286913	0.302572	0.291271	0.297516	0.292581	0.310076	0.300547	0.295290	0.288328	0.295437	0.286563	0.290925	0.297912	0.264294	0.294286	0.295786	0.287480	0.285868	0.286843	0.286853	0.273398	0.285839	0.286028	0.257205	0.260777	0.263543	0.296407	0.290339	0.290671	0.287236	0.291252	0.287782	0.298542	0.299170	0.283588	0.293667	0.284378	0.293210	0.292872	0.294914	0.286643	0.285044	0.274262	0.289281	0.302683	0.286414	0.294820	0.295517	0.290265	0.308015	0.302564	0.290442	0.295990	0.288839	0.298369	0.297341	0.291834	0.285574	0.297743	0.279286	0.288536	0.292923	0.290617	0.295253	0.283673	0.290680	0.298317	0.289474	0.291774	0.288960	0.283116	0.294085	0.307692	0.306773	0.297297	0.304336	0.309115	0.314931	0.294258	0.290553	0.303992	0.300644	0.303105	0.298254	0.304920	0.296814	0.288256	0.300603	0.299779	0.292570	0.292497	0.301400	0.299786	0.299938	0.298307	0.295500	0.296278	0.301862	0.296160	0.301284	0.309602	0.300097	0.303869	0.300754	0.297604	0.298852	0.293489	0.298520	0.300086	0.297058	0.294372	0.302736	0.299304	0.304667	0.300037	0.305675	0.290043	0.286416	0.303630	0.296480	0.287651	0.296938	0.303769	0.294089	0.294699	0.288013	0.294175	0.286244	0.299225	0.293379	0.290680	0.290847	0.232768	0.236869	0.297769	0.293702	0.240475	0.284090	0.285501	0.308387	0.292588	0.295129	0.305339	0.294775	0.304251	0.297758	0.298152	0.301460	0.294220	0.298060	0.299750	0.300180	0.316081	0.300994	0.286740	0.301982	0.293929	0.303156	0.288336	0.298736	0.289869	0.303502	0.294583	
0.229317	0.276512	0.224808	0.275371	0.280294	0.224848	0.214630	0.221574	0.220882	0.222940	0.233307	0.106611	0.106399	0.000000	0.272832	0.221179	0.219816	0.219374	0.276666	0.225891	0.230234	0.271212	0.288272	0.286777	0.280867	0.287936	0.224459	0.277115	0.282402	0.286959	0.274620	0.275619	0.275531	0.275270	0.225388	0.222682	0.286071	0.225648	0.283359	0.221027	0.276499	0.287130	0.237555	0.215530	0.287755	0.295603	0.293130	0.290813	0.291530	0.287013	0.282058	0.286268	0.298381	0.288824	0.297436	0.282951	0.306840	0.301737	0.294325	0.288358	0.288047	0.285517	0.286657	0.294192	0.263432	0.289235	0.291667	0.288016	0.284268	0.287172	0.284062	0.282113	0.280177	0.286410	0.260044	0.260838	0.262004	0.293480	0.284963	0.285951	0.286078	0.293158	0.288240	0.294993	0.292456	0.286698	0.298825	0.284460	0.292424	0.290437	0.293420	0.286797	0.283194	0.282889	0.288370	0.304130	0.286369	0.294178	0.295630	0.290198	0.302250	0.306456	0.289655	0.290858	0.284516	0.294059	0.296346	0.291360	0.282719	0.294191	0.286406	0.283216	0.291543	0.286584	0.290750	0.286187	0.288701	0.293563	0.293778	0.291727	0.284888	0.279638	0.286153	0.305766	0.306052	0.305530	0.306667	0.303658	0.304255	0.290909	0.286239	0.301723	0.298232	0.298714	0.299377	0.305989	0.293879	0.284706	0.293099	0.304839	0.292985	0.285021	0.304719	0.295672	0.296977	0.296144	0.294567	0.299828	0.300468	0.295815	0.303394	0.308128	0.293013	0.299436	0.299099	0.294044	0.298875	0.296492	0.293353	0.298127	0.297493	0.293550	0.303655	0.300957	0.300888	0.296877	0.304170	0.289810	0.276846	0.301052	0.299067	0.287497	0.294696	0.303023	0.292166	0.290227	0.292821	0.294037	0.280256	0.288401	0.288769	0.279898	0.284356	0.225944	0.228162	0.294156	0.289721	0.240135	0.279995	0.299546	0.310345	0.301047	0.304094	0.301728	0.290056	0.304201	0.292753	0.297576	0.298786	0.296091	0.297351	0.297722	0.296003	0.297913	0.303925	0.285842	0.297243	0.290545	0.300583	0.286261	0.295737	0.289507	0.299154	0.288775	
0.277394	0.213642	0.277122	0.216596	0.230095	0.268429	0.277115	0.283485	0.277461	0.272053	0.266667	0.275674	0.276650	0.272832	0.000000	0.272960	0.272944	0.268055	0.214240	0.275038	0.280783	0.209140	0.234935	0.231618	0.237410	0.236911	0.277538	0.217491	0.232887	0.229990	0.217892	0.219404	0.219126	0.223497	0.282719	0.280506	0.223087	0.272867	0.226386	0.274422	0.210998	0.231788	0.280925	0.276254	0.231588	0.292913	0.235542	0.232402	0.235867	0.224206	0.231320	0.231107	0.298255	0.231224	0.286398	0.233509	0.285299	0.298228	0.238645	0.235893	0.232335	0.242352	0.240469	0.235137	0.287963	0.240642	0.236893	0.232866	0.234660	0.233549	0.239745	0.244364	0.229664	0.241592	0.289089	0.283533	0.287628	0.243194	0.234671	0.235256	0.230331	0.240537	0.231413	0.235978	0.268270	0.226850	0.288895	0.236661	0.233222	0.232325	0.224398	0.227915	0.234984	0.243650	0.237546	0.295346	0.236724	0.293776	0.225153	0.235082	0.241406	0.252501	0.231211	0.234490	0.235561	0.235006	0.233238	0.231949	0.235045	0.237927	0.242110	0.235175	0.240918	0.238241	0.237223	0.224480	0.238208	0.244596	0.241095	0.231808	0.232099	0.232236	0.239506	0.309187	0.294357	0.310781	0.303471	0.272421	0.295810	0.283513	0.275510	0.304625	0.293746	0.296900	0.297358	0.304596	0.260557	0.233047	0.292989	0.301595	0.294409	0.242143	0.297171	0.298665	0.291766	0.298998	0.298288	0.292988	0.299963	0.293759	0.298805	0.293471	0.269866	0.297420	0.299761	0.294273	0.295160	0.291110	0.251663	0.299523	0.300088	0.292953	0.301407	0.298721	0.295906	0.297744	0.296768	0.240142	0.284053	0.300664	0.242198	0.232322	0.287881	0.299164	0.295255	0.239049	0.249073	0.237636	0.235894	0.260836	0.241952	0.225986	0.244863	0.273163	0.279897	0.249339	0.255605	0.271486	0.244520	0.286371	0.309115	0.289941	0.326590	0.293358	0.241309	0.312037	0.244170	0.291472	0.297795	0.296818	0.293823	0.302444	0.292796	0.264973	0.299159	0.236930	0.293026	0.249969	0.295168	0.239081	0.252829	0.291361	0.297699	0.295466	
0.222531	0.275375	0.216629	0.272716	0.280109	0.225575	0.218459	0.227462	0.223612	0.228179	0.234957	0.223618	0.224311	0.221179	0.272960	0.000000	0.221243	0.223365	0.268542	0.225317	0.223233	0.268021	0.278273	0.280262	0.280416	0.282731	0.223312	0.272831	0.279867	0.284508	0.274668	0.275072	0.275258	0.272648	0.221719	0.222014	0.280981	0.225904	0.279582	0.226322	0.276497	0.281321	0.233723	0.221985	0.287153	0.288907	0.282253	0.282183	0.287738	0.286411	0.276609	0.282525	0.292923	0.284154	0.291159	0.282278	0.304438	0.294996	0.288374	0.281132	0.285442	0.282250	0.281128	0.280500	0.257386	0.289437	0.286746	0.284028	0.277580	0.280253	0.283164	0.278320	0.276263	0.289061	0.261700	0.260975	0.258188	0.278661	0.280866	0.279899	0.279349	0.282667	0.276405	0.282181	0.287105	0.276430	0.277334	0.281883	0.281565	0.282680	0.283408	0.282086	0.282349	0.272456	0.288762	0.293263	0.282667	0.290232	0.286401	0.285458	0.286892	0.280587	0.283424	0.284941	0.282701	0.285803	0.290033	0.279853	0.278932	0.288976	0.283076	0.282846	0.291879	0.292271	0.287673	0.285274	0.288313	0.287154	0.285888	0.286354	0.285466	0.274207	0.277282	0.297227	0.301260	0.301152	0.298383	0.301849	0.280932	0.287512	0.306290	0.293077	0.292131	0.296854	0.292898	0.295423	0.289907	0.285696	0.291341	0.298420	0.287898	0.279399	0.293257	0.297648	0.289611	0.297518	0.292150	0.296769	0.292542	0.290633	0.301010	0.297521	0.289882	0.294243	0.296957	0.292659	0.295803	0.294486	0.294418	0.291724	0.296545	0.286891	0.297224	0.290971	0.294654	0.295801	0.287358	0.299606	0.297209	0.296029	0.293058	0.282479	0.288801	0.300188	0.293056	0.282659	0.288321	0.286051	0.277257	0.289352	0.284200	0.266464	0.287944	0.227880	0.233091	0.293405	0.290389	0.236513	0.277597	0.304545	0.288860	0.279054	0.261765	0.295508	0.283994	0.307346	0.291620	0.292246	0.293015	0.290854	0.294285	0.292624	0.297662	0.299814	0.299608	0.279416	0.292625	0.289993	0.293278	0.292834	0.293922	0.288046	0.294584	0.290335	
0.220054	0.277965	0.221377	0.283924	0.274549	0.222204	0.223918	0.224660	0.219224	0.220566	0.229385	0.229170	0.225262	0.219816	0.272944	0.221243	0.000000	0.211960	0.269906	0.229085	0.224185	0.263728	0.282828	0.286560	0.285492	0.285967	0.220078	0.279149	0.281276	0.280447	0.275937	0.273938	0.280196	0.279624	0.225426	0.221061	0.283038	0.219946	0.281186	0.222052	0.282151	0.285158	0.233717	0.212326	0.293696	0.298580	0.283073	0.289188	0.290323	0.284660	0.273975	0.288684	0.284841	0.292727	0.293261	0.279966	0.300406	0.291343	0.294147	0.288179	0.288540	0.285016	0.286150	0.290646	0.263685	0.293443	0.274159	0.284981	0.276579	0.296256	0.273958	0.274260	0.277562	0.294359	0.259861	0.260903	0.259612	0.293137	0.281977	0.280150	0.280873	0.289362	0.286319	0.282164	0.296229	0.278231	0.289440	0.281987	0.284052	0.284045	0.281417	0.278222	0.280557	0.271598	0.286012	0.294168	0.283093	0.292729	0.286591	0.287087	0.289539	0.279276	0.284889	0.278447	0.280549	0.295496	0.289227	0.289661	0.291202	0.283829	0.286195	0.290339	0.284180	0.287960	0.286481	0.281763	0.286974	0.291877	0.287247	0.290458	0.281743	0.279370	0.287738	0.297024	0.316704	0.291703	0.295628	0.304047	0.287528	0.288159	0.280884	0.292416	0.293631	0.298343	0.295659	0.296603	0.293399	0.282616	0.287483	0.316029	0.282785	0.287651	0.294554	0.291667	0.295302	0.288562	0.281292	0.291612	0.296149	0.285667	0.297334	0.304112	0.290773	0.293969	0.297247	0.285259	0.291856	0.287180	0.301622	0.292225	0.292266	0.281965	0.292738	0.292047	0.291401	0.290040	0.301384	0.290043	0.313333	0.297136	0.294699	0.286241	0.285834	0.294971	0.290857	0.285764	0.290126	0.291534	0.284152	0.279678	0.286332	0.277354	0.310915	0.232515	0.238487	0.297012	0.284798	0.239536	0.289165	0.315353	0.282794	0.300173	0.277978	0.299305	0.287538	0.297480	0.296444	0.287403	0.288938	0.291920	0.288053	0.294865	0.293817	0.288416	0.298950	0.288798	0.292315	0.289509	0.295732	0.290075	0.303346	0.288012	0.297977	0.289921	
0.223335	0.276233	0.218309	0.272992	0.279566	0.233338	0.217917	0.224120	0.226926	0.219094	0.233486	0.221875	0.225700	0.219374	0.268055	0.223365	0.211960	0.000000	0.270769	0.225892	0.223376	0.265995	0.287082	0.286847	0.290242	0.287137	0.227586	0.275889	0.282484	0.282417	0.273439	0.273816	0.274904	0.274368	0.221328	0.224101	0.281519	0.222365	0.275420	0.228977	0.274233	0.286523	0.231340	0.222293	0.282831	0.295014	0.283233	0.282751	0.289997	0.285930	0.277032	0.287489	0.294072	0.290887	0.287058	0.281033	0.303030	0.295391	0.286299	0.283782	0.289202	0.287910	0.290119	0.289126	0.265217	0.290138	0.284147	0.291156	0.285445	0.280367	0.288462	0.277575	0.280488	0.292455	0.254347	0.255282	0.258257	0.292104	0.281234	0.281741	0.281156	0.286653	0.283227	0.288927	0.287080	0.281666	0.293361	0.278732	0.286656	0.287529	0.284028	0.282080	0.286765	0.270733	0.289489	0.296006	0.285198	0.289556	0.289423	0.284777	0.302765	0.298879	0.285507	0.286350	0.279995	0.288011	0.286602	0.286615	0.283076	0.286287	0.288205	0.285532	0.290142	0.289128	0.287744	0.286293	0.285515	0.290922	0.291232	0.290606	0.279130	0.281220	0.278628	0.305168	0.302271	0.298946	0.300398	0.300527	0.297573	0.285902	0.283019	0.296325	0.293796	0.292994	0.301880	0.298955	0.293398	0.285915	0.294645	0.301992	0.288850	0.290657	0.296758	0.293280	0.291324	0.297462	0.293088	0.292062	0.296366	0.295646	0.301926	0.306157	0.288930	0.294133	0.294342	0.289861	0.294386	0.286623	0.301595	0.292257	0.295210	0.286984	0.300551	0.292103	0.295777	0.299175	0.297610	0.286996	0.323181	0.295192	0.296068	0.285949	0.287139	0.298839	0.299216	0.288206	0.292002	0.292471	0.282689	0.298273	0.287983	0.278866	0.289753	0.229082	0.238379	0.296891	0.292145	0.237454	0.279584	0.300613	0.296689	0.284392	0.280236	0.296811	0.292091	0.307044	0.292882	0.290844	0.291958	0.292561	0.286038	0.296448	0.301553	0.296296	0.307225	0.281125	0.291182	0.295201	0.294307	0.292157	0.300428	0.291917	0.295216	0.289975	
0.279869	0.210487	0.273193	0.219723	0.235251	0.277234	0.274429	0.277750	0.273749	0.272326	0.258349	0.276854	0.279015	0.276666	0.214240	0.268542	0.269906	0.270769	0.000000	0.271266	0.273703	0.212782	0.230898	0.234853	0.234550	0.245851	0.285481	0.219693	0.232950	0.231414	0.219274	0.218684	0.217782	0.215358	0.283277	0.275599	0.229380	0.273780	0.235793	0.281116	0.212200	0.233363	0.280190	0.274808	0.241968	0.293698	0.234147	0.238795	0.243027	0.237441	0.229038	0.233342	0.293675	0.237515	0.286844	0.233552	0.292944	0.299476	0.241905	0.238906	0.236855	0.239906	0.239713	0.243728	0.291385	0.244234	0.238305	0.232934	0.227651	0.239335	0.232319	0.242828	0.231049	0.246507	0.289987	0.287972	0.292439	0.236599	0.231886	0.227588	0.238996	0.236134	0.235434	0.241328	0.267372	0.237657	0.290894	0.239207	0.229649	0.234542	0.234633	0.231290	0.236388	0.250427	0.242663	0.301073	0.244798	0.296740	0.235900	0.234302	0.248335	0.234677	0.229657	0.236329	0.235951	0.244488	0.236088	0.239502	0.239312	0.242381	0.250000	0.235382	0.242844	0.242702	0.241498	0.236534	0.242196	0.244695	0.238304	0.234418	0.235717	0.231396	0.235693	0.303332	0.303100	0.299629	0.300500	0.277400	0.296328	0.283640	0.303391	0.297960	0.292771	0.299480	0.292099	0.297156	0.267733	0.244539	0.289812	0.305206	0.287828	0.247223	0.296389	0.300721	0.289891	0.300624	0.292298	0.289744	0.295541	0.295837	0.306556	0.304305	0.278221	0.299093	0.298796	0.291615	0.297324	0.294276	0.253096	0.300000	0.296539	0.292650	0.298279	0.296555	0.299676	0.292055	0.291482	0.253589	0.250000	0.299484	0.248313	0.236269	0.288749	0.294654	0.300532	0.241160	0.259051	0.244140	0.235148	0.257319	0.235183	0.238308	0.256014	0.267828	0.277510	0.249188	0.255881	0.276969	0.239290	0.255572	0.282723	0.291667	0.282421	0.292865	0.241210	0.297091	0.242748	0.293810	0.293138	0.293537	0.295046	0.290197	0.287682	0.291139	0.296265	0.236892	0.293042	0.248852	0.295752	0.242001	0.250317	0.283645	0.298672	0.286636	
0.229420	0.270229	0.229558	0.279560	0.288195	0.235552	0.226825	0.231958	0.237165	0.227041	0.241385	0.222997	0.223334	0.225891	0.275038	0.225317	0.229085	0.225892	0.271266	0.000000	0.233925	0.272388	0.287913	0.292449	0.289784	0.291876	0.229427	0.283225	0.286155	0.284590	0.282688	0.281729	0.286028	0.283142	0.232472	0.230801	0.286900	0.227041	0.288693	0.229043	0.279359	0.284457	0.232026	0.225926	0.286947	0.299134	0.286643	0.292076	0.292820	0.289791	0.281713	0.290226	0.300263	0.290535	0.295691	0.286744	0.312053	0.304098	0.297925	0.289229	0.286745	0.287041	0.294824	0.293484	0.271518	0.296657	0.291898	0.292592	0.285738	0.287111	0.290165	0.275919	0.282794	0.300466	0.263746	0.268251	0.268103	0.295565	0.287989	0.284212	0.286197	0.292805	0.287423	0.289977	0.295533	0.293049	0.298356	0.290987	0.280128	0.295505	0.281116	0.279041	0.287895	0.281623	0.288582	0.300827	0.296023	0.299034	0.294663	0.289016	0.296182	0.294068	0.285538	0.289623	0.290402	0.291962	0.288857	0.291344	0.287279	0.296424	0.288899	0.291444	0.290513	0.293513	0.292929	0.288466	0.289648	0.295829	0.295224	0.296354	0.287743	0.281107	0.290406	0.311904	0.310474	0.313746	0.312196	0.310049	0.300824	0.301200	0.285566	0.300507	0.304651	0.305978	0.301357	0.310222	0.297344	0.293487	0.305163	0.316116	0.291725	0.294693	0.305031	0.300765	0.300204	0.305875	0.301596	0.303368	0.305947	0.296171	0.313176	0.295780	0.302838	0.302977	0.310115	0.301144	0.304519	0.299109	0.303063	0.300816	0.301577	0.298770	0.307551	0.310544	0.307967	0.307461	0.306089	0.286288	0.290676	0.301495	0.303936	0.290709	0.296256	0.305548	0.303780	0.295553	0.288418	0.294508	0.287856	0.274194	0.297535	0.277388	0.300551	0.248467	0.244299	0.305827	0.305169	0.252014	0.286241	0.302980	0.300699	0.295198	0.300000	0.301775	0.298394	0.315624	0.297389	0.303901	0.303920	0.300920	0.302344	0.301200	0.304563	0.284387	0.312570	0.283615	0.301223	0.295548	0.302997	0.297446	0.299819	0.304712	0.308793	0.296271	
