0.00000000099999999974 0.99999999500000003039 0.00000000099999999974 0.00000000099999999974 0.00000000099999999974 0.00000000099999999974 
0.00000000099999999997 0.19267367244440650187 0.00000000099999999997 0.00000000099999999997 0.80732632355559352799 0.00000000099999999997 
0.00000000099999999998 0.99999999500000014141 0.00000000099999999998 0.00000000099999999998 0.00000000099999999998 0.00000000099999999998 
0.00000000099999999993 0.00000092922416198878 0.00000000099999999993 0.56472345996371109411 0.43527560781212704111 0.00000000099999999993 
0.00000000099999999997 0.00000000668527916076 0.00000000099999999997 0.00000000099999999997 0.99999998931472089403 0.00000000099999999997 
0.00000000099999999998 0.00000000099999999998 0.00000000099999999998 0.01889947675534842109 0.98110051924465158102 0.00000000099999999998 
0.12256992452651779835 0.45310545068314983519 0.00797827410604069753 0.15165450698681659514 0.26469184269747503269 0.00000000100000000000 
0.00000000099999999990 0.00000000099999999990 0.00000000099999999990 0.00000000099999999990 0.99999999500000003039 0.00000000099999999990 
0.00000000099999999985 0.32072315360395686756 0.00000000099999999985 0.00000000099999999985 0.67927684239604302352 0.00000000099999999985 
0.00000000099999999987 0.19523600332646298683 0.00000000099999999987 0.00000000099999999987 0.80476399267353704303 0.00000000099999999987 
0.00000000099999999985 0.00000000099999999985 0.00000000099999999985 0.00000000099999999985 0.99999999499999991937 0.00000000099999999985 
0.00000000099999999985 0.51579015826497087716 0.00000000099999999985 0.00000000099999999985 0.48420983773502906944 0.00000000099999999985 
0.00000000099999999989 0.14680296439306261824 0.00000000099999999989 0.55827396715480648304 0.29492306545213092805 0.00000000099999999989 
0.00000000099999999988 0.00000000099999999988 0.17350668300443128356 0.58073855878258084928 0.00000000099999999988 0.24575475521298795201 
0.00000000099999999979 0.21395250196655288266 0.00000000099999999979 0.00000000099999999979 0.78604749403344720271 0.00000000099999999979 
0.00000000099999999998 0.99999999500000003039 0.00000000099999999998 0.00000000099999999998 0.00000000099999999998 0.00000000099999999998 
0.00000000099999999993 0.99999999500000003039 0.00000000099999999993 0.00000000099999999993 0.00000000099999999993 0.00000000099999999993 
0.00000000099999999989 0.00000000099999999989 0.31382530729397301039 0.68617468870602704722 0.00000000099999999989 0.00000000099999999989 
0.00000000099999999976 0.00000000099999999976 0.00000000099999999976 0.00000000099999999976 0.99999999499999991937 0.00000000099999999976 
0.00000000099999999993 0.41749229643093366260 0.00000000099999999993 0.00000000099999999993 0.58250769956906611746 0.00000000099999999993 
0.00000000099999999985 0.00000000099999999985 0.00000000099999999985 0.00000000099999999985 0.99999999500000003039 0.00000000099999999985 
0.00000000099999999991 0.62129545410624975599 0.00000000099999999991 0.00000000099999999991 0.37870454189375024612 0.00000000099999999991 
0.00000000099999999983 0.00000000099999999983 0.00000000099999999983 0.00000000099999999983 0.99999999500000003039 0.00000000099999999983 
0.00000000099999999993 0.14583879091776077996 0.00000000099999999993 0.26713734433500790910 0.58702386174723131251 0.00000000099999999993 
0.00000000099999999997 0.32992642646648645544 0.00000000099999999997 0.13497372806785309929 0.50511825863106629697 0.02998158483459402446 
0.00000000099999999987 0.43757951359466629171 0.00000000099999999987 0.00000000099999999987 0.56242048240533359937 0.00000000099999999987 
0.00000000099999999981 0.99999999500000003039 0.00000000099999999981 0.00000000099999999981 0.00000000099999999981 0.00000000099999999981 
0.00000000099999999997 0.99999999500000003039 0.00000000099999999997 0.00000000099999999997 0.00000000099999999997 0.00000000099999999997 
0.01053619837812930747 0.45835854901581490894 0.13297933254954893978 0.39812591805650682231 0.00000000099999999999 0.00000000099999999999 
0.00000000099999999980 0.19935749852127293558 0.00000000099999999980 0.00000000099999999980 0.80064249747872695551 0.00000000099999999980 
0.00000000099999999984 0.35389764526043338000 0.00000000099999999984 0.00000000099999999984 0.64610235073956645557 0.00000000099999999984 
0.00000000099999999987 0.21834815450340869236 0.00000000099999999987 0.00000000099999999987 0.78165184149659139301 0.00000000099999999987 
0.00000000099999999981 0.00000000099999999981 0.00000000099999999981 0.00000000099999999981 0.99999999499999991937 0.00000000099999999981 
0.00000000099999999988 0.99999999500000014141 0.00000000099999999988 0.00000000099999999988 0.00000000099999999988 0.00000000099999999988 
0.00000000099999999958 0.00000000099999999958 0.00000000099999999958 0.99999999499999991937 0.00000000099999999958 0.00000000099999999958 
0.00000000099999999982 0.12322468221721555315 0.00000000099999999982 0.00000000099999999982 0.87677531378278450447 0.00000000099999999982 
0.00000000099999999981 0.38306553786250086002 0.00000000099999999981 0.00000000099999999981 0.61693445813749892004 0.00000000099999999981 
0.00000000099999999982 0.49705766950327107123 0.00000000099999999982 0.00000000099999999982 0.50294232649672876434 0.00000000099999999982 
0.00000000099999999975 0.99999999500000003039 0.00000000099999999975 0.00000000099999999975 0.00000000099999999975 0.00000000099999999975 
0.00000000099999999983 0.54515316430838323125 0.00000000099999999983 0.00000000099999999983 0.45484683169161688188 0.00000000099999999983 
0.00000000099999999976 0.99999999500000003039 0.00000000099999999976 0.00000000099999999976 0.00000000099999999976 0.00000000099999999976 
0.00000000099999999981 0.00000000240593634067 0.00000000099999999981 0.00000000099999999981 0.99999999359406355204 0.00000000099999999981 
0.00000000099999999986 0.00000025583528559029 0.00000000099999999986 0.00000000099999999986 0.99999974016471437910 0.00000000099999999986 
0.01140796689326900593 0.05402486950249506259 0.41669714177925387677 0.51786994412821096834 0.00000006322765920268 0.00000001446911192094 
0.14079763371838499575 0.04310563026220623484 0.17393881014923626149 0.48095272848850822989 0.16111225685491478710 0.00009294052674946382 
0.00000000099999999977 0.99999999500000003039 0.00000000099999999977 0.00000000099999999977 0.00000000099999999977 0.00000000099999999977 
0.00000000099999999980 0.00000000099999999980 0.00000000099999999980 0.99999999499999991937 0.00000000099999999980 0.00000000099999999980 
0.00000000099999999986 0.00000000099999999986 0.04613079249485877581 0.54382587688288319683 0.00000000099999999986 0.41004332762225809139 
0.00000000099999999993 0.14647899343719403276 0.00000000099999999993 0.00000000099999999993 0.85352100256280594159 0.00000000099999999993 
0.00000000099999999989 0.38640734353373484833 0.00000000099999999989 0.00000000099999999989 0.61359265246626504275 0.00000000099999999989 
0.00000000099999999988 0.26765240827268382828 0.00000000099999999988 0.00000000099999999988 0.73234758772731600729 0.00000000099999999988 
0.00000000099999999993 0.00000000099999999993 0.10231582515570795955 0.53839739203988556948 0.00000000099999999993 0.35928677980440665296 
0.00000000099999999996 0.00000000099999999996 0.19375676305261152477 0.80624323294738853285 0.00000000099999999996 0.00000000099999999996 
0.00000000099999999987 0.00000000099999999987 0.01934624568995771399 0.44117721198097414881 0.00000000099999999987 0.53947653932906813878 
0.00000000099999999993 0.00000000099999999993 0.42594047681528640625 0.57405951918471365136 0.00000000099999999993 0.00000000099999999993 
0.00000000100000000000 0.15297865953366093783 0.21038257663503534545 0.43559691559093516311 0.00000000100000000000 0.20104184624036852691 
0.03478819981280411450 0.00000124762350464026 0.27303686999879378527 0.40684951952689557553 0.01261994197461408125 0.27270422106338770840 
0.00000000100000000000 0.00000000248574882827 0.31950663594697631398 0.50042687309442268617 0.10289397076211387327 0.07717251671073824260 
0.00000000100000000000 0.00000000100000000000 0.30783068075185709978 0.44132270314435723124 0.25084654423671198797 0.00000006986707358905 
0.89942135715615523228 0.00000000099999999996 0.01649371996410617033 0.08408491987973866488 0.00000000099999999996 0.00000000099999999996 
0.88915261441098891737 0.00000000099999999997 0.04928725411439819487 0.06156012847461292403 0.00000000099999999997 0.00000000099999999997 
0.00000000099999999997 0.00000000099999999997 0.31202699528973870668 0.68797188640118045466 0.00000000099999999997 0.00000111530908087316 
0.00000000099999999998 0.00000000099999999998 0.36466306227727290912 0.63533693372272714850 0.00000000099999999998 0.00000000099999999998 
0.81146285871595524863 0.00000000099999999998 0.14965229915600741784 0.03888483912803736287 0.00000000099999999998 0.00000000099999999998 
0.00000000099999999992 0.00000000099999999992 0.41011305605515668837 0.58937772808437383087 0.00000000099999999992 0.00050921286046962002 
0.00011021202845408195 0.00000402929074399374 0.16737166942810960402 0.21822260273240290385 0.61424838338105913760 0.00004310313923025110 
0.00000000100000000000 0.11070285677735350327 0.00000000100000000000 0.03066770671031009143 0.85862943351233633749 0.00000000100000000000 
0.00000000100000000000 0.00000001354727547107 0.00000000100000000000 0.00000000100000000000 0.92543490758663715656 0.07456507586608755733 
0.28369209492146735263 0.00266321759185557307 0.00000000158942185608 0.00000000100000000000 0.54066318154711789923 0.17298150335013728895 
0.00000000099999999991 0.18854214030299631943 0.00000000099999999991 0.00000000099999999991 0.81145785569700368267 0.00000000099999999991 
0.00000000099999999998 0.00000000099999999998 0.11903507896057949345 0.37395195244708551163 0.09340852955661910206 0.41360443703571597718 
0.00000000099999999988 0.99999999500000014141 0.00000000099999999988 0.00000000099999999988 0.00000000099999999988 0.00000000099999999988 
0.00000000099999999987 0.00000000099999999987 0.08937547318062279145 0.43896824093722841553 0.00000000099999999987 0.47165628288214883623 
0.00000000099999999988 0.56774884704028527604 0.00000000099999999988 0.00000000099999999988 0.43225114895971472606 0.00000000099999999988 
0.00000000099999999988 0.23120466811478176949 0.00000000099999999988 0.00000000099999999988 0.76879532788521831588 0.00000000099999999988 
0.00000000099999999991 0.25398220969963186677 0.00000000099999999991 0.00000000099999999991 0.74601778630036796880 0.00000000099999999991 
0.00000000099999999988 0.00000000099999999988 0.00000000099999999988 0.00000000099999999988 0.99999999500000003039 0.00000000099999999988 
0.00000000099999999986 0.61006066854918916675 0.00000000099999999986 0.00000000099999999986 0.38993932745081094637 0.00000000099999999986 
0.00000000099999999994 0.00000019214189240972 0.00000000099999999994 0.00000000099999999994 0.99999980385810760541 0.00000000099999999994 
0.00000000100000000000 0.98962740880889465966 0.00000000100000000000 0.01032378075030104120 0.00000000100000000000 0.00004880744080439229 
0.00000000099999999989 0.99999999500000003039 0.00000000099999999989 0.00000000099999999989 0.00000000099999999989 0.00000000099999999989 
0.00000000099999999991 0.00000000099999999991 0.03516758919955737667 0.46220649114064771279 0.00000000099999999991 0.50262591665979494682 
0.00000000099999999988 0.25996896677946351728 0.00000000099999999988 0.00000000099999999988 0.74003102922053642931 0.00000000099999999988 
0.00000000099999999966 0.00000000099999999966 0.00000000099999999966 0.99999999500000003039 0.00000000099999999966 0.00000000099999999966 
0.00000000099999999996 0.24245115777184883532 0.00000000099999999996 0.00916581232857950449 0.74838302689957159064 0.00000000099999999996 
0.00000000099999999991 0.00000000099999999991 0.07669798752088621829 0.56595404094253609628 0.00000000099999999991 0.35734796853657752047 
0.00000000099999999973 0.00000000099999999973 0.00000000099999999973 0.99999999499999991937 0.00000000099999999973 0.00000000099999999973 
0.00000000099999999992 0.44064340322764294910 0.00000000099999999992 0.00000000099999999992 0.55935659277235694198 0.00000000099999999992 
0.00000000099999999980 0.59089123145449895524 0.00000000099999999980 0.00000000099999999980 0.40910876454550110237 0.00000000099999999980 
0.00000000099999999997 0.35681491435994938666 0.00000000099999999997 0.01679512213610414098 0.62638996050394635251 0.00000000099999999997 
0.99999999500000003039 0.00000000099999999987 0.00000000099999999987 0.00000000099999999987 0.00000000099999999987 0.00000000099999999987 
0.00000000099999999977 0.00000000099999999977 0.99999999499999991937 0.00000000099999999977 0.00000000099999999977 0.00000000099999999977 
0.99999999500000003039 0.00000000099999999980 0.00000000099999999980 0.00000000099999999980 0.00000000099999999980 0.00000000099999999980 
0.00000000099999999977 0.00000000099999999977 0.99999999499999991937 0.00000000099999999977 0.00000000099999999977 0.00000000099999999977 
0.00000000099999999992 0.00000000099999999992 0.09126614480892676629 0.00436839977540227822 0.00000000099999999992 0.90436545241567101172 
0.99999999500000014141 0.00000000099999999995 0.00000000099999999995 0.00000000099999999995 0.00000000099999999995 0.00000000099999999995 
0.99999999500000014141 0.00000000099999999990 0.00000000099999999990 0.00000000099999999990 0.00000000099999999990 0.00000000099999999990 
0.99999999500000003039 0.00000000099999999986 0.00000000099999999986 0.00000000099999999986 0.00000000099999999986 0.00000000099999999986 
0.99999999500000014141 0.00000000099999999990 0.00000000099999999990 0.00000000099999999990 0.00000000099999999990 0.00000000099999999990 
0.99999999500000014141 0.00000000099999999988 0.00000000099999999988 0.00000000099999999988 0.00000000099999999988 0.00000000099999999988 
0.82590418276497035155 0.00000000099999999997 0.16790686762496814799 0.00618894661006168072 0.00000000099999999997 0.00000000099999999997 
0.99999999500000014141 0.00000000099999999987 0.00000000099999999987 0.00000000099999999987 0.00000000099999999987 0.00000000099999999987 
0.00000000099999999980 0.00000000099999999980 0.99999999500000003039 0.00000000099999999980 0.00000000099999999980 0.00000000099999999980 
0.99999999500000003039 0.00000000099999999988 0.00000000099999999988 0.00000000099999999988 0.00000000099999999988 0.00000000099999999988 
0.99999999500000014141 0.00000000099999999992 0.00000000099999999992 0.00000000099999999992 0.00000000099999999992 0.00000000099999999992 
0.99999999500000003039 0.00000000099999999987 0.00000000099999999987 0.00000000099999999987 0.00000000099999999987 0.00000000099999999987 
0.00000000099999999978 0.00000000099999999978 0.99999999500000003039 0.00000000099999999978 0.00000000099999999978 0.00000000099999999978 
0.91046605032626171106 0.00000000099999999993 0.08953394567373824942 0.00000000099999999993 0.00000000099999999993 0.00000000099999999993 
0.99999999500000003039 0.00000000099999999989 0.00000000099999999989 0.00000000099999999989 0.00000000099999999989 0.00000000099999999989 
0.00000000099999999987 0.00000000099999999987 0.99999999500000003039 0.00000000099999999987 0.00000000099999999987 0.00000000099999999987 
0.00000000099999999988 0.00000000099999999988 0.06733948720347733563 0.00000000099999999988 0.00000000099999999988 0.93266050879652262484 
0.00000000099999999992 0.00000000099999999992 0.04854906286067629112 0.00000000099999999992 0.00000000099999999992 0.95145093313932360690 
0.00000000099999999990 0.00000000099999999990 0.02904332986647779891 0.00000000099999999990 0.00000000099999999990 0.97095666613352227259 
0.00000000099999999992 0.00000000099999999992 0.00697051154017928713 0.12048429790480608137 0.00000000099999999992 0.87254518755501464522 
0.99999999500000003039 0.00000000099999999983 0.00000000099999999983 0.00000000099999999983 0.00000000099999999983 0.00000000099999999983 
0.00000000099999999979 0.00000000099999999979 0.99999999499999991937 0.00000000099999999979 0.00000000099999999979 0.00000000099999999979 
0.00000000099999999993 0.00000000099999999993 0.08963348402101586898 0.05289446550152653026 0.00000000099999999993 0.85747204747745764397 
0.00000000099999999988 0.00000000099999999988 0.05726884920429281545 0.00000000099999999988 0.00000000099999999988 0.94273114679570724217 
0.00000000099999999975 0.00000000099999999975 0.99999999500000003039 0.00000000099999999975 0.00000000099999999975 0.00000000099999999975 
0.00000000099999999976 0.00000000099999999976 0.99999999499999991937 0.00000000099999999976 0.00000000099999999976 0.00000000099999999976 
0.99999999500000003039 0.00000000099999999987 0.00000000099999999987 0.00000000099999999987 0.00000000099999999987 0.00000000099999999987 
0.00000000099999999987 0.00000000099999999987 0.07592074114114533145 0.02283859947880823027 0.00000000099999999987 0.90124065638004646761 
0.99999999500000003039 0.00000000099999999994 0.00000000099999999994 0.00000000099999999994 0.00000000099999999994 0.00000000099999999994 
0.00000000099999999988 0.00000000099999999988 0.02721883539303743965 0.00000000099999999988 0.00000000099999999988 0.97278116060696262490 
0.99999999500000014141 0.00000000099999999987 0.00000000099999999987 0.00000000099999999987 0.00000000099999999987 0.00000000099999999987 
0.00000000099999999974 0.00000000099999999974 0.99999999500000003039 0.00000000099999999974 0.00000000099999999974 0.00000000099999999974 
0.00000000099999999991 0.00000000099999999991 0.12026628330548409795 0.00000000099999999991 0.00000000099999999991 0.87973371269451583476 
0.99999999500000014141 0.00000000099999999985 0.00000000099999999985 0.00000000099999999985 0.00000000099999999985 0.00000000099999999985 
0.99999999500000014141 0.00000000099999999977 0.00000000099999999977 0.00000000099999999977 0.00000000099999999977 0.00000000099999999977 
0.00000000099999999990 0.00000000099999999990 0.00000000099999999990 0.00000000099999999990 0.00000000099999999990 0.99999999499999991937 
0.00000000099999999992 0.00000000099999999992 0.00000000099999999992 0.00000000099999999992 0.99999999499999991937 0.00000000099999999992 
0.00000000099999999985 0.00000000099999999985 0.00000000099999999985 0.04134230827876619885 0.00000000099999999985 0.95865768772123371999 
0.00000000099999999986 0.00000000099999999986 0.00000000099999999986 0.00000029059064394745 0.00000000099999999986 0.99999970540935601004 
0.00000000099999999992 0.00000000099999999992 0.03322532988145175670 0.00267071665648125050 0.00000000099999999992 0.96410395046206687208 
0.00000000099999999994 0.00000000099999999994 0.00000000099999999994 0.02208824966727671729 0.00000000099999999994 0.97791174633272326400 
0.00000000099999999988 0.00000000099999999988 0.03349526123251658077 0.04832891597421472979 0.00000000099999999988 0.91817581979326856612 
0.00000000099999999986 0.00000000099999999986 0.04588522220110988897 0.00000000099999999986 0.00000000099999999986 0.95411477379889009232 
0.00000000099999999990 0.00745550426959902101 0.00000000099999999990 0.00000000099999999990 0.99254449173040093513 0.00000000099999999990 
0.00000000099999999992 0.00000000099999999992 0.05185320799783092738 0.10068925721844707022 0.00000000099999999992 0.84745753178372196235 
0.00000000099999999988 0.00000000099999999988 0.04278076427157070233 0.02826818650056996812 0.00000000099999999988 0.92895104622785940052 
0.00000000099999999998 0.00001917800382360703 0.00000000099999999998 0.00308533985979206858 0.99689547913638421051 0.00000000099999999998 
0.00000000099999999986 0.00000000099999999986 0.00000000099999999986 0.00000000099999999986 0.99999999500000003039 0.00000000099999999986 
0.00000000099999999973 0.00000000099999999973 0.00000000099999999973 0.99999999499999991937 0.00000000099999999973 0.00000000099999999973 
0.00000000099999999994 0.00000000099999999994 0.03894413577535388998 0.06499844186974590432 0.00000000099999999994 0.89605741935490024197 
0.00000000099999999986 0.00000000099999999986 0.00000000099999999986 0.00000000099999999986 0.00000000099999999986 0.99999999500000003039 
0.00000000099999999995 0.00000000099999999995 0.03543894964719807722 0.02530674122371142504 0.00000000099999999995 0.93925430612909044381 
0.00000000099999999993 0.00000000099999999993 0.00000000099999999993 0.05974540623717912446 0.00000000099999999993 0.94025458976282083601 
0.00000000099999999989 0.00000000099999999989 0.00000000099999999989 0.04331271162638387906 0.00000000099999999989 0.95668728437361605366 
0.64437742812630471878 0.19875212454233079362 0.07458058977484156860 0.06187411533193534069 0.00000154572233254269 0.02041419650225512195 
0.00000000099999999992 0.00000000099999999992 0.00000000099999999992 0.00000000099999999992 0.00000000099999999992 0.99999999500000003039 
0.00000000099999999991 0.00000000099999999991 0.03673909548085391857 0.00000000099999999991 0.00000000099999999991 0.96326090051914614598 
0.00000000099999999992 0.00000000099999999992 0.00000000099999999992 0.00000004462449855833 0.00000000099999999992 0.99999995137550135027 
0.00000000099999999996 0.00000000099999999996 0.00066719085660361423 0.00000000099999999996 0.00000000099999999996 0.99933280514339639655 
0.00000000099999999989 0.00000000099999999989 0.00000000099999999989 0.00000000099999999989 0.00000000099999999989 0.99999999499999991937 
0.00000000099999999995 0.00000000099999999995 0.05658227979752949305 0.00345688537936059744 0.00000000099999999995 0.93996083182310996573 
0.09248889386135264457 0.00000000099999999998 0.06129909654794370860 0.61484163547815173789 0.00000000099999999998 0.23137037211255193081 
0.00000000099999999989 0.00000000099999999989 0.03523478474400965760 0.03099542951149794959 0.00000000099999999989 0.93376978274449229378 
0.00000000099999999990 0.00000000099999999990 0.00000000099999999990 0.99999999499999991937 0.00000000099999999990 0.00000000099999999990 
0.00000000099999999992 0.00000000099999999992 0.02045177148900542349 0.00019810066320872160 0.00000000099999999992 0.97935012484778583008 
0.00000000099999999992 0.00000000099999999992 0.00757007179272129512 0.00216051567702291517 0.00000000099999999992 0.99026940953025588410 
0.00000000099999999987 0.00000000099999999987 0.00000000099999999987 0.00000000099999999987 0.00000000099999999987 0.99999999500000003039 
0.00000000099999999991 0.00000000099999999991 0.00000000099999999991 0.00000000099999999991 0.00000000099999999991 0.99999999499999991937 
0.00000000099999999989 0.00000000099999999989 0.07102598578107593985 0.04305806865664069810 0.00000000099999999989 0.88591594256228345383 
0.00000000099999999989 0.00000000099999999989 0.04971531499794103193 0.00000000099999999989 0.00000000099999999989 0.95028468100205887303 
0.00000000099999999992 0.00000000099999999992 0.00000000099999999992 0.00000000099999999992 0.00000000099999999992 0.99999999500000003039 
0.01561737851678430926 0.06294402654075688386 0.00774894104098151990 0.00667337980398214573 0.40061297598835149403 0.50640329810914375130 
0.00000000099999999994 0.00000000099999999994 0.00000000099999999994 0.00000000099999999994 0.00000000099999999994 0.99999999499999991937 
0.00000000099999999991 0.00000000099999999991 0.00000000099999999991 0.00000000099999999991 0.99999999500000003039 0.00000000099999999991 
0.00000000099999999992 0.00000000099999999992 0.00000043260434870331 0.00333558233506010089 0.00000000099999999992 0.99666398206059125808 
0.00000000099999999988 0.00000000099999999988 0.00000000099999999988 0.00228215704677381653 0.00000000099999999988 0.99771783895322618818 
0.00000000099999999993 0.00000000099999999993 0.07518897039871701160 0.04174672661210720309 0.00000000099999999993 0.88306429998917590485 
0.00000000099999999991 0.00000000099999999991 0.00000001375032781747 0.00000000099999999991 0.00000000099999999991 0.99999998224967223681 
0.00000000099999999988 0.00000000099999999988 0.07096909744521121000 0.08820574422088799105 0.00000000099999999988 0.84082515533390067564 
0.00000000099999999987 0.00000000099999999987 0.05396147231917997750 0.13476599717155232638 0.00000000099999999987 0.81127252750926781566 
0.16098864500362550234 0.03192417274838746377 0.09648880304557162779 0.25538364294186999270 0.00000000100000000000 0.45521473526054534453 
0.00000000099999999994 0.00000000099999999994 0.00000826078403482639 0.16125389974044501695 0.00000000099999999994 0.83873783647552024867 
0.00000000099999999987 0.11512544428472396008 0.00000000099999999987 0.00000000099999999987 0.88487455171527606979 0.00000000099999999987 
0.00000000099999999990 0.00000000099999999990 0.07972664782663829719 0.12987604402888860977 0.00000000099999999990 0.79039730514447292808 
0.00000000099999999992 0.00000000099999999992 0.00000000099999999992 0.00000000099999999992 0.99999999500000003039 0.00000000099999999992 
0.00000000099999999987 0.00000000099999999987 0.00000000099999999987 0.00000000099999999987 0.00000000099999999987 0.99999999499999991937 
0.00000000099999999993 0.00000000099999999993 0.00000000099999999993 0.01041241230560888305 0.00000000099999999993 0.98958758369439103753 
0.00000000099999999998 0.00000000099999999998 0.00000000099999999998 0.02557300023699065825 0.04575912784875964257 0.92866786891424979444 
0.00000000099999999996 0.00000000099999999996 0.00000000099999999996 0.02435452180948958004 0.00000000099999999996 0.97564547419051028676 
0.00000000099999999993 0.00000000099999999993 0.02674490906259564468 0.00000004610231789308 0.00000000099999999993 0.97325504183508648737 
0.00000000099999999994 0.00000000099999999994 0.05796447277924317298 0.00000000099999999994 0.00000000099999999994 0.94203552322075678749 
0.00000000099999999992 0.00000000099999999992 0.05664885916658813497 0.11332667363793974546 0.00000000099999999992 0.83002446419547215584 
0.00000000099999999986 0.00000000099999999986 0.00000000099999999986 0.00866620469670951500 0.00000000099999999986 0.99133379130329046802 
0.00000000099999999994 0.00000000099999999994 0.00000000099999999994 0.00000457801832112129 0.00000000099999999994 0.99999541798167890239 
0.00000000099999999991 0.00000000099999999991 0.00000000099999999991 0.02367088282564978191 0.00000000099999999991 0.97632911317435022713 
0.00000000099999999991 0.00000000099999999991 0.07891292343627391570 0.06619228328276710593 0.00000000099999999991 0.85489479028095904933 
0.00000000099999999998 0.00000000099999999998 0.12209361493285759981 0.01948929724751262763 0.00000000099999999998 0.85841708481962974986 
0.05642278294547421053 0.00951017041871925900 0.15763102262183717461 0.13207194228881088960 0.00000000099999999999 0.64436408072515849454 
0.00000000099999999991 0.00000000099999999991 0.02703178648569891721 0.00009877986181282417 0.00000000099999999991 0.97286943065248832063 
0.00000000099999999992 0.00000000099999999992 0.08840737311234950213 0.20455758457570036302 0.00000000099999999992 0.70703503931195010868 
0.00000000099999999997 0.00000000099999999997 0.09255042487900587422 0.04927529903743260026 0.00000000099999999997 0.85817427308356153404 
0.00000000099999999991 0.00000000099999999991 0.00000634961822290240 0.00000000099999999991 0.00000000099999999991 0.99999364638177701270 
0.00000000099999999997 0.00000000099999999997 0.00000000099999999997 0.00000000358728255220 0.00000000099999999997 0.99999999241271742001 
0.00000000099999999991 0.00000000099999999991 0.00000000099999999991 0.00000000099999999991 0.00000000099999999991 0.99999999500000003039 
0.00000000099999999994 0.00000000099999999994 0.00037663719761931179 0.01112932932580162036 0.00000000099999999994 0.98849403047657913302 
0.00000000099999999991 0.00000000099999999991 0.00000000099999999991 0.04388632567370526899 0.00000000099999999991 0.95611367032629468454 
0.00000000099999999991 0.00000000099999999991 0.00000000099999999991 0.00000000099999999991 0.00000000099999999991 0.99999999500000003039 
0.01644629590148558029 0.00000000100000000000 0.01749720147908974746 0.00555600433605280605 0.00000004882601341391 0.96050044845735849108 
