0.99999999600000011313 0.00000000099999999985 0.00000000099999999985 0.00000000099999999985 0.00000000099999999985 
0.99999999600000011313 0.00000000099999999998 0.00000000099999999998 0.00000000099999999998 0.00000000099999999998 
0.95700647740141064901 0.00534521038753960932 0.00000151913762591461 0.00000082026068444983 0.03764597281273915352 
0.43378586266320584564 0.00000000099999999993 0.00000000099999999993 0.00000000099999999993 0.56621413433679412819 
0.99999999600000000211 0.00000000099999999997 0.00000000099999999997 0.00000000099999999997 0.00000000099999999997 
0.97719344156846810190 0.00000000099999999999 0.00000000099999999999 0.00340056356279215500 0.01940599286873975760 
0.71407266730803165000 0.12191904385230396823 0.02104682240633930917 0.00000000100000000000 0.14296146543332508005 
0.99999999600000011313 0.00000000099999999995 0.00000000099999999995 0.00000000099999999995 0.00000000099999999995 
0.99999999600000000211 0.00000000099999999986 0.00000000099999999986 0.00000000099999999986 0.00000000099999999986 
0.99999999600000011313 0.00000000099999999988 0.00000000099999999988 0.00000000099999999988 0.00000000099999999988 
0.99999999600000011313 0.00000000099999999991 0.00000000099999999991 0.00000000099999999991 0.00000000099999999991 
0.99999999600000000211 0.00000000099999999987 0.00000000099999999987 0.00000000099999999987 0.00000000099999999987 
0.44073687062296851291 0.00000000099999999989 0.00000000099999999989 0.00000000099999999989 0.55926312637703146091 
0.00000000099999999992 0.00000000099999999992 0.17173722182731004926 0.24538403277714346262 0.58287874339554646141 
0.99999999600000000211 0.00000000099999999979 0.00000000099999999979 0.00000000099999999979 0.00000000099999999979 
0.96573954322801103256 0.03096695287045336462 0.00000000099999999999 0.00000000099999999999 0.00329350190153557178 
0.99999999600000000211 0.00000000099999999996 0.00000000099999999996 0.00000000099999999996 0.00000000099999999996 
0.00000000099999999993 0.00000000099999999993 0.31069171095813935546 0.00000000099999999993 0.68930828604186056285 
0.99999999600000011313 0.00000000099999999979 0.00000000099999999979 0.00000000099999999979 0.00000000099999999979 
0.99999999600000011313 0.00000000099999999995 0.00000000099999999995 0.00000000099999999995 0.00000000099999999995 
0.99999999600000000211 0.00000000099999999990 0.00000000099999999990 0.00000000099999999990 0.00000000099999999990 
0.99999999600000000211 0.00000000099999999994 0.00000000099999999994 0.00000000099999999994 0.00000000099999999994 
0.99999999600000011313 0.00000000099999999987 0.00000000099999999987 0.00000000099999999987 0.00000000099999999987 
0.73143187609523840909 0.00000000099999999993 0.00000000099999999993 0.00000000099999999993 0.26856812090476184229 
0.83360354836941730206 0.00000000099999999998 0.00000000099999999998 0.02866559099680526454 0.13773085863377731997 
0.99999999600000000211 0.00000000099999999988 0.00000000099999999988 0.00000000099999999988 0.00000000099999999988 
0.99999999600000000211 0.00000000099999999990 0.00000000099999999990 0.00000000099999999990 0.00000000099999999990 
0.99999999600000000211 0.00000000099999999998 0.00000000099999999998 0.00000000099999999998 0.00000000099999999998 
0.44890567557063315585 0.01754766299233414747 0.13154042051497116805 0.00000000099999999999 0.40200623992206147017 
0.99999999600000000211 0.00000000099999999981 0.00000000099999999981 0.00000000099999999981 0.00000000099999999981 
0.99999999600000000211 0.00000000099999999985 0.00000000099999999985 0.00000000099999999985 0.00000000099999999985 
0.99999999600000000211 0.00000000099999999988 0.00000000099999999988 0.00000000099999999988 0.00000000099999999988 
0.99999999600000011313 0.00000000099999999986 0.00000000099999999986 0.00000000099999999986 0.00000000099999999986 
0.98475743196385256972 0.00000000099999999997 0.00000001378804528742 0.00000000099999999997 0.01524255224810231596 
0.00000000099999999969 0.00000000099999999969 0.00000000099999999969 0.00000000099999999969 0.99999999600000000211 
0.99999999600000011313 0.00000000099999999984 0.00000000099999999984 0.00000000099999999984 0.00000000099999999984 
0.99999999600000011313 0.00000000099999999981 0.00000000099999999981 0.00000000099999999981 0.00000000099999999981 
0.99999999600000000211 0.00000000099999999983 0.00000000099999999983 0.00000000099999999983 0.00000000099999999983 
0.99999999600000011313 0.00000000099999999986 0.00000000099999999986 0.00000000099999999986 0.00000000099999999986 
0.99999999600000000211 0.00000000099999999985 0.00000000099999999985 0.00000000099999999985 0.00000000099999999985 
0.99999999600000011313 0.00000000099999999985 0.00000000099999999985 0.00000000099999999985 0.00000000099999999985 
0.99999999600000000211 0.00000000099999999985 0.00000000099999999985 0.00000000099999999985 0.00000000099999999985 
0.99999999600000000211 0.00000000099999999990 0.00000000099999999990 0.00000000099999999990 0.00000000099999999990 
0.05287512344655932034 0.02119953322348980262 0.39190194948253004315 0.00042485531084099164 0.53359853853657979172 
0.20451212831561890737 0.13940537151856216558 0.17437101444577751685 0.00095536423059066505 0.48075612148945079394 
0.99999999600000000211 0.00000000099999999982 0.00000000099999999982 0.00000000099999999982 0.00000000099999999982 
0.00000000099999999986 0.00000000099999999986 0.00000000099999999986 0.00000000099999999986 0.99999999599999989108 
0.00000000099999999991 0.00000000099999999991 0.04472793407061904231 0.41047508314684516550 0.54479698078253580018 
0.99999999600000000211 0.00000000099999999997 0.00000000099999999997 0.00000000099999999997 0.00000000099999999997 
0.99999999600000011313 0.00000000099999999990 0.00000000099999999990 0.00000000099999999990 0.00000000099999999990 
0.99999999600000011313 0.00000000099999999989 0.00000000099999999989 0.00000000099999999989 0.00000000099999999989 
0.00000000099999999995 0.00000000099999999995 0.10181142429423885309 0.35623469986389783015 0.54195387384186322066 
0.00000000099999999997 0.00000000099999999997 0.18903694097832524079 0.00000000099999999997 0.81096305602167462201 
0.00000000099999999992 0.00000000099999999992 0.01890152354953587160 0.53938204311610427055 0.44171643133435978257 
0.00000000099999999996 0.00000000099999999996 0.42312208246056892680 0.00000386110556438670 0.57687405443386674531 
0.13756355604848310992 0.00000000100000000000 0.21258953976149211340 0.19997614453269257906 0.44987075865733211488 
0.01145409796628420358 0.03538958148725998565 0.27132689108883689677 0.27254443032900632637 0.40928499912861243670 
0.10000111396790359319 0.00000000850808760050 0.31857155818353732890 0.07919017232377668913 0.50223714701669475158 
0.24621696416968913423 0.00000000100000000000 0.30527586569990511345 0.00044616189689310746 0.44806100723351266479 
0.00000000099999999998 0.89917007566684292730 0.01679588903727174606 0.00000000099999999998 0.08403403329588539361 
0.00000000099999999998 0.88939540847608211660 0.04787998506621996692 0.00000000099999999998 0.06272460445769809101 
0.00000000099999999997 0.00000000099999999997 0.30791494214594000711 0.00000122313140729591 0.69208383272265272534 
0.00000000099999999998 0.00000000099999999998 0.36035468297818101790 0.00000000099999999998 0.63964531402181878939 
0.00000000099999999998 0.81148690490962327448 0.14896163377561605357 0.00000000099999999998 0.03955145931476073545 
0.00000000099999999996 0.00000000099999999996 0.40668046522882528304 0.00299847497800290706 0.59032105779317178840 
0.60071083940298564130 0.02184274010248405187 0.13501203361809493986 0.03442435065643975611 0.20801003621999566984 
0.96227423643361076344 0.00000005341868901266 0.00000000100000000000 0.00000000100000000000 0.03772570814770034864 
0.90878245272821567280 0.00000000103575876155 0.00000016598408288376 0.09121737925194269014 0.00000000100000000000 
0.52541493159684593550 0.29115686729047302039 0.00001476606465601485 0.18340830241129177369 0.00000513263673345302 
0.99999999600000000211 0.00000000099999999991 0.00000000099999999991 0.00000000099999999991 0.00000000099999999991 
0.09281986926495637558 0.00000000099999999998 0.11903366299483275625 0.41329257652353573738 0.37485389021667514520 
0.99999999600000011313 0.00000000099999999992 0.00000000099999999992 0.00000000099999999992 0.00000000099999999992 
0.00000000099999999992 0.00000000099999999992 0.08927253471833061782 0.46996809907818432039 0.44075936420348504896 
0.99999999600000011313 0.00000000099999999989 0.00000000099999999989 0.00000000099999999989 0.00000000099999999989 
0.99999999600000000211 0.00000000099999999988 0.00000000099999999988 0.00000000099999999988 0.00000000099999999988 
0.99999999600000011313 0.00000000099999999992 0.00000000099999999992 0.00000000099999999992 0.00000000099999999992 
0.99999999600000000211 0.00000000099999999994 0.00000000099999999994 0.00000000099999999994 0.00000000099999999994 
0.99999999600000000211 0.00000000099999999989 0.00000000099999999989 0.00000000099999999989 0.00000000099999999989 
0.99999999600000000211 0.00000000099999999996 0.00000000099999999996 0.00000000099999999996 0.00000000099999999996 
0.87744513574545746071 0.00000005525389372984 0.00000463263577028010 0.09326656663155769023 0.02928360973332094774 
0.97978423742347797720 0.00000000099999999996 0.00000000099999999996 0.00000000099999999996 0.02021575957652213887 
0.00000000099999999994 0.00000000099999999994 0.03524419681711279950 0.50199746914145815246 0.46275833204142907684 
0.99999999600000000211 0.00000000099999999989 0.00000000099999999989 0.00000000099999999989 0.00000000099999999989 
0.00000000099999999976 0.00000000099999999976 0.00000000099999999976 0.00000000099999999976 0.99999999599999989108 
0.98981479537925154411 0.00000000099999999997 0.00000000099999999997 0.00000000713410495635 0.01018519548664363096 
0.00000000099999999993 0.00000000099999999993 0.07601106125717124740 0.35673087607028103330 0.56725806067254758158 
0.00000000099999999981 0.00000000099999999981 0.00000000099999999981 0.00000000099999999981 0.99999999600000000211 
0.99999999600000000211 0.00000000099999999993 0.00000000099999999993 0.00000000099999999993 0.00000000099999999993 
0.99999999600000000211 0.00000000099999999981 0.00000000099999999981 0.00000000099999999981 0.00000000099999999981 
0.98065769870634944549 0.00000000099999999997 0.00000000099999999997 0.00000000099999999997 0.01934229829365067405 
0.00000000099999999990 0.99999999600000000211 0.00000000099999999990 0.00000000099999999990 0.00000000099999999990 
0.00000000099999999984 0.00000000099999999984 0.99999999599999989108 0.00000000099999999984 0.00000000099999999984 
0.00000000099999999985 0.99999999600000011313 0.00000000099999999985 0.00000000099999999985 0.00000000099999999985 
0.00000000099999999984 0.00000000099999999984 0.99999999599999989108 0.00000000099999999984 0.00000000099999999984 
0.00000000099999999995 0.00000000099999999995 0.09144656732245776132 0.90334933734106814818 0.00520409333647409763 
0.00000000099999999996 0.99999999600000011313 0.00000000099999999996 0.00000000099999999996 0.00000000099999999996 
0.00000000099999999992 0.99999999600000000211 0.00000000099999999992 0.00000000099999999992 0.00000000099999999992 
0.00000000099999999990 0.99999999600000000211 0.00000000099999999990 0.00000000099999999990 0.00000000099999999990 
0.00000000099999999993 0.99999999600000000211 0.00000000099999999993 0.00000000099999999993 0.00000000099999999993 
0.00000000099999999991 0.99999999600000000211 0.00000000099999999991 0.00000000099999999991 0.00000000099999999991 
0.00000000099999999998 0.82587613514402169468 0.16795453146885644391 0.00000000099999999998 0.00616933138712192838 
0.00000000099999999991 0.99999999600000000211 0.00000000099999999991 0.00000000099999999991 0.00000000099999999991 
0.00000000099999999987 0.00000000099999999987 0.99999999599999989108 0.00000000099999999987 0.00000000099999999987 
0.00000000099999999991 0.99999999600000000211 0.00000000099999999991 0.00000000099999999991 0.00000000099999999991 
0.00000000099999999994 0.99999999600000000211 0.00000000099999999994 0.00000000099999999994 0.00000000099999999994 
0.00000000099999999991 0.99999999600000011313 0.00000000099999999991 0.00000000099999999991 0.00000000099999999991 
0.00000000099999999984 0.00000000099999999984 0.99999999599999989108 0.00000000099999999984 0.00000000099999999984 
0.00000000099999999996 0.91019832893804830665 0.08980166806195173657 0.00000000099999999996 0.00000000099999999996 
0.00000000099999999991 0.99999999600000011313 0.00000000099999999991 0.00000000099999999991 0.00000000099999999991 
0.00000000099999999991 0.00000000099999999991 0.99999999599999989108 0.00000000099999999991 0.00000000099999999991 
0.00000000099999999993 0.00000000099999999993 0.06720545241567697781 0.93279454458432287112 0.00000000099999999993 
0.00000000099999999996 0.00000000099999999996 0.04903898081967722478 0.95096101618032269354 0.00000000099999999996 
0.00000000099999999995 0.00000000099999999995 0.02919398829210012938 0.97080600617567180954 0.00000000353222798704 
0.00000000099999999995 0.00000000099999999995 0.00782964010638222303 0.87123651800877532914 0.12093383988484253388 
0.00000000099999999987 0.99999999600000011313 0.00000000099999999987 0.00000000099999999987 0.00000000099999999987 
0.00000000099999999985 0.00000000099999999985 0.99999999600000000211 0.00000000099999999985 0.00000000099999999985 
0.00000000099999999995 0.00000000099999999995 0.08943634452952942127 0.85710964358006769270 0.05345400989040290096 
0.00000000099999999993 0.00000000099999999993 0.05722497056319016118 0.94277446472450066040 0.00000056271230918402 
0.00000000099999999982 0.00000000099999999982 0.99999999599999989108 0.00000000099999999982 0.00000000099999999982 
0.00000000099999999984 0.00000000099999999984 0.99999999599999989108 0.00000000099999999984 0.00000000099999999984 
0.00000000099999999990 0.99999999600000000211 0.00000000099999999990 0.00000000099999999990 0.00000000099999999990 
0.00000000099999999992 0.00000000099999999992 0.07590714172053032727 0.90035189592192965691 0.02374096035754008627 
0.00000000099999999995 0.99999999600000000211 0.00000000099999999995 0.00000000099999999995 0.00000000099999999995 
0.00000000099999999993 0.00000000099999999993 0.02722047962668031063 0.97277951737331969095 0.00000000099999999993 
0.00000000099999999990 0.99999999600000000211 0.00000000099999999990 0.00000000099999999990 0.00000000099999999990 
0.00000000099999999982 0.00000000099999999982 0.99999999599999989108 0.00000000099999999982 0.00000000099999999982 
0.00000000099999999995 0.00000000099999999995 0.11968533800663314071 0.88030120302888814621 0.00001345696447866252 
0.00000000099999999989 0.99999999600000000211 0.00000000099999999989 0.00000000099999999989 0.00000000099999999989 
0.00000000099999999983 0.99999999600000000211 0.00000000099999999983 0.00000000099999999983 0.00000000099999999983 
0.00000000099999999993 0.00000000099999999993 0.00000000099999999993 0.99999999599999989108 0.00000000099999999993 
0.99999550303340112301 0.00000000099999999997 0.00000000099999999997 0.00000449396659891467 0.00000000099999999997 
0.00000000099999999990 0.00000000099999999990 0.00000000099999999990 0.96024356380356234997 0.03975643319643755447 
0.00000000099999999991 0.00000000099999999991 0.00000000099999999991 0.99971712444528271213 0.00028287255471742085 
0.00000000099999999995 0.00000000099999999995 0.03235439358343231847 0.96529534530404637049 0.00235025911252121494 
0.00000000099999999996 0.00000000099999999996 0.00000000949254316303 0.97790146632902830159 0.02209852217842851393 
0.00000000099999999992 0.00000000099999999992 0.03047972994227047747 0.92009406998066445293 0.04942619807706510188 
0.00000000099999999991 0.00000000099999999991 0.04600451208766895977 0.95399548491233099323 0.00000000099999999991 
0.99999999600000000211 0.00000000099999999995 0.00000000099999999995 0.00000000099999999995 0.00000000099999999995 
0.00000000099999999994 0.00000000099999999994 0.05180988941305595535 0.84645024499662147033 0.10173986359032252680 
0.00000000099999999993 0.00000000099999999993 0.03977407743879571300 0.92952779907553928496 0.03069812148566493717 
0.98509811354954046614 0.00000000099999999999 0.00000041674040067570 0.00000027523151942957 0.01490119347853947201 
0.99999999600000000211 0.00000000099999999991 0.00000000099999999991 0.00000000099999999991 0.00000000099999999991 
0.00000000099999999982 0.00000000099999999982 0.00000000099999999982 0.00000000099999999982 0.99999999599999989108 
0.00000000099999999996 0.00000000099999999996 0.03912655418917218575 0.89590471451310627060 0.06496872929772162797 
0.00000000099999999991 0.00000000099999999991 0.00000000099999999991 0.99999761567353506742 0.00000238132646497874 
0.00000000099999999997 0.00000000099999999997 0.03550193821839118385 0.93930401469254820590 0.02519404508906067028 
0.00000000099999999995 0.00000000099999999995 0.00000000099999999995 0.93978695929540390086 0.06021303770459605909 
0.00000000099999999993 0.00000000099999999993 0.00000000099999999993 0.95531526081750595125 0.04468473618249416829 
0.20328933275547347859 0.64004110044184692185 0.07560997661581815577 0.01470243507493606064 0.06635715511192535887 
0.00000000099999999995 0.00000000099999999995 0.00000000099999999995 0.99996908985320465124 0.00003090714679539229 
0.00000000099999999994 0.00000000099999999994 0.03636232837173352522 0.96363742660172790888 0.00000024302653852478 
0.00000000099999999995 0.00000000099999999995 0.00000000099999999995 0.99994018706371856631 0.00005980993628134428 
0.00000000099999999997 0.00000000099999999997 0.00095097686717257027 0.99904902013282737006 0.00000000099999999997 
0.00000000099999999993 0.00000000099999999993 0.00000000099999999993 0.99999779736186855672 0.00000219963813141057 
0.00000000099999999997 0.00000000099999999997 0.05676801690793788907 0.93712881885110266289 0.00610316224095944822 
0.00000000099999999999 0.09245494853659316781 0.06215624691911091071 0.22709235073459035914 0.61829645280970557675 
0.00000000099999999994 0.00000000099999999994 0.03483936912090858373 0.93376806090041253317 0.03139256797867897436 
0.00000000099999999994 0.00000000099999999994 0.00000000099999999994 0.00000000099999999994 0.99999999600000000211 
0.00000000099999999995 0.00000000099999999995 0.02028229659418281233 0.97813236516429169498 0.00158533624152544452 
0.00000000099999999995 0.00000000099999999995 0.00725915048852834345 0.99061310920554968007 0.00212773830592195411 
0.00000000099999999992 0.00000000099999999992 0.00000000099999999992 0.99999999600000000211 0.00000000099999999992 
0.00000000099999999994 0.00000000099999999994 0.00000003925843135919 0.99999995774156857919 0.00000000099999999994 
0.00000000099999999993 0.00000000099999999993 0.07065094755549346239 0.88669305871249348705 0.04265599173201287814 
0.00000000099999999993 0.00000000099999999993 0.04950040543311981511 0.95049959156688013096 0.00000000099999999993 
0.00000000099999999995 0.00000000099999999995 0.00000000099999999995 0.99999999599999989108 0.00000000099999999995 
0.46336355461419226343 0.01591860995638865253 0.00259506543732775487 0.51793516634249137098 0.00018760364960003021 
0.00000000099999999996 0.00000000099999999996 0.00000000099999999996 0.99999999600000000211 0.00000000099999999996 
0.99999999600000011313 0.00000000099999999996 0.00000000099999999996 0.00000000099999999996 0.00000000099999999996 
0.00000000099999999995 0.00000000099999999995 0.00009023113592884310 0.99500586091224918484 0.00490390595182196680 
0.00000000099999999992 0.00000000099999999992 0.00000000099999999992 0.99571856664930891156 0.00428143035069095731 
0.00000000099999999995 0.00000000099999999995 0.07503442359206534407 0.88307820333523867617 0.04188737107269599469 
0.00000000099999999995 0.00000000099999999995 0.00000916550642859718 0.99999083149357137490 0.00000000099999999995 
0.00000000099999999992 0.00000000099999999992 0.07065135144453243976 0.83976222943868239490 0.08958641711678511088 
0.00000000099999999991 0.00000000099999999991 0.05395039768552568893 0.81033847381014190159 0.13571112650433231339 
0.00669935258993617760 0.17649578838433602201 0.09754818582448557263 0.44606102801221431120 0.27319564518902805794 
0.00000000099999999996 0.00000000099999999996 0.00024499916580247942 0.83758591003201265934 0.16216908880218464106 
0.99999999600000000211 0.00000000099999999988 0.00000000099999999988 0.00000000099999999988 0.00000000099999999988 
0.00000000099999999994 0.00000000099999999994 0.07982276293958125157 0.78989981628841099415 0.13027741877200768594 
0.99999999600000011313 0.00000000099999999997 0.00000000099999999997 0.00000000099999999997 0.00000000099999999997 
0.00000000099999999991 0.00000000099999999991 0.00000000410305363802 0.99999999289694629923 0.00000000099999999991 
0.00000000099999999995 0.00000000099999999995 0.00000000099999999995 0.98997546961581517344 0.01002452738418472579 
0.04426262269208696559 0.00000000099999999998 0.00000000099999999998 0.93201330028801110394 0.02372407501990193152 
0.00000000099999999998 0.00000000099999999998 0.00000000099999999998 0.97596669634692656548 0.02403330065307341876 
0.00000000099999999995 0.00000000099999999995 0.02571553643490394336 0.97424274890366613366 0.00004171266143007777 
0.00000000099999999995 0.00000000099999999995 0.05757518071611150007 0.94242481628388852233 0.00000000099999999995 
0.00000000099999999995 0.00000000099999999995 0.05618789102508302269 0.83043920010031047063 0.11337290687460656324 
0.00000000099999999991 0.00000000099999999991 0.00000000099999999991 0.99083321886812147916 0.00916677813187855191 
0.00000000099999999996 0.00000000099999999996 0.00000000099999999996 0.99903603390784745386 0.00096396309215247865 
0.00000000099999999994 0.00000000099999999994 0.00000000099999999994 0.97692164005362547297 0.02307835694637454943 
0.00000000099999999995 0.00000000099999999995 0.07805552631488503479 0.85508061049862760239 0.06686386118648726673 
0.00000000099999999999 0.00000000099999999999 0.12304087975820250656 0.85558147574390552847 0.02137764249789196949 
0.00000000100000000000 0.06046853947905213994 0.17185160755226291940 0.63160583504595368964 0.13607401692273116134 
0.00000000099999999994 0.00000000099999999994 0.02762166234763996364 0.97104114251989559481 0.00133719313246442764 
0.00000000099999999995 0.00000000099999999995 0.08844992058928738410 0.70498422775549873798 0.20656584965521390673 
0.00000000099999999998 0.00000000099999999998 0.09321636923234642713 0.85849382409556473927 0.04828980467208886934 
0.00000000099999999995 0.00000000099999999995 0.00005987088500926647 0.99994012611499083487 0.00000000099999999995 
0.00000000099999999998 0.00000000099999999998 0.00000000099999999998 0.99996618631343314743 0.00003381068656682028 
0.00000000099999999994 0.00000000099999999994 0.00000000099999999994 0.99999999599999989108 0.00000000099999999994 
0.00000000099999999996 0.00000000099999999996 0.00133608002017194648 0.98775826325294768804 0.01090565472688040556 
0.00000000099999999994 0.00000000099999999994 0.00000000099999999994 0.95419944917365362436 0.04580054782634638416 
0.00000000099999999994 0.00000000099999999994 0.00000000099999999994 0.99999999599999989108 0.00000000099999999994 
0.00000000100000000000 0.01647358320828595443 0.01721027945011939161 0.96175242063225951927 0.00456371570933505975 
