0.00000000099999999988 0.99999999699999997382 0.00000000099999999988 0.00000000099999999988 
0.00000000099999999998 0.99999999699999997382 0.00000000099999999998 0.00000000099999999998 
0.00000005281916247459 0.95641009678044097697 0.00598488923748526861 0.03760496116291108665 
0.00000000099999999995 0.44187103423840728977 0.00000000099999999995 0.55812896376159271128 
0.00000000099999999998 0.99999999700000008485 0.00000000099999999998 0.00000000099999999998 
0.00000002037086247331 0.97762837332561092207 0.00000000099999999999 0.02237160530352670998 
0.00000742363201185894 0.71668113289064649951 0.13774096695038540172 0.14557047652695614959 
0.00000000099999999996 0.99999999699999997382 0.00000000099999999996 0.00000000099999999996 
0.00000000099999999989 0.99999999700000008485 0.00000000099999999989 0.00000000099999999989 
0.00000000099999999991 0.99999999700000008485 0.00000000099999999991 0.00000000099999999991 
0.00000000099999999993 0.99999999700000008485 0.00000000099999999993 0.00000000099999999993 
0.00000000099999999990 0.99999999700000008485 0.00000000099999999990 0.00000000099999999990 
0.00000000099999999993 0.44815054202653598070 0.00000000099999999993 0.55184945597346390933 
0.35482543044976133650 0.00000000099999999995 0.00000000099999999995 0.64517456755023860904 
0.00000000099999999984 0.99999999699999997382 0.00000000099999999984 0.00000000099999999984 
0.00000000099999999999 0.96663668067268782025 0.03166458535967142662 0.00169873296764082846 
0.00000000099999999996 0.99999999700000008485 0.00000000099999999996 0.00000000099999999996 
0.32284744461390907366 0.00000000099999999999 0.02944065378803597047 0.64771190059805505701 
0.00000000099999999984 0.99999999700000008485 0.00000000099999999984 0.00000000099999999984 
0.00000000099999999996 0.99999999700000008485 0.00000000099999999996 0.00000000099999999996 
0.00000000099999999992 0.99999999700000008485 0.00000000099999999992 0.00000000099999999992 
0.00000000099999999995 0.99999999700000008485 0.00000000099999999995 0.00000000099999999995 
0.00000000099999999990 0.99999999699999997382 0.00000000099999999990 0.00000000099999999990 
0.00000000099999999995 0.73773124731916173147 0.00000000099999999995 0.26226875068083826958 
0.00251978944815262887 0.83882972210551753900 0.00000000099999999998 0.15865048744632972988 
0.00000000099999999991 0.99999999700000008485 0.00000000099999999991 0.00000000099999999991 
0.00000000099999999992 0.99999999699999997382 0.00000000099999999992 0.00000000099999999992 
0.00000000099999999998 0.99999999699999997382 0.00000000099999999998 0.00000000099999999998 
0.09734612827437687244 0.45574671065796845681 0.05408410738445443983 0.39282305368320019623 
0.00000000099999999986 0.99999999699999997382 0.00000000099999999986 0.00000000099999999986 
0.00000000099999999989 0.99999999700000008485 0.00000000099999999989 0.00000000099999999989 
0.00000000099999999991 0.99999999699999997382 0.00000000099999999991 0.00000000099999999991 
0.00000000099999999989 0.99999999700000008485 0.00000000099999999989 0.00000000099999999989 
0.00000000099999999997 0.98537695903171884648 0.00000000099999999997 0.01462303896828128814 
0.00000000099999999975 0.00000000099999999975 0.00000000099999999975 0.99999999699999997382 
0.00000000099999999988 0.99999999700000008485 0.00000000099999999988 0.00000000099999999988 
0.00000000099999999985 0.99999999699999997382 0.00000000099999999985 0.00000000099999999985 
0.00000000099999999987 0.99999999699999997382 0.00000000099999999987 0.00000000099999999987 
0.00000000099999999989 0.99999999700000008485 0.00000000099999999989 0.00000000099999999989 
0.00000000099999999988 0.99999999699999997382 0.00000000099999999988 0.00000000099999999988 
0.00000000099999999989 0.99999999699999997382 0.00000000099999999989 0.00000000099999999989 
0.00000000099999999988 0.99999999700000008485 0.00000000099999999988 0.00000000099999999988 
0.00000000099999999992 0.99999999699999997382 0.00000000099999999992 0.00000000099999999992 
0.38428495951089103322 0.06213163834729860946 0.07454278782032548734 0.47904061432148492550 
0.14796598439262267921 0.22077859471896321697 0.17820649591935316947 0.45304892496906090660 
0.00000000099999999986 0.99999999699999997382 0.00000000099999999986 0.00000000099999999986 
0.00000000099999999988 0.00000000099999999988 0.00000000099999999988 0.99999999700000008485 
0.32775649564248832135 0.00000000099999999992 0.00000000099999999992 0.67224350235751162419 
0.00000000099999999997 0.99999999700000008485 0.00000000099999999997 0.00000000099999999997 
0.00000000099999999992 0.99999999700000008485 0.00000000099999999992 0.00000000099999999992 
0.00000000099999999992 0.99999999699999997382 0.00000000099999999992 0.00000000099999999992 
0.35091553938306918603 0.00000000099999999998 0.00000000099999999998 0.64908445861693075951 
0.13903921443475758535 0.00000000099999999999 0.04127732561081678964 0.81968345895442551452 
0.38371917954311229870 0.00000000099999999993 0.00000000099999999993 0.61628081845688764684 
0.44248609517724202256 0.00000000099999999999 0.05598852570132954731 0.50152537812142850004 
0.35680051152762165545 0.14414238284898420184 0.00020347721481326459 0.49885362840858082922 
0.46490889041163280249 0.02103167894777070723 0.05857229985225637092 0.45548713078834013324 
0.39689155650512553120 0.09482575952071796432 0.04314911263854014079 0.46513357133561633594 
0.28188659706707314134 0.26023579546135511276 0.00008059772139439916 0.45779700975017734166 
0.00000000099999999998 0.00000000099999999998 0.91488393591952055228 0.08511606208047944877 
0.01979529778002129398 0.00000000099999999999 0.90776818020287930455 0.07243652101709932567 
0.30905034509426743128 0.01802264033363786683 0.03621224298525471674 0.63671477158684008923 
0.34295617227785413217 0.01195356792588383836 0.07888009015658274670 0.56621016963967929492 
0.08222619452413880425 0.00000000100000000000 0.85144960031690131164 0.06632420415895987076 
0.41821198940946774369 0.00000000099999999998 0.06284208799432956793 0.51894592159620267502 
0.15665444383049953458 0.59955704468479420477 0.04547143306262325935 0.19831707842208301518 
0.00000000100000000000 0.97956450408840956001 0.00000802188105804673 0.02042747303053231434 
0.08852788391191229733 0.91133496221278320615 0.00000002293250071193 0.00013713094280392020 
0.17655690351984346109 0.53609553906179141514 0.28541485392036625157 0.00193270349799896045 
0.00000000099999999992 0.99999999700000008485 0.00000000099999999992 0.00000000099999999992 
0.40754561988166532194 0.09866798698200915374 0.00000000099999999998 0.49378639213632563587 
0.00000000099999999994 0.99999999699999997382 0.00000000099999999994 0.00000000099999999994 
0.42302595300603396122 0.00000000099999999993 0.00000000099999999993 0.57697404499396609534 
0.00000000099999999991 0.99999999699999997382 0.00000000099999999991 0.00000000099999999991 
0.00000000099999999991 0.99999999699999997382 0.00000000099999999991 0.00000000099999999991 
0.00000000099999999994 0.99999999699999997382 0.00000000099999999994 0.00000000099999999994 
0.00000000099999999996 0.99999999699999997382 0.00000000099999999996 0.00000000099999999996 
0.00000000099999999992 0.99999999700000008485 0.00000000099999999992 0.00000000099999999992 
0.00000000099999999997 0.99999999699999997382 0.00000000099999999997 0.00000000099999999997 
0.03617904398599211535 0.88088011545760058763 0.00000112498545542987 0.08293971557095181080 
0.00000000099999999997 0.98096438281265752046 0.00000000099999999997 0.01903561518734248059 
0.38702853709038403940 0.00000000099999999995 0.00000000099999999995 0.61297146090961596165 
0.00000000099999999992 0.99999999700000008485 0.00000000099999999992 0.00000000099999999992 
0.00000000099999999980 0.00000000099999999980 0.00000000099999999980 0.99999999700000008485 
0.00000000099999999997 0.98938129411076225495 0.00000000099999999997 0.01061870388923784152 
0.32099647202355280351 0.00000000099999999995 0.00000000099999999995 0.67900352597644708652 
0.00000000099999999984 0.00000000099999999984 0.00000000099999999984 0.99999999699999997382 
0.00000000099999999994 0.99999999699999997382 0.00000000099999999994 0.00000000099999999994 
0.00000000099999999986 0.99999999700000008485 0.00000000099999999986 0.00000000099999999986 
0.00000000099999999997 0.98090889616751741897 0.00000000099999999997 0.01909110183248264800 
0.00000000099999999992 0.00000000099999999992 0.99999999699999997382 0.00000000099999999992 
0.96161690710906044810 0.00000000099999999997 0.03838309089093964316 0.00000000099999999997 
0.00000000099999999988 0.00000000099999999988 0.99999999699999986280 0.00000000099999999988 
0.98423049714767107954 0.00000000099999999997 0.01576950085232892845 0.00000000099999999997 
0.74594654459181963801 0.00000000099999999995 0.00000000099999999995 0.25405345340818047406 
0.00000000099999999998 0.00000000099999999998 0.99999999699999997382 0.00000000099999999998 
0.00000000099999999994 0.00000000099999999994 0.99999999699999997382 0.00000000099999999994 
0.00000000099999999992 0.00000000099999999992 0.99999999699999997382 0.00000000099999999992 
0.00000000099999999994 0.00000000099999999994 0.99999999699999986280 0.00000000099999999994 
0.00000000099999999992 0.00000000099999999992 0.99999999699999986280 0.00000000099999999992 
0.12965444948631119071 0.00000000099999999999 0.85289573692182163445 0.01744981259186721700 
0.00000000099999999992 0.00000000099999999992 0.99999999699999986280 0.00000000099999999992 
0.95886918479753968647 0.00000000099999999995 0.04113081320246030764 0.00000000099999999995 
0.00000000099999999993 0.00000000099999999993 0.99999999699999997382 0.00000000099999999993 
0.00000000099999999995 0.00000000099999999995 0.99999999699999997382 0.00000000099999999995 
0.00000000099999999993 0.00000000099999999993 0.99999999699999997382 0.00000000099999999993 
0.96346368715390040549 0.00000000099999999995 0.03653631084609967883 0.00000000099999999995 
0.07881777007394197287 0.00000000099999999996 0.92118222792605797267 0.00000000099999999996 
0.00000000099999999992 0.00000000099999999992 0.99999999699999997382 0.00000000099999999992 
0.90710988744668197281 0.00000000099999999996 0.09289011055331818090 0.00000000099999999996 
0.73037711868956201045 0.00000000099999999993 0.00000000099999999993 0.26962287931043799061 
0.74236513353023458883 0.00000000099999999996 0.00000000099999999996 0.25763486446976546773 
0.71608698406300907990 0.00000000099999999994 0.00000000099999999994 0.28391301393699108768 
0.62399639931522210556 0.00000000099999999994 0.00000000099999999994 0.37600359868477800651 
0.00000000099999999990 0.00000000099999999990 0.99999999699999997382 0.00000000099999999990 
0.94894867904032231820 0.00000000099999999998 0.05105131895967762734 0.00000000099999999998 
0.68870513110943787360 0.00000000099999999995 0.00000000099999999995 0.31129486689056212745 
0.73712078894734600620 0.00000000099999999991 0.00000000099999999991 0.26287920905265399485 
0.97088404639997127887 0.00000000099999999995 0.02911595160002862503 0.00000000099999999995 
0.96263614168366207213 0.00000000099999999996 0.03736385631633785953 0.00000000099999999996 
0.00000000099999999992 0.00000000099999999992 0.99999999699999997382 0.00000000099999999992 
0.67210195306518172309 0.00000000099999999992 0.00000000099999999992 0.32789804493481833347 
0.00000000099999999996 0.00000000099999999996 0.99999999699999997382 0.00000000099999999996 
0.73860267818946334639 0.00000000099999999993 0.00000000099999999993 0.26139731981053676568 
0.00000000099999999992 0.00000000099999999992 0.99999999699999997382 0.00000000099999999992 
0.97548504253385204255 0.00000000099999999995 0.02451495546614806953 0.00000000099999999995 
0.73375701435510110038 0.00000000099999999994 0.00000000099999999994 0.26624298364489890067 
0.00000000099999999991 0.00000000099999999991 0.99999999699999986280 0.00000000099999999991 
0.00000000099999999986 0.00000000099999999986 0.99999999699999997382 0.00000000099999999986 
0.74262600823266033956 0.00000000099999999994 0.00000000099999999994 0.25737398976733960598 
0.00000001642952656176 0.99999998157047342850 0.00000000099999999998 0.00000000099999999998 
0.66867690953981950841 0.00000000099999999990 0.00000000099999999990 0.33132308846018054815 
0.66941001946147704604 0.00000000099999999992 0.00000000099999999992 0.33058997853852301052 
0.70268341265844147525 0.00000000099999999994 0.00000000099999999994 0.29731658534155858131 
0.70416807709500961465 0.00000000099999999995 0.00000000099999999995 0.29583192090499044191 
0.67891249984734003409 0.00000000099999999992 0.00000000099999999992 0.32108749815266013350 
0.73840670581107714643 0.00000000099999999991 0.00000000099999999991 0.26159329218892291014 
0.00000000099999999995 0.99999999700000008485 0.00000000099999999995 0.00000000099999999995 
0.64064282385952153742 0.00000000099999999993 0.00000000099999999993 0.35935717414047846363 
0.68826600612726429596 0.00000000099999999992 0.00000000099999999992 0.31173399187273587163 
0.00000000099999999999 0.98590106053015802434 0.00000000099999999999 0.01409893746984207559 
0.00000000099999999994 0.99999999699999997382 0.00000000099999999994 0.00000000099999999994 
0.00000000099999999985 0.00000000099999999985 0.00000000099999999985 0.99999999699999997382 
0.68406748555465290984 0.00000000099999999995 0.00000000099999999995 0.31593251244534714672 
0.67420303603143660887 0.00000000099999999992 0.00000000099999999992 0.32579696196856350321 
0.69375488198895007841 0.00000000099999999996 0.00000000099999999996 0.30624511601105008918 
0.68745782574924929609 0.00000000099999999994 0.00000000099999999994 0.31254217225075076048 
0.66120499494814899410 0.00000000099999999993 0.00000000099999999993 0.33879500305185100695 
0.09541584195541680247 0.20492458679847749825 0.64711461785641566369 0.05254495338968995233 
0.68326558870926723532 0.00000000099999999994 0.00000000099999999994 0.31673440929073287675 
0.73165571765242187752 0.00000000099999999994 0.00000000099999999994 0.26834428034757812354 
0.69794716159062075711 0.00000000099999999995 0.00000000099999999995 0.30205283640937924394 
0.76856151905839875660 0.00000000099999999997 0.00000000099999999997 0.23143847894160132772 
0.68087730798751200378 0.00000000099999999993 0.00000000099999999993 0.31912269001248805278 
0.65974875935598464860 0.00000000099999999997 0.00000000099999999997 0.34025123864401546347 
0.18411058879976180402 0.00000000099999999999 0.10406666092552256664 0.71182274927471556047 
0.72023537423778494215 0.00000000099999999993 0.00000000099999999993 0.27976462376221511441 
0.00000000099999999994 0.00000000099999999994 0.00000000099999999994 0.99999999700000008485 
0.71144037396547321617 0.00000000099999999994 0.00000000099999999994 0.28855962403452689591 
0.73677088203556684309 0.00000000099999999994 0.00000000099999999994 0.26322911596443326898 
0.74440192228132262553 0.00000000099999999992 0.00000000099999999992 0.25559807571867737552 
0.72084166498526658362 0.00000000099999999994 0.00000000099999999994 0.27915833301473341743 
0.69450543622320548565 0.00000000099999999992 0.00000000099999999992 0.30549456177679457092 
0.73168825966158868024 0.00000000099999999992 0.00000000099999999992 0.26831173833841143184 
0.71919736729095928851 0.00000000099999999995 0.00000000099999999995 0.28080263070904082356 
0.38494187688613062948 0.45955666902346170577 0.01229782734573876130 0.14320362674466879938 
0.75703920334366692213 0.00000000099999999997 0.00000000099999999997 0.24296079465633318994 
0.00000000099999999997 0.99999999699999997382 0.00000000099999999997 0.00000000099999999997 
0.71672277197337463939 0.00000000099999999995 0.00000000099999999995 0.28327722602662530615 
0.70507916750092280989 0.00000000099999999992 0.00000000099999999992 0.29492083049907719117 
0.69886822378596347161 0.00000000099999999994 0.00000000099999999994 0.30113177421403658496 
0.75131553934864170330 0.00000000099999999994 0.00000000099999999994 0.24868445865135840878 
0.65040744853177723250 0.00000000099999999992 0.00000000099999999992 0.34959254946822276855 
0.63761847048774833446 0.00000000099999999991 0.00000000099999999991 0.36238152751225183312 
0.42232257179089405241 0.01582117854863756765 0.18019221242676619621 0.38166403723370212475 
0.58509064501660545954 0.00000000099999999997 0.00000000099999999997 0.41490935298339448600 
0.00000000099999999991 0.99999999699999997382 0.00000000099999999991 0.00000000099999999991 
0.62619256390643318611 0.00000000099999999994 0.00000000099999999994 0.37380743409356687046 
0.00000000099999999998 0.99999999700000008485 0.00000000099999999998 0.00000000099999999998 
0.75503174475096368479 0.00000000099999999991 0.00000000099999999991 0.24496825324903642729 
0.71892579927329791634 0.00000000099999999994 0.00000000099999999994 0.28107419872670219574 
0.63823867775589548934 0.04046418251918136588 0.00000000099999999999 0.32129713872492315918 
0.69212691604149534363 0.00000000099999999998 0.00000000099999999998 0.30787308195850460191 
0.73623010087507623211 0.00000000099999999995 0.00000000099999999995 0.26376989712492376894 
0.78866904122616832140 0.00000000099999999995 0.00000000099999999995 0.21133095677383173516 
0.65277763228123786288 0.00000000099999999995 0.00000000099999999995 0.34722236571876219369 
0.66825123457720514430 0.00000000099999999991 0.00000000099999999991 0.33174876342279496777 
0.68364903502594964735 0.00000000099999999996 0.00000000099999999996 0.31635096297405046473 
0.70823113297477446881 0.00000000099999999994 0.00000000099999999994 0.29176886502522547673 
0.68508583076911389043 0.00000000099999999994 0.00000000099999999994 0.31491416723088611063 
0.71566841595802777043 0.00000000099999999999 0.00000000099999999999 0.28433158204197228613 
0.60307732224194043891 0.00112644218699068039 0.06607121349506082930 0.32972502207600806745 
0.72149530212704227061 0.00000000099999999994 0.00000000099999999994 0.27850469587295778595 
0.57190837202088173896 0.00000000099999999994 0.00000000099999999994 0.42809162597911848414 
0.70212179489008619271 0.00000000099999999998 0.00000000099999999998 0.29787820310991380834 
0.71305022469808443386 0.00000000099999999994 0.00000000099999999994 0.28694977330191551168 
0.70179641349414800811 0.00000000099999999998 0.00000000099999999998 0.29820358450585210397 
0.68901497409898182500 0.00000000099999999994 0.00000000099999999994 0.31098502390101823156 
0.72029635223319599113 0.00000000099999999995 0.00000000099999999995 0.27970364576680406543 
0.63990093010036719345 0.00000000099999999994 0.00000000099999999994 0.36009906789963286311 
0.72747251181317962310 0.00000000099999999994 0.00000000099999999994 0.27252748618682043347 
0.70653180855342601063 0.00145466926893532064 0.00000000799442640438 0.29201351418321230824 
