1.024431	0.131228	0.186866	0.018934	0.142997	0.158213	0.041694	0.183197	0.212014	0.179154	0.156887	0.200780	0.010758	-0.101522	0.208568	0.175321	0.178763	-0.093538	0.189327	0.185837	0.175687	0.199110	0.184532	0.137892	0.151569	0.169277	0.190360	0.189759	0.037959	0.193319	0.185322	0.176424	0.190816	0.182610	-0.113981	0.186059	0.195850	0.198017	0.222115	0.191710	0.251279	0.163316	0.198911	-0.047527	-0.024238	0.185398	-0.085473	-0.115166	0.150443	0.183585	0.187488	-0.078846	-0.076476	-0.113330	-0.104683	-0.035915	-0.093905	-0.105598	-0.050121	-0.053303	-0.040830	-0.071376	-0.062506	-0.063338	-0.087096	0.075120	0.088988	0.108703	0.038575	0.162970	-0.078525	0.205770	-0.099746	0.190338	0.154674	0.181201	0.172176	0.193281	0.158395	0.108842	0.194363	-0.099386	0.183652	-0.112538	0.171152	-0.082880	-0.114428	0.185855	0.209546	0.182470	-0.049754	-0.091154	-0.061431	-0.100485	-0.103587	-0.055593	-0.064503	-0.075878	-0.070870	-0.051331	-0.030473	-0.074534	-0.101473	-0.050887	-0.041260	-0.061212	-0.098146	-0.078132	-0.056671	-0.095888	-0.104319	-0.108569	-0.108616	-0.091678	-0.045633	-0.087927	-0.112453	-0.111366	-0.091238	-0.107957	-0.046184	-0.116133	-0.061747	-0.106652	-0.069724	-0.102977	-0.101622	-0.064234	-0.063322	-0.110688	0.142786	-0.125311	-0.115079	-0.117888	-0.112590	-0.099317	-0.117108	0.175204	-0.075057	-0.111188	0.147378	0.171691	-0.121546	-0.110640	-0.118620	-0.103252	-0.119882	-0.111607	-0.036512	-0.116874	-0.119362	-0.097915	-0.126498	-0.117425	-0.083057	-0.095434	-0.129620	-0.135779	-0.121207	-0.118671	-0.125493	-0.100960	-0.123389	-0.098472	-0.105623	0.023222	-0.117077	0.166534	-0.113677	-0.110204	-0.101083	-0.097766	-0.084404	-0.090805	-0.068804	-0.083679	0.161758	-0.085274	0.143838	-0.103103	-0.118832	-0.096476	-0.132975	-0.110919	-0.104348	-0.107999	-0.107332	-0.117521	-0.105169	-0.122174	-0.095834	-0.089582	-0.114465	-0.095185	-0.105321	-0.105258	-0.120096	-0.118651	-0.103740	-0.114720	-0.118482	-0.111090	
0.131228	0.983110	0.131953	0.027782	0.173255	0.158289	0.220032	0.157550	0.136095	0.209878	0.224245	0.151425	0.030111	-0.099839	0.135419	0.205075	0.182332	-0.058336	0.152857	0.169653	0.142715	0.187914	0.141065	0.103658	0.132568	0.146271	0.167930	0.228528	0.001725	0.215212	0.135409	0.146046	0.181956	0.190018	-0.086727	0.130474	0.168285	0.138243	0.168312	0.161270	0.200091	0.159425	0.133974	-0.028469	0.006664	0.197291	-0.087140	-0.108078	0.188668	0.184832	0.169487	-0.122037	-0.114620	-0.090095	-0.141957	-0.104069	-0.078179	-0.098626	-0.070254	-0.047762	-0.019708	-0.070493	-0.081877	-0.029557	-0.086109	0.042361	0.278964	0.144882	0.088830	0.168829	-0.092006	0.225474	-0.113810	0.141471	0.128854	0.117988	0.148271	0.188633	0.165976	-0.004545	0.165136	-0.093585	0.191103	-0.097101	0.184459	-0.093691	-0.131140	0.181774	0.174783	0.185442	-0.054933	-0.076596	-0.052252	-0.099996	-0.081752	-0.065277	-0.031435	-0.070517	-0.065055	-0.060945	-0.017436	-0.051838	-0.089696	-0.013721	-0.076192	-0.092544	-0.077615	-0.081644	0.007386	-0.054359	-0.094337	-0.133132	-0.112068	-0.061118	-0.065797	-0.076391	-0.097371	-0.091507	-0.071451	-0.098959	-0.051996	-0.113119	-0.010402	-0.107191	-0.055634	-0.121030	-0.113287	-0.053208	-0.024335	-0.108624	0.121789	-0.096760	-0.125285	-0.081779	-0.120419	-0.095740	-0.110265	0.104306	-0.097998	-0.114844	0.140689	0.167019	-0.121722	-0.120839	-0.116991	-0.112318	-0.091475	-0.116685	0.005777	-0.069013	-0.069014	-0.086875	-0.117852	-0.106830	-0.121436	-0.095398	-0.083236	-0.071815	-0.128928	-0.095041	-0.120007	-0.062420	-0.087184	-0.111318	-0.085459	0.029191	-0.083314	0.176117	-0.110206	-0.120993	-0.103126	-0.090777	-0.116871	-0.109882	-0.036634	-0.128267	0.121863	-0.124967	0.156157	-0.106606	-0.108298	-0.117235	-0.073006	-0.096336	-0.097637	-0.077079	-0.133639	-0.072058	-0.082920	-0.104453	-0.094996	-0.118074	-0.116063	-0.125173	-0.084246	-0.098689	-0.100428	-0.063852	-0.114278	-0.115268	-0.099513	-0.081445	
0.186866	0.131953	1.046346	0.014279	0.156074	0.127493	0.185983	0.138008	0.140076	0.130853	0.163269	0.168529	0.004751	-0.072786	0.136865	0.178611	0.194151	-0.065212	0.150677	0.164600	0.127916	0.133787	0.147266	0.123781	0.099329	0.144160	0.171754	0.178018	0.066908	0.154083	0.150793	0.137442	0.165950	0.168878	-0.104857	0.154028	0.131504	0.139812	0.181634	0.177441	0.196600	0.152692	0.177331	-0.069738	-0.066803	0.152382	-0.083348	-0.095067	0.134160	0.144222	0.151975	-0.073366	-0.029039	-0.099973	-0.104771	-0.074356	-0.053799	-0.077125	-0.009485	-0.035235	-0.055998	-0.046576	-0.068830	-0.054917	-0.084821	0.116021	0.210251	0.072610	0.173301	0.134343	-0.070886	0.164330	-0.058505	0.178819	0.166938	0.107123	0.123286	0.171454	0.163364	0.086608	0.178839	-0.087297	0.124184	-0.117850	0.153101	-0.056190	-0.108630	0.179099	0.148340	0.103296	-0.053420	-0.096444	-0.041109	-0.098637	-0.093930	-0.031400	-0.055795	-0.038556	-0.055232	-0.039942	-0.038151	-0.045193	-0.107839	-0.036826	-0.016273	-0.033451	-0.085288	-0.085899	-0.039291	-0.076142	-0.116921	-0.101947	-0.114606	-0.092773	-0.038786	-0.093854	-0.100356	-0.093811	-0.097885	-0.095333	-0.065809	-0.103055	-0.021565	-0.125092	-0.051441	-0.113574	-0.083130	-0.054669	-0.073436	-0.097722	0.112602	-0.095461	-0.092707	-0.121721	-0.082185	-0.094574	-0.099860	0.134020	-0.092401	-0.102881	0.118690	0.132559	-0.114693	-0.100853	-0.071001	-0.090983	-0.085065	-0.091801	0.020986	-0.081679	-0.088385	-0.101458	-0.105776	-0.116662	-0.066825	-0.040680	-0.117585	-0.116193	-0.101973	-0.104753	-0.103494	-0.110369	-0.093026	-0.070890	-0.112834	0.005829	-0.101631	0.098033	-0.105400	-0.118300	-0.097011	-0.085727	-0.077975	-0.087208	-0.063237	-0.081219	0.109708	-0.100182	0.175361	-0.101139	-0.114356	-0.095597	-0.138710	-0.088795	-0.099230	-0.083650	-0.101442	-0.087055	-0.103936	-0.100647	-0.071091	-0.043507	-0.100630	-0.089752	-0.107954	-0.082056	-0.085574	-0.081081	-0.083436	-0.103702	-0.088675	-0.123921	
0.018934	0.027782	0.014279	1.010757	0.041184	0.040020	0.028066	0.044935	0.019071	0.014668	0.017878	0.021838	0.157724	-0.008441	0.027117	0.007522	0.011179	0.001826	0.033205	0.013069	0.025474	0.030536	0.032292	0.211202	0.032770	0.029995	0.024380	0.014250	0.000023	0.028452	0.019217	0.014611	0.039819	0.023209	0.213194	0.040305	0.031804	0.015939	0.021544	0.024161	0.015957	0.034681	0.013641	-0.021835	-0.029175	0.012403	0.059983	-0.010953	0.038122	0.034493	0.035886	-0.000225	-0.031701	0.005654	-0.015142	-0.029766	-0.018069	-0.018163	0.014024	-0.046715	-0.036181	-0.006533	-0.023760	-0.040757	-0.025586	-0.074905	0.130306	0.015302	-0.091541	0.031845	0.011867	0.058827	-0.025586	0.042865	0.033935	0.035469	0.019816	0.014704	0.039857	0.013950	0.033841	-0.001044	0.013724	0.066454	0.014177	0.020358	0.076765	0.003191	0.018758	0.038692	-0.068608	-0.047556	-0.066361	-0.016572	-0.034112	-0.058045	-0.066635	-0.054844	-0.050103	-0.078006	-0.063331	-0.053067	-0.042511	-0.068042	-0.094859	-0.071114	-0.051129	-0.073984	-0.057453	-0.068316	-0.046233	-0.017329	-0.011714	0.015300	-0.063174	-0.040291	-0.042493	-0.027622	-0.040722	-0.024113	-0.067247	-0.018536	-0.055622	-0.033970	-0.068648	-0.035739	-0.020111	-0.063399	-0.045680	-0.032498	0.028627	-0.015513	-0.018057	-0.033138	-0.011024	-0.028201	-0.031876	0.005321	-0.002710	-0.019809	0.044416	0.028418	0.053676	-0.027679	-0.022192	-0.039271	-0.010242	-0.009415	-0.052839	-0.031966	-0.031452	-0.030517	-0.014480	-0.027638	-0.029958	0.033873	-0.025396	0.052286	-0.012774	-0.016425	-0.034948	-0.037221	-0.040434	-0.019132	-0.030990	0.003687	-0.022624	0.013995	-0.021820	-0.044580	0.002392	-0.035349	-0.004891	-0.002140	-0.004964	-0.024321	0.037760	-0.007736	0.024412	-0.038677	-0.025335	-0.013544	0.002854	-0.042214	-0.011344	-0.029787	-0.018433	-0.001370	-0.027276	-0.030945	-0.036252	-0.034315	-0.019429	-0.016949	-0.022598	-0.025680	-0.025964	-0.006147	-0.031814	-0.033368	-0.050487	-0.014980	
0.142997	0.173255	0.156074	0.041184	0.954967	0.121243	0.028069	0.112859	0.177065	0.235075	0.130743	0.144464	-0.015798	-0.079609	0.153344	0.159909	0.152266	-0.099640	0.157343	0.150784	0.105460	0.157888	0.181443	0.128184	0.156008	0.124667	0.119960	0.127966	-0.009456	0.161004	0.124796	0.105923	0.178296	0.133072	-0.102800	0.194976	0.180716	0.141490	0.134852	0.130007	0.137690	0.178623	0.127611	-0.064359	-0.073912	0.167291	-0.091128	-0.097073	0.195078	0.167108	0.144980	-0.089810	-0.063914	-0.098692	-0.077292	-0.034935	-0.056680	-0.003652	0.001970	-0.034409	-0.054661	-0.067897	-0.097794	-0.055518	-0.088247	0.213224	0.304555	0.115944	0.168643	0.161987	-0.090744	0.176963	-0.108585	0.158987	0.141289	0.114267	0.155026	0.149949	0.167404	0.205065	0.180053	-0.096291	0.110307	-0.108978	0.167486	-0.093268	-0.092086	0.114242	0.134238	0.129323	-0.053894	-0.093353	-0.024895	-0.103241	-0.094871	-0.036193	-0.039812	-0.005745	-0.045191	-0.045628	-0.037963	-0.098324	-0.092433	-0.029599	-0.064141	-0.047350	-0.098348	-0.025862	-0.090394	-0.079997	-0.080346	-0.070794	-0.101057	-0.065672	-0.071102	-0.076621	-0.075394	-0.106299	-0.100275	-0.107547	-0.021127	-0.110910	-0.016178	-0.130248	-0.041492	-0.075883	-0.094437	-0.072601	-0.067620	-0.092265	0.152335	-0.102854	-0.086092	-0.100230	-0.083349	-0.098174	-0.091338	0.164227	-0.109237	-0.089377	0.154217	0.174399	-0.107618	-0.112621	-0.094895	-0.075148	-0.093535	-0.099722	0.033315	-0.104241	-0.087996	-0.083280	-0.090238	-0.121630	-0.082400	-0.094991	-0.088204	-0.104606	-0.096959	-0.114085	-0.072707	-0.107207	-0.057178	-0.044661	-0.069528	0.016860	-0.057289	0.126025	-0.074519	-0.098335	-0.101011	-0.110046	-0.087856	-0.086870	-0.048666	-0.096756	0.181170	-0.093738	0.154411	-0.085868	-0.085998	-0.072023	-0.112007	-0.091606	-0.067528	-0.099458	-0.107415	-0.075607	-0.106783	-0.097375	-0.084207	-0.093400	-0.076034	-0.105079	-0.084021	-0.082594	-0.075047	-0.117069	-0.075322	-0.100961	-0.059287	-0.092639	
0.158213	0.158289	0.127493	0.040020	0.121243	0.993622	0.029066	0.159183	0.179281	0.169828	0.129061	0.149215	-0.027246	-0.110439	0.162972	0.127583	0.131606	-0.071504	0.142766	0.148382	0.156770	0.151132	0.192214	0.138925	0.143508	0.183247	0.124490	0.111745	0.020320	0.183792	0.168059	0.180185	0.160250	0.173473	-0.099500	0.159200	0.172922	0.182176	0.152774	0.158933	0.143970	0.161581	0.203273	-0.075770	-0.007193	0.155386	-0.108299	-0.091134	0.151858	0.155678	0.180548	-0.096857	-0.119162	-0.105282	-0.092908	-0.076685	-0.069307	-0.058292	-0.046072	-0.019812	-0.055458	-0.100473	-0.099994	-0.059503	-0.089344	0.068449	0.175782	0.231232	0.140725	0.140513	-0.065124	0.167641	-0.111459	0.146776	0.171182	0.150512	0.180428	0.134743	0.174101	0.073878	0.142396	-0.081410	0.142234	-0.097576	0.144253	-0.094640	-0.101302	0.158711	0.169316	0.137323	-0.060122	-0.091917	-0.048391	-0.080890	-0.101337	-0.035982	-0.056194	-0.055386	-0.060902	-0.034542	-0.068442	-0.051438	-0.085970	-0.065240	-0.042847	-0.055614	-0.089473	-0.061585	-0.043657	-0.084873	-0.101293	-0.083134	-0.112337	-0.100003	-0.042418	-0.063091	-0.086959	-0.093231	-0.091535	-0.077157	-0.042011	-0.100369	-0.041224	-0.096031	-0.059013	-0.071453	-0.098627	-0.065636	-0.060626	-0.098312	0.151205	-0.091100	-0.087163	-0.089064	-0.085938	-0.100436	-0.086868	0.188712	-0.095217	-0.088654	0.170492	0.150205	-0.106292	-0.108166	-0.074733	-0.100750	-0.108261	-0.107198	-0.011090	-0.086394	-0.098258	-0.094868	-0.089941	-0.095973	-0.104073	-0.074612	-0.100339	-0.077532	-0.101214	-0.083894	-0.089575	-0.089375	-0.092486	-0.092540	-0.079859	0.028314	-0.094142	0.154000	-0.106579	-0.080986	-0.102118	-0.116814	-0.091663	-0.101189	-0.058388	-0.089777	0.147564	-0.088900	0.183036	-0.111613	-0.111287	-0.075881	-0.082724	-0.085431	-0.086500	-0.089720	-0.098986	-0.088622	-0.093287	-0.094993	-0.062697	-0.103145	-0.079220	-0.100289	-0.098493	-0.086586	-0.102663	-0.112550	-0.102234	-0.106780	-0.087565	-0.096895	
0.041694	0.220032	0.185983	0.028066	0.028069	0.029066	1.051602	0.089601	0.124966	0.037123	0.135785	0.151502	0.039216	-0.054345	0.036507	0.210296	0.167007	0.035521	0.129674	0.079641	0.025199	0.089715	0.104388	0.045464	0.084744	0.076575	0.087747	0.132841	0.055288	0.056579	0.082867	0.088241	0.138409	0.100932	-0.098448	0.077187	0.127874	0.067998	0.084679	0.145789	0.120006	0.043093	0.013106	-0.059368	0.005969	0.015909	-0.029481	-0.060714	0.056610	0.111560	0.086541	-0.044848	-0.041767	-0.044795	-0.089853	-0.062692	-0.046545	0.074679	0.003721	0.112389	0.058328	-0.079668	-0.064014	0.124435	-0.008639	0.017886	0.128858	0.111990	0.156936	0.075492	-0.001684	0.075278	-0.061529	0.062197	0.099422	0.054583	0.088656	0.106833	0.070751	0.122895	0.099290	-0.017336	0.115966	-0.077526	0.080844	-0.110952	-0.090161	0.103375	0.091131	0.078388	-0.008775	-0.033053	-0.043087	-0.068384	-0.053303	-0.038697	0.002139	-0.036062	0.000340	0.045843	0.024477	0.017825	-0.042844	-0.067723	-0.019541	-0.003538	-0.077027	-0.018564	-0.015440	-0.067600	-0.089315	-0.050748	-0.100104	-0.079265	0.018926	-0.054868	-0.088561	-0.096682	-0.068519	-0.012867	-0.008300	-0.056809	-0.004070	-0.047749	-0.041766	-0.072808	-0.078769	-0.012218	0.055975	-0.103804	0.061010	-0.079552	-0.102994	-0.089809	-0.069093	-0.041071	-0.077190	0.056714	-0.051640	-0.089796	0.034739	0.076336	-0.070191	-0.069129	-0.085965	-0.082252	-0.084187	-0.052823	0.050248	-0.036964	-0.047599	-0.033489	-0.094367	-0.082329	-0.080245	-0.033497	-0.109272	-0.064379	-0.037730	-0.044411	-0.106322	-0.019248	-0.095069	-0.106073	-0.084260	0.018000	-0.078684	0.097075	-0.121768	-0.039760	-0.076150	-0.083528	-0.007424	-0.077779	-0.081359	-0.073018	0.080087	-0.086735	0.027593	-0.073612	-0.076805	-0.053899	-0.131133	-0.085175	-0.113176	-0.094478	-0.089156	-0.065927	-0.101181	-0.110444	-0.097711	-0.077482	-0.064383	-0.080070	-0.086284	-0.088009	-0.056403	-0.091118	-0.072684	-0.090980	-0.085913	-0.077206	
0.183197	0.157550	0.138008	0.044935	0.112859	0.159183	0.089601	1.005404	0.187340	0.175795	0.169616	0.196006	-0.014472	-0.094274	0.193484	0.155567	0.182266	-0.084158	0.192421	0.187169	0.200375	0.196794	0.178226	0.120837	0.146057	0.196002	0.171247	0.135636	0.009738	0.189436	0.187918	0.155192	0.199082	0.158853	-0.110974	0.189387	0.160951	0.167597	0.162206	0.157445	0.163333	0.171581	0.159865	-0.071340	-0.063204	0.152007	-0.110432	-0.104909	0.191352	0.155065	0.177285	-0.091140	-0.101597	-0.098876	-0.089992	-0.057774	-0.079477	-0.106743	-0.008638	-0.042872	-0.050230	-0.091793	-0.095575	-0.055620	-0.074729	-0.009622	0.147191	0.130336	0.013600	0.177233	-0.086475	0.179768	-0.094745	0.181157	0.165018	0.150258	0.190787	0.189311	0.147658	0.053838	0.154525	-0.095722	0.171088	-0.109506	0.197170	-0.093204	-0.104876	0.170843	0.169564	0.160291	-0.038870	-0.100809	-0.053877	-0.081075	-0.100519	-0.035532	-0.047023	-0.048283	-0.050031	-0.030449	-0.036800	-0.052642	-0.093765	-0.030291	-0.042860	-0.052261	-0.089182	-0.050429	-0.046623	-0.080457	-0.101893	-0.102812	-0.112802	-0.099894	-0.039146	-0.099550	-0.110590	-0.116086	-0.087924	-0.087692	-0.054459	-0.105139	-0.054129	-0.108655	-0.042348	-0.098647	-0.095655	-0.042025	-0.060287	-0.104276	0.146722	-0.093125	-0.109255	-0.103044	-0.104697	-0.104753	-0.101919	0.165348	-0.102428	-0.095650	0.164822	0.175543	-0.090642	-0.110703	-0.094347	-0.094774	-0.100918	-0.109101	0.002247	-0.104195	-0.115399	-0.111619	-0.111077	-0.114701	-0.116089	-0.094331	-0.102363	-0.103145	-0.103831	-0.105853	-0.097415	-0.104622	-0.102404	-0.103571	-0.101445	0.050974	-0.113175	0.155376	-0.116458	-0.111137	-0.101923	-0.108805	-0.119748	-0.103341	-0.092161	-0.096243	0.190805	-0.111569	0.172679	-0.104152	-0.094962	-0.091359	-0.089048	-0.087473	-0.104469	-0.109178	-0.111190	-0.096689	-0.116171	-0.112356	-0.105810	-0.104739	-0.109808	-0.120973	-0.107410	-0.107950	-0.122075	-0.108225	-0.110061	-0.116334	-0.100427	-0.121061	
0.212014	0.136095	0.140076	0.019071	0.177065	0.179281	0.124966	0.187340	1.049898	0.178447	0.171121	0.166643	-0.002706	-0.111616	0.178987	0.141397	0.170910	-0.090813	0.208831	0.173792	0.186617	0.186311	0.180047	0.126219	0.171862	0.187609	0.188238	0.176896	0.035128	0.187694	0.192986	0.198107	0.177069	0.173561	-0.103467	0.200795	0.187643	0.188883	0.186947	0.181715	0.179649	0.172902	0.188200	-0.103006	-0.071573	0.195604	-0.122725	-0.105522	0.148572	0.220462	0.195478	-0.093771	-0.104834	-0.109907	-0.098235	-0.022931	-0.102535	-0.084962	-0.025999	-0.053043	-0.039246	-0.099566	-0.094921	-0.057113	-0.091718	0.092291	0.158525	0.185245	-0.077083	0.199049	-0.087040	0.194419	-0.109442	0.176858	0.194033	0.154952	0.170735	0.190548	0.165578	0.179006	0.197104	-0.105206	0.172290	-0.112985	0.199395	-0.108564	-0.121234	0.190392	0.187291	0.173503	-0.052910	-0.091020	-0.042757	-0.093259	-0.119023	-0.049593	-0.038911	-0.063266	-0.050922	-0.048036	-0.038542	-0.043860	-0.108451	-0.057634	-0.051205	-0.053272	-0.102825	-0.060214	-0.057763	-0.094998	-0.105433	-0.116626	-0.106221	-0.113038	-0.039773	-0.103766	-0.101278	-0.104886	-0.084002	-0.108479	-0.047018	-0.115880	-0.045161	-0.103235	-0.044369	-0.100445	-0.104100	-0.053863	-0.060757	-0.114210	0.178308	-0.120446	-0.117042	-0.103295	-0.110110	-0.106720	-0.097960	0.229570	-0.093311	-0.107715	0.156691	0.201142	-0.106387	-0.122386	-0.109109	-0.112120	-0.110705	-0.113622	-0.030675	-0.103532	-0.115435	-0.111269	-0.105292	-0.113292	-0.111140	-0.100990	-0.110895	-0.133568	-0.133359	-0.108516	-0.104875	-0.117494	-0.118553	-0.112069	-0.107530	0.011980	-0.111319	0.166295	-0.105906	-0.117262	-0.095091	-0.108765	-0.108155	-0.097147	-0.082401	-0.101331	0.188368	-0.097419	0.152071	-0.113413	-0.103914	-0.081421	-0.130149	-0.101849	-0.093983	-0.116570	-0.113844	-0.109848	-0.109469	-0.110642	-0.125788	-0.081350	-0.108414	-0.117374	-0.118814	-0.109119	-0.108972	-0.126637	-0.116005	-0.123579	-0.110882	-0.122591	
0.179154	0.209878	0.130853	0.014668	0.235075	0.169828	0.037123	0.175795	0.178447	1.018471	0.180005	0.207366	-0.008608	-0.111243	0.206123	0.148371	0.164481	-0.079845	0.211338	0.195815	0.173131	0.183522	0.167274	0.124418	0.153289	0.185872	0.182074	0.209877	0.001316	0.158524	0.177007	0.174549	0.203162	0.177007	-0.123634	0.172101	0.190924	0.189608	0.158783	0.179133	0.178154	0.166378	0.178014	-0.062673	-0.086663	0.203808	-0.118545	-0.121882	0.197667	0.180596	0.164008	-0.101821	-0.107000	-0.108370	-0.105566	-0.081522	-0.075440	-0.076850	-0.059377	-0.034774	-0.054140	-0.097187	-0.093996	-0.057631	-0.094229	0.064881	0.123479	0.141860	0.051792	0.182156	-0.069237	0.180935	-0.113289	0.181230	0.170823	0.174635	0.167606	0.161213	0.181767	0.073191	0.151259	-0.103832	0.168969	-0.104947	0.179324	-0.100028	-0.101123	0.156872	0.178556	0.145012	-0.053177	-0.093326	-0.045814	-0.081237	-0.100831	-0.027300	-0.036344	-0.054764	-0.057390	-0.041802	-0.041205	-0.054493	-0.106766	-0.056897	-0.050244	-0.045348	-0.096668	-0.049747	-0.037554	-0.098779	-0.100114	-0.099058	-0.091683	-0.095166	-0.064306	-0.087497	-0.091118	-0.114260	-0.083484	-0.098917	-0.019660	-0.121146	-0.044154	-0.101157	-0.050289	-0.100312	-0.103918	-0.050343	-0.027104	-0.109452	0.178486	-0.107784	-0.114102	-0.112492	-0.109237	-0.104954	-0.101835	0.164541	-0.111601	-0.104133	0.160791	0.187011	-0.099749	-0.115249	-0.108204	-0.095147	-0.103001	-0.097154	-0.022886	-0.114449	-0.105080	-0.111498	-0.123357	-0.106035	-0.094424	-0.103452	-0.118910	-0.096502	-0.131457	-0.106383	-0.120709	-0.091817	-0.121446	-0.105979	-0.093785	0.024585	-0.099494	0.157664	-0.101780	-0.112315	-0.107222	-0.120827	-0.105431	-0.087603	-0.104612	-0.098447	0.179649	-0.115881	0.166522	-0.108979	-0.113809	-0.086587	-0.114960	-0.099017	-0.107477	-0.093143	-0.106406	-0.104276	-0.098733	-0.105607	-0.102145	-0.098104	-0.104257	-0.120373	-0.087806	-0.096396	-0.109891	-0.115882	-0.105068	-0.105077	-0.103621	-0.117108	
0.156887	0.224245	0.163269	0.017878	0.130743	0.129061	0.135785	0.169616	0.171121	0.180005	0.982432	0.163366	-0.005364	-0.100426	0.173872	0.144150	0.171396	-0.096721	0.164850	0.180647	0.171544	0.146699	0.160237	0.131529	0.158331	0.174300	0.173016	0.156878	0.031922	0.167714	0.193783	0.159898	0.164671	0.148767	-0.102113	0.175454	0.149890	0.159523	0.147612	0.174633	0.147295	0.157081	0.167107	-0.079279	0.030712	0.175491	-0.099766	-0.101902	0.153722	0.171431	0.154674	-0.092877	-0.094444	-0.105650	-0.102360	-0.041392	-0.078235	-0.060476	-0.014592	-0.060987	-0.054693	-0.086703	-0.084450	-0.047184	-0.089704	0.042209	0.131495	0.102664	0.107069	0.170379	-0.086005	0.170534	-0.099007	0.133727	0.174555	0.174236	0.197121	0.171747	0.164691	0.074839	0.177964	-0.080003	0.159087	-0.104622	0.168391	-0.091478	-0.094097	0.151038	0.175033	0.146950	-0.060342	-0.087082	-0.067612	-0.078846	-0.086263	-0.034181	-0.046955	-0.050629	-0.062050	-0.050105	-0.047889	-0.045004	-0.097323	-0.050801	-0.048737	-0.056341	-0.078977	-0.041882	-0.045957	-0.085537	-0.103754	-0.093373	-0.089649	-0.099234	-0.073166	-0.084000	-0.105109	-0.110331	-0.103957	-0.085503	-0.049547	-0.110634	-0.056582	-0.103253	-0.056133	-0.102041	-0.092557	-0.058960	-0.067231	-0.090600	0.176998	-0.081831	-0.095350	-0.099793	-0.088238	-0.106138	-0.092261	0.185648	-0.101633	-0.093787	0.166336	0.159693	-0.098533	-0.103200	-0.092586	-0.089660	-0.100447	-0.104325	-0.008673	-0.096395	-0.102955	-0.106020	-0.097830	-0.097707	-0.085582	-0.083214	-0.094911	-0.106928	-0.108584	-0.095680	-0.092389	-0.109205	-0.098868	-0.105691	-0.095242	0.021137	-0.078608	0.161921	-0.096465	-0.095455	-0.094851	-0.098288	-0.100630	-0.086602	-0.056375	-0.078986	0.193297	-0.097909	0.153380	-0.094150	-0.096772	-0.082755	-0.079263	-0.109731	-0.107979	-0.096215	-0.099591	-0.099948	-0.099994	-0.073981	-0.099866	-0.081654	-0.101383	-0.099208	-0.091540	-0.085068	-0.107926	-0.101924	-0.105499	-0.124096	-0.104887	-0.096088	
0.200780	0.151425	0.168529	0.021838	0.144464	0.149215	0.151502	0.196006	0.166643	0.207366	0.163366	1.049531	-0.007471	-0.099892	0.180311	0.153645	0.156140	-0.088788	0.168792	0.193552	0.157133	0.207612	0.175079	0.132265	0.150547	0.191472	0.174279	0.172059	0.029623	0.184543	0.161220	0.166117	0.185921	0.171550	-0.105984	0.165414	0.178003	0.190853	0.188302	0.160090	0.160005	0.162383	0.170502	-0.063795	-0.074464	0.175135	-0.099882	-0.103399	0.188582	0.180876	0.172815	-0.092964	-0.108409	-0.099563	-0.087401	-0.072248	-0.101017	-0.064904	0.003089	-0.053229	-0.058394	-0.080035	-0.057858	-0.049318	-0.081033	0.049172	0.220368	0.130861	0.091462	0.166813	-0.089799	0.174075	-0.107262	0.185586	0.172976	0.156513	0.174024	0.184347	0.143454	0.080648	0.209249	-0.088117	0.170218	-0.104969	0.170068	-0.098536	-0.090692	0.180984	0.186007	0.174409	-0.052360	-0.096219	-0.059377	-0.079300	-0.098217	-0.033698	-0.067625	-0.050053	-0.065360	-0.054204	-0.057005	-0.050896	-0.103958	-0.070066	-0.040837	-0.074374	-0.088129	-0.067077	-0.057993	-0.075592	-0.092372	-0.102796	-0.104110	-0.093454	-0.072247	-0.089945	-0.091804	-0.108077	-0.096432	-0.087323	-0.045367	-0.106680	-0.067672	-0.109903	-0.068214	-0.094907	-0.095667	-0.056882	-0.064954	-0.105638	0.146568	-0.099905	-0.114121	-0.117190	-0.101594	-0.099758	-0.111770	0.152200	-0.096182	-0.102878	0.144505	0.169636	-0.113755	-0.106912	-0.103626	-0.110041	-0.105160	-0.115051	-0.001180	-0.103421	-0.092398	-0.102780	-0.109917	-0.111221	-0.102814	-0.092582	-0.110155	-0.096609	-0.115865	-0.101949	-0.111160	-0.104764	-0.104797	-0.100861	-0.090176	0.025377	-0.109363	0.151610	-0.101931	-0.114778	-0.097490	-0.106987	-0.107123	-0.077115	-0.051302	-0.108460	0.186860	-0.087313	0.173964	-0.115842	-0.104684	-0.090953	-0.102159	-0.100411	-0.096278	-0.097924	-0.102247	-0.093831	-0.110400	-0.106723	-0.079711	-0.106176	-0.116239	-0.085779	-0.107853	-0.097827	-0.094206	-0.090571	-0.113823	-0.130861	-0.110356	-0.114448	
0.010758	0.030111	0.004751	0.157724	-0.015798	-0.027246	0.039216	-0.014472	-0.002706	-0.008608	-0.005364	-0.007471	0.982574	0.022552	0.005456	-0.011632	-0.007751	0.000515	-0.010055	0.022124	-0.013946	-0.012429	-0.007009	0.056482	0.001836	-0.013068	-0.001988	-0.005201	0.005567	-0.020615	0.007955	0.003082	-0.029380	0.006068	0.309779	0.003086	-0.000777	-0.004389	-0.008583	-0.005386	0.008361	-0.005043	0.003559	-0.032941	-0.004381	0.001746	0.054297	0.015669	-0.006737	-0.003024	0.008971	0.037925	0.011281	0.026916	-0.008005	0.028690	-0.005417	0.012318	-0.004363	-0.058591	-0.062237	0.011573	-0.002691	-0.060966	0.012941	-0.039337	0.025266	-0.030389	-0.079205	-0.015661	0.019419	0.025784	0.040993	-0.006890	-0.001783	-0.009928	-0.005286	-0.014666	-0.017431	-0.051677	-0.008712	0.037054	-0.023388	0.102475	0.013957	0.037838	0.081149	-0.010942	0.000305	0.001360	-0.046356	-0.039733	-0.073378	-0.029457	0.005857	-0.077138	-0.074435	-0.070588	-0.078917	-0.056290	-0.051562	-0.058379	-0.027592	-0.069084	-0.061423	-0.059942	-0.033165	-0.065787	-0.076590	-0.038855	-0.005338	-0.006153	-0.016751	-0.001188	-0.057971	-0.019242	0.002397	-0.021306	-0.023324	-0.026921	-0.060594	-0.017150	-0.056714	-0.002592	-0.063530	-0.037422	-0.006733	-0.061524	-0.049831	-0.015791	-0.017351	-0.022561	-0.002592	0.000560	0.009606	-0.012264	-0.001785	0.002580	0.012443	0.009332	-0.008283	-0.013377	0.076308	0.006071	0.002794	0.004643	-0.017352	0.005771	-0.057498	-0.017732	-0.001695	0.000446	-0.007033	-0.003859	0.001455	0.047612	-0.008431	0.074192	0.003129	0.009913	-0.016022	-0.008325	0.016708	-0.017086	0.003039	0.010574	0.000226	0.002450	-0.005234	-0.020630	0.009452	-0.002624	-0.000902	-0.004243	-0.030353	0.017365	-0.030450	0.012565	0.002984	0.010436	0.009573	0.003157	0.001460	0.013972	-0.007594	0.011618	-0.014600	-0.003539	0.004900	-0.003733	-0.008660	0.009882	-0.010683	-0.000026	0.005009	0.021709	-0.000433	-0.012383	-0.004796	-0.012323	-0.010212	-0.003260	
-0.101522	-0.099839	-0.072786	-0.008441	-0.079609	-0.110439	-0.054345	-0.094274	-0.111616	-0.111243	-0.100426	-0.099892	0.022552	0.926022	-0.099751	-0.079070	-0.089933	0.096404	-0.103420	-0.116116	-0.101620	-0.115807	-0.095513	-0.088962	-0.053641	-0.108319	-0.103823	-0.096541	0.016482	-0.097379	-0.091461	-0.113166	-0.107345	-0.108585	0.091053	-0.098306	-0.106582	-0.089474	-0.100052	-0.089211	-0.103846	-0.093420	-0.102501	0.070125	0.050870	-0.101608	0.093791	0.092108	-0.084300	-0.116221	-0.106041	0.092620	0.097657	0.092065	0.100627	0.022907	0.061012	0.059841	-0.019269	-0.038081	-0.024868	0.106453	0.103346	-0.019983	0.072879	-0.015096	-0.108065	-0.131271	-0.011431	-0.087201	0.092330	-0.112534	0.084376	-0.087130	-0.096477	-0.096314	-0.085295	-0.087239	-0.103806	-0.065170	-0.092398	0.078628	-0.104528	0.075002	-0.093932	0.096426	0.094052	-0.115263	-0.093997	-0.094146	-0.059551	0.030157	-0.057143	0.031833	0.063805	-0.062878	-0.062826	-0.046132	-0.044538	-0.058740	-0.040853	-0.041049	0.027233	-0.059311	-0.069800	-0.041628	0.028211	-0.041989	-0.054737	0.024014	0.031077	0.041782	0.060679	0.069728	-0.058422	0.037950	0.068512	0.059059	0.022540	0.049757	-0.061684	0.081802	-0.046588	0.056496	-0.050751	0.049027	0.035793	-0.049783	-0.055971	0.071002	-0.111808	0.083449	0.062652	0.052148	0.049203	0.061094	0.054956	-0.098995	0.058727	0.060596	-0.095707	-0.109754	0.092454	0.065968	0.062964	0.067536	0.054978	0.074758	-0.062120	0.062003	0.064304	0.074236	0.045680	0.062157	0.074092	0.073704	0.064629	0.066250	0.066093	0.050231	0.060064	0.057085	0.054399	0.055373	0.042701	-0.030697	0.062443	-0.100113	0.058933	0.050489	0.048682	0.047522	0.089983	0.066187	0.011875	0.075835	-0.120647	0.063276	-0.110166	0.062286	0.059438	0.038500	0.044298	0.051433	0.031537	0.060212	0.050709	0.063591	0.047120	0.032595	0.041126	0.065038	0.053491	0.097891	0.049864	0.068323	0.077513	0.033164	0.056403	0.079714	0.063475	0.047921	
0.208568	0.135419	0.136865	0.027117	0.153344	0.162972	0.036507	0.193484	0.178987	0.206123	0.173872	0.180311	0.005456	-0.099751	0.993516	0.136451	0.161692	-0.092289	0.175050	0.172713	0.190972	0.210478	0.186870	0.138113	0.137392	0.189545	0.180948	0.168576	0.017989	0.194496	0.162347	0.148110	0.182277	0.164465	-0.119653	0.175796	0.187299	0.184644	0.194612	0.198828	0.200228	0.183437	0.192494	-0.055375	-0.053118	0.176066	-0.108895	-0.098108	0.167915	0.174302	0.179016	-0.082689	-0.089339	-0.111117	-0.083335	-0.064368	-0.082152	-0.084191	0.017464	-0.047639	-0.052058	-0.098858	-0.088140	-0.039798	-0.077922	0.099957	0.081666	0.126290	0.009304	0.182396	-0.092690	0.209793	-0.110955	0.192928	0.207619	0.180416	0.171292	0.196231	0.159786	0.093235	0.181993	-0.096728	0.163363	-0.122738	0.183171	-0.096642	-0.127441	0.191185	0.200531	0.158010	-0.067296	-0.086566	-0.053825	-0.091407	-0.105425	-0.050604	-0.062930	-0.048079	-0.053234	-0.046974	-0.053225	-0.064534	-0.089272	-0.043637	-0.062973	-0.058910	-0.091441	-0.066480	-0.066647	-0.075655	-0.109015	-0.088500	-0.120741	-0.105429	-0.063424	-0.082156	-0.100698	-0.113120	-0.077311	-0.099243	-0.060346	-0.123321	-0.055237	-0.098323	-0.055897	-0.082111	-0.099179	-0.073317	-0.070664	-0.115324	0.174091	-0.099367	-0.111693	-0.116968	-0.108611	-0.093832	-0.104181	0.168875	-0.084294	-0.085666	0.176270	0.175620	-0.107415	-0.106682	-0.109169	-0.108777	-0.108595	-0.107656	-0.035492	-0.106505	-0.124683	-0.112947	-0.109219	-0.114418	-0.076237	-0.074629	-0.102402	-0.117335	-0.112584	-0.109853	-0.109862	-0.114968	-0.106349	-0.104261	-0.102008	0.027639	-0.112033	0.176632	-0.109307	-0.121178	-0.104057	-0.122027	-0.101154	-0.108133	-0.045698	-0.093150	0.182973	-0.103756	0.156295	-0.115918	-0.095106	-0.107012	-0.108219	-0.102292	-0.115361	-0.112707	-0.117261	-0.106860	-0.106072	-0.088708	-0.108073	-0.086712	-0.092954	-0.109451	-0.111063	-0.106372	-0.123352	-0.120206	-0.121057	-0.117661	-0.106475	-0.100661	
0.175321	0.205075	0.178611	0.007522	0.159909	0.127583	0.210296	0.155567	0.141397	0.148371	0.144150	0.153645	-0.011632	-0.079070	0.136451	1.050931	0.194340	-0.107127	0.197440	0.145256	0.083745	0.149173	0.115496	0.141046	0.113439	0.171135	0.210419	0.216856	0.126438	0.159233	0.119592	0.126939	0.127963	0.213021	-0.093876	0.140819	0.140618	0.137208	0.167310	0.146868	0.188371	0.206785	0.155551	-0.018518	-0.048381	0.135077	-0.084545	-0.089953	0.112664	0.163214	0.127034	-0.094619	-0.061792	-0.087801	-0.088891	-0.049998	-0.070595	-0.040666	0.018959	0.004769	-0.007047	-0.030723	-0.084767	-0.026847	-0.097656	0.051950	0.117898	0.183344	0.184130	0.163292	-0.067801	0.248004	-0.082557	0.142808	0.138733	0.122894	0.109630	0.142867	0.129044	0.018949	0.179081	-0.077063	0.128197	-0.118439	0.126495	-0.074696	-0.098842	0.170702	0.176687	0.096275	-0.047482	-0.107716	-0.021935	-0.108985	-0.097621	-0.038107	-0.095016	-0.073590	-0.034730	-0.000990	-0.029342	-0.031978	-0.115906	-0.051626	-0.058203	-0.072080	-0.128668	-0.082709	-0.051585	-0.116637	-0.094963	-0.071356	-0.100970	-0.092425	-0.010426	-0.110346	-0.105333	-0.115354	-0.098969	-0.087665	-0.029598	-0.130844	-0.015532	-0.117783	-0.049049	-0.088362	-0.115764	-0.059202	-0.042387	-0.108424	0.133428	-0.118495	-0.107813	-0.102600	-0.093672	-0.089911	-0.081944	0.189077	-0.106138	-0.100751	0.137462	0.096170	-0.118927	-0.086957	-0.143605	-0.089950	-0.111168	-0.114245	0.010184	-0.104585	-0.079661	-0.113724	-0.072417	-0.108962	-0.068456	-0.049513	-0.089570	-0.110860	-0.099392	-0.095838	-0.085720	-0.123486	-0.063937	-0.107509	-0.094695	-0.017735	-0.118091	0.158653	-0.121227	-0.123672	-0.109159	-0.134493	-0.088822	-0.109348	-0.016081	-0.087682	0.128842	-0.091046	0.128720	-0.078217	-0.099679	-0.100480	-0.114329	-0.107096	-0.078688	-0.081244	-0.125464	-0.088185	-0.107912	-0.100817	-0.087717	-0.040091	-0.094650	-0.105193	-0.095484	-0.120077	-0.100471	-0.120524	-0.089423	-0.117439	-0.096816	-0.077424	
0.178763	0.182332	0.194151	0.011179	0.152266	0.131606	0.167007	0.182266	0.170910	0.164481	0.171396	0.156140	-0.007751	-0.089933	0.161692	0.194340	0.996817	-0.096792	0.163756	0.143620	0.168623	0.153366	0.180911	0.104646	0.154443	0.185060	0.165793	0.333759	0.038549	0.187348	0.169283	0.164865	0.181889	0.188693	-0.115105	0.187402	0.162322	0.175764	0.186005	0.157633	0.171688	0.141965	0.143508	-0.068970	-0.104324	0.184505	-0.076107	-0.128351	0.132588	0.179257	0.163842	-0.091668	-0.059916	-0.082748	-0.095693	-0.035977	-0.093919	-0.046230	0.037550	-0.026801	-0.039149	-0.065587	-0.069768	-0.035590	-0.083826	0.113942	0.150327	0.156576	0.116112	0.167767	-0.095076	0.199753	-0.096753	0.169908	0.149934	0.144319	0.186747	0.160833	0.175444	0.147955	0.166335	-0.091604	0.164857	-0.091678	0.176606	-0.076322	-0.108547	0.176606	0.155802	0.175107	-0.035295	-0.078086	-0.056073	-0.093431	-0.120902	-0.032173	-0.070074	-0.046780	-0.045061	-0.052451	-0.045094	-0.041396	-0.099997	-0.052767	-0.014965	-0.045749	-0.089015	-0.048843	-0.066211	-0.089083	-0.090280	-0.102942	-0.090252	-0.098868	-0.058270	-0.090299	-0.090412	-0.099715	-0.099891	-0.085013	-0.042603	-0.114801	-0.037851	-0.089267	-0.066207	-0.086436	-0.112778	-0.089369	-0.038707	-0.093478	0.155769	-0.102263	-0.107371	-0.109756	-0.103127	-0.115525	-0.116418	0.145236	-0.116755	-0.104917	0.180326	0.134764	-0.103559	-0.118679	-0.091068	-0.076890	-0.106137	-0.127019	0.006560	-0.110820	-0.102745	-0.102848	-0.101899	-0.125296	-0.066064	-0.063644	-0.098132	-0.133992	-0.111413	-0.119502	-0.104690	-0.100507	-0.105778	-0.110130	-0.099495	0.021812	-0.098408	0.137791	-0.108419	-0.107665	-0.115218	-0.119730	-0.097770	-0.122566	-0.046113	-0.106766	0.169903	-0.118129	0.157127	-0.119422	-0.109576	-0.104526	-0.131316	-0.117662	-0.093385	-0.111329	-0.108190	-0.098149	-0.102919	-0.113429	-0.068955	-0.070085	-0.092702	-0.117722	-0.102768	-0.107304	-0.138549	-0.088489	-0.125970	-0.114077	-0.118375	-0.097609	
-0.093538	-0.058336	-0.065212	0.001826	-0.099640	-0.071504	0.035521	-0.084158	-0.090813	-0.079845	-0.096721	-0.088788	0.000515	0.096404	-0.092289	-0.107127	-0.096792	0.945153	-0.104377	-0.090945	-0.096283	-0.096756	-0.095324	-0.065533	-0.079069	-0.082678	-0.087428	-0.077730	0.259985	-0.086114	-0.109631	-0.088103	-0.094108	-0.079211	0.061172	-0.101209	-0.087138	-0.087623	-0.094402	-0.085201	-0.085413	-0.094063	-0.099544	0.136864	0.141683	-0.090060	0.066040	0.062514	-0.078539	-0.095857	-0.094137	0.059538	0.169496	0.078773	0.109948	0.069290	0.096036	0.079873	0.008123	-0.010129	-0.000375	0.101134	0.117077	-0.005942	0.105913	-0.030187	-0.066632	-0.079719	-0.086900	-0.084031	0.064426	-0.100096	0.058936	-0.078861	-0.096812	-0.080689	-0.105182	-0.093998	-0.088964	-0.074408	-0.077698	0.046326	-0.103417	0.070941	-0.080723	0.063972	0.069897	-0.080226	-0.100908	-0.068357	-0.036098	0.029573	-0.043759	0.033241	0.045715	-0.048703	-0.048392	-0.054522	-0.042588	-0.052021	-0.025557	-0.039967	0.049951	-0.037927	-0.046757	-0.059182	0.023910	-0.053014	-0.038149	0.025007	0.042195	0.040323	0.059682	0.062647	-0.047528	0.032424	0.043005	0.040835	0.030346	0.060135	-0.054301	0.039182	-0.037001	0.055767	-0.033268	0.056562	0.027473	-0.050662	-0.052463	0.036245	-0.087877	0.033151	0.046716	0.061116	0.040062	0.027125	0.037840	-0.100078	0.065492	0.054235	-0.093061	-0.089897	0.059913	0.037639	0.042918	0.043053	0.048398	0.038235	-0.028114	0.063408	0.052326	0.027981	0.034305	0.040085	0.020993	0.058246	0.053149	0.043187	0.041639	0.045580	0.048036	0.062098	0.029040	0.043340	0.026389	-0.034856	0.035083	-0.082379	0.050191	0.051611	0.036294	0.033961	0.064257	0.059459	0.001534	0.047777	-0.106157	0.063407	-0.083993	0.041393	0.033133	0.044862	0.058350	0.052382	0.052674	0.058222	0.029399	0.057659	0.044182	0.048392	0.012925	0.050504	0.036895	0.051425	0.061936	0.050890	0.012442	0.048010	0.033179	0.064494	0.023610	0.059728	
0.189327	0.152857	0.150677	0.033205	0.157343	0.142766	0.129674	0.192421	0.208831	0.211338	0.164850	0.168792	-0.010055	-0.103420	0.175050	0.197440	0.163756	-0.104377	1.083316	0.175627	0.184982	0.170886	0.196160	0.124677	0.159062	0.174627	0.167078	0.171298	0.012455	0.202894	0.190255	0.188229	0.177409	0.155561	-0.107134	0.192734	0.176361	0.194556	0.182622	0.191950	0.188040	0.188649	0.182642	-0.066596	-0.035281	0.178068	-0.123133	-0.121282	0.179170	0.169108	0.181324	-0.085258	-0.099504	-0.097493	-0.099361	-0.061578	-0.087050	-0.060754	-0.023947	-0.051399	-0.065539	-0.106390	-0.088994	-0.045082	-0.092094	0.000925	0.116406	0.145082	0.146066	0.186712	-0.083782	0.210693	-0.099931	0.208955	0.184460	0.183754	0.167880	0.180252	0.163848	0.147663	0.166942	-0.099272	0.192882	-0.098927	0.196526	-0.099180	-0.105126	0.174910	0.184599	0.176800	-0.081341	-0.102482	-0.047583	-0.084455	-0.100186	-0.049464	-0.048307	-0.059200	-0.068978	-0.056239	-0.071490	-0.052257	-0.082124	-0.048971	-0.054750	-0.068872	-0.103364	-0.054835	-0.049104	-0.099065	-0.117207	-0.108603	-0.109693	-0.091433	-0.056691	-0.099880	-0.094193	-0.113018	-0.094103	-0.090016	-0.060905	-0.113137	-0.057439	-0.123130	-0.055845	-0.104118	-0.112989	-0.064615	-0.061505	-0.115399	0.160160	-0.109989	-0.111414	-0.112223	-0.108541	-0.111039	-0.120129	0.176788	-0.112148	-0.100918	0.168272	0.174522	-0.103180	-0.110827	-0.100235	-0.107353	-0.099495	-0.112860	-0.014976	-0.099921	-0.103089	-0.100937	-0.114900	-0.099727	-0.096280	-0.109523	-0.102870	-0.101552	-0.126091	-0.116291	-0.119887	-0.097321	-0.121169	-0.105571	-0.098101	0.006863	-0.103234	0.181596	-0.108236	-0.109114	-0.109123	-0.116411	-0.107015	-0.094707	-0.079422	-0.107504	0.178289	-0.107889	0.167934	-0.108701	-0.105203	-0.099473	-0.111254	-0.098026	-0.099728	-0.099457	-0.111809	-0.097692	-0.092454	-0.096576	-0.096649	-0.094852	-0.110644	-0.116351	-0.100594	-0.101749	-0.117582	-0.107970	-0.115536	-0.126299	-0.088832	-0.098545	
0.185837	0.169653	0.164600	0.013069	0.150784	0.148382	0.079641	0.187169	0.173792	0.195815	0.180647	0.193552	0.022124	-0.116116	0.172713	0.145256	0.143620	-0.090945	0.175627	1.027072	0.195247	0.190442	0.170531	0.141552	0.141604	0.191054	0.197482	0.130328	0.023737	0.191768	0.307640	0.153849	0.169754	0.176474	-0.103974	0.176831	0.175415	0.174621	0.174394	0.185480	0.162626	0.180767	0.162376	-0.055384	0.077151	0.178856	-0.113502	-0.109915	0.161498	0.176308	0.152918	-0.107846	-0.104004	-0.104657	-0.108345	-0.051392	-0.097411	-0.065476	0.013358	-0.049123	-0.065763	-0.100001	-0.093505	-0.041824	-0.103491	-0.008075	0.126264	0.157467	-0.026916	0.161567	-0.088480	0.186343	-0.102878	0.170487	0.165485	0.156986	0.166444	0.169638	0.174375	0.163013	0.176772	-0.086736	0.180347	-0.104382	0.192402	-0.097127	-0.119580	0.178100	0.169239	0.169413	-0.057007	-0.079787	-0.043322	-0.096931	-0.110234	-0.034944	-0.047569	-0.052147	-0.047417	-0.025591	-0.050749	-0.058468	-0.097455	-0.047547	-0.065494	-0.044107	-0.090823	-0.058474	-0.038025	-0.090650	-0.106618	-0.097049	-0.104672	-0.102707	-0.033847	-0.100320	-0.099841	-0.115057	-0.119789	-0.099815	-0.040263	-0.112447	-0.053313	-0.101284	-0.052819	-0.106764	-0.109745	-0.043390	-0.032401	-0.114303	0.168894	-0.114630	-0.109266	-0.109102	-0.093549	-0.115406	-0.108628	0.164081	-0.104808	-0.108678	0.156743	0.158666	-0.120338	-0.110300	-0.110536	-0.088783	-0.106122	-0.116110	-0.004925	-0.099970	-0.105745	-0.106037	-0.094864	-0.092878	-0.108833	-0.108557	-0.103713	-0.106355	-0.104969	-0.097366	-0.114754	-0.105069	-0.121488	-0.108758	-0.072695	0.022361	-0.089611	0.174388	-0.116672	-0.091127	-0.098041	-0.106017	-0.103056	-0.106705	-0.077203	-0.092468	0.173742	-0.110384	0.161111	-0.094676	-0.111851	-0.106627	-0.107886	-0.102500	-0.088965	-0.105972	-0.110338	-0.107235	-0.101925	-0.104703	-0.104926	-0.110753	-0.106137	-0.111796	-0.094418	-0.093427	-0.094059	-0.109654	-0.115883	-0.117739	-0.102838	-0.097311	
