0.000000	0.233314	0.224280	0.271394	0.228559	0.224971	0.255039	0.222832	0.217537	0.222265	0.227238	0.216003	0.271090	0.304038	0.210965	0.208810	0.218102	0.301131	0.228516	0.221814	0.228810	0.213793	0.224242	0.233515	0.232653	0.228943	0.219349	0.224918	0.264335	0.219270	0.224668	0.226425	0.224551	0.218591	0.308604	0.225238	0.216928	0.213742	0.207855	0.216112	0.203829	0.224169	0.225856	0.288240	0.309764	0.223000	0.293180	0.307801	0.225173	0.228375	0.223366	0.291018	0.295185	0.309026	0.307115	0.286999	0.309091	0.313873	0.294595	0.299974	0.298255	0.297838	0.286904	0.310806	0.298015	0.253894	0.223702	0.248966	0.263006	0.228790	0.298662	0.219352	0.308125	0.219153	0.230968	0.220487	0.226614	0.216734	0.232782	0.228625	0.216636	0.299265	0.220607	0.307752	0.230567	0.294892	0.311471	0.218819	0.219001	0.220354	0.300763	0.304291	0.304943	0.300554	0.304974	0.310399	0.308751	0.310349	0.306752	0.300368	0.284770	0.308499	0.306628	0.301424	0.295082	0.304056	0.303130	0.309364	0.304835	0.300299	0.301135	0.302884	0.305147	0.294921	0.299935	0.295460	0.304674	0.305602	0.300013	0.309206	0.301744	0.308059	0.300079	0.304688	0.305839	0.306014	0.300989	0.310878	0.308723	0.303980	0.232447	0.312697	0.306557	0.310261	0.304372	0.301031	0.309681	0.225681	0.287548	0.304779	0.238032	0.231128	0.307893	0.309847	0.310786	0.311054	0.311770	0.311625	0.299044	0.311299	0.311402	0.305452	0.313450	0.308845	0.290763	0.302231	0.312064	0.322642	0.313661	0.310345	0.311035	0.301233	0.312640	0.303378	0.307068	0.272119	0.310882	0.230416	0.313017	0.308588	0.301332	0.303100	0.292241	0.292786	0.292065	0.285478	0.233635	0.293408	0.234048	0.301704	0.313495	0.310644	0.322095	0.307945	0.307410	0.308835	0.304527	0.310356	0.307601	0.309965	0.295189	0.300461	0.308822	0.301464	0.301474	0.305619	0.323572	0.312570	0.308414	0.308690	0.307274	0.307480	
0.233314	0.000000	0.241036	0.273292	0.249603	0.216716	0.228070	0.225914	0.236364	0.218220	0.209265	0.230562	0.276495	0.313039	0.230810	0.210526	0.221713	0.300321	0.234885	0.220054	0.229830	0.217444	0.234417	0.244094	0.227416	0.228903	0.235294	0.197938	0.274464	0.221630	0.230319	0.236229	0.220257	0.214881	0.307734	0.234981	0.219214	0.229178	0.227348	0.230481	0.224581	0.219149	0.239556	0.299606	0.320000	0.219355	0.307121	0.313369	0.215156	0.225892	0.229952	0.314521	0.335397	0.304976	0.326498	0.304348	0.298616	0.328358	0.296736	0.298133	0.293113	0.307190	0.301848	0.305882	0.311932	0.296651	0.228216	0.230583	0.292857	0.221929	0.309140	0.216619	0.314619	0.241028	0.232447	0.239119	0.227225	0.221143	0.232512	0.280612	0.241684	0.305825	0.235638	0.312232	0.230769	0.317128	0.323416	0.226716	0.216855	0.229255	0.301029	0.300108	0.301075	0.303953	0.298722	0.314394	0.303887	0.310420	0.302263	0.306861	0.298962	0.307692	0.305066	0.306769	0.311015	0.311148	0.306178	0.314099	0.298426	0.295220	0.307095	0.320611	0.314681	0.298767	0.318454	0.296013	0.301521	0.300584	0.294465	0.311897	0.307983	0.314973	0.287193	0.305066	0.307818	0.322061	0.304061	0.307692	0.296697	0.302106	0.235050	0.299020	0.318638	0.306442	0.310119	0.298925	0.305585	0.240323	0.306265	0.313904	0.239007	0.236870	0.313619	0.309481	0.318182	0.310011	0.303194	0.317365	0.294006	0.299784	0.297783	0.302924	0.314286	0.308473	0.321668	0.307616	0.300981	0.315175	0.325325	0.304588	0.305722	0.292776	0.299448	0.311723	0.309575	0.279204	0.299842	0.211779	0.315571	0.321508	0.310231	0.310168	0.307856	0.307692	0.275819	0.312760	0.242105	0.316421	0.229581	0.310458	0.308620	0.328607	0.306920	0.297952	0.310930	0.291017	0.321888	0.297489	0.303096	0.310345	0.302067	0.311424	0.312466	0.319246	0.306043	0.299292	0.314000	0.308461	0.310127	0.313407	0.300537	0.301703	
0.224280	0.241036	0.000000	0.273226	0.251625	0.236796	0.220982	0.234094	0.237930	0.235751	0.229773	0.231060	0.272624	0.302191	0.233957	0.207161	0.214387	0.296808	0.240371	0.232933	0.238219	0.235073	0.231147	0.240057	0.252554	0.229536	0.232510	0.233736	0.261407	0.235124	0.239550	0.241020	0.235447	0.225323	0.311903	0.237518	0.241628	0.234153	0.228637	0.229149	0.225666	0.238686	0.243685	0.280988	0.300000	0.238372	0.294048	0.299798	0.227260	0.249198	0.240773	0.293387	0.275900	0.304536	0.311214	0.301418	0.296249	0.318290	0.278075	0.291691	0.304232	0.286018	0.286283	0.311066	0.299855	0.244300	0.209549	0.235562	0.260417	0.245584	0.296231	0.224305	0.292732	0.230970	0.225638	0.238580	0.242808	0.226930	0.230859	0.268608	0.219728	0.299592	0.239112	0.314162	0.237463	0.285963	0.311962	0.225835	0.232350	0.244559	0.304258	0.307965	0.296318	0.298322	0.302285	0.304076	0.310207	0.308356	0.308526	0.300533	0.293045	0.300779	0.308992	0.304736	0.296170	0.294100	0.304283	0.311828	0.301988	0.291955	0.307432	0.300854	0.306724	0.302846	0.304540	0.298015	0.301335	0.308333	0.309386	0.306659	0.313639	0.305168	0.294486	0.311252	0.305917	0.312225	0.298298	0.312958	0.316519	0.307044	0.244871	0.296763	0.300968	0.311957	0.299740	0.298525	0.302440	0.239756	0.303965	0.304511	0.252669	0.241733	0.308897	0.301525	0.297305	0.302792	0.300956	0.309453	0.288475	0.301583	0.299594	0.310729	0.309768	0.312521	0.282250	0.265363	0.311038	0.305992	0.306647	0.308855	0.306931	0.309491	0.305181	0.299442	0.309817	0.278173	0.310652	0.247036	0.307540	0.313478	0.300357	0.304311	0.292788	0.294388	0.280917	0.297361	0.246962	0.298063	0.239013	0.307188	0.308077	0.304823	0.326425	0.302883	0.307036	0.298108	0.306732	0.304765	0.306122	0.305994	0.281667	0.276093	0.300615	0.301760	0.301325	0.300165	0.303140	0.303358	0.302855	0.304390	0.300699	0.315450	
0.271394	0.273292	0.273226	0.000000	0.260671	0.263956	0.274468	0.266775	0.272227	0.271404	0.270785	0.272526	0.229963	0.272928	0.265898	0.269782	0.278622	0.266979	0.270742	0.272554	0.268407	0.272350	0.268434	0.218519	0.265627	0.274662	0.273233	0.279188	0.275670	0.274178	0.275219	0.275008	0.272099	0.262655	0.213907	0.269436	0.265335	0.275824	0.271025	0.271779	0.274102	0.267829	0.281337	0.272074	0.286275	0.278271	0.250864	0.267676	0.263577	0.269376	0.269501	0.264115	0.283797	0.269351	0.274815	0.276190	0.277405	0.270037	0.281474	0.296045	0.297171	0.272401	0.277963	0.297728	0.275106	0.299639	0.225115	0.273438	0.307432	0.270107	0.261458	0.262381	0.275728	0.267736	0.269794	0.268088	0.275663	0.277460	0.272690	0.262500	0.269563	0.264998	0.273082	0.246517	0.279738	0.261799	0.252005	0.273172	0.273102	0.265642	0.305858	0.280013	0.308926	0.263397	0.275792	0.306905	0.303700	0.305609	0.301821	0.307067	0.297559	0.299097	0.279592	0.307187	0.312635	0.307441	0.279099	0.307773	0.299808	0.284089	0.276183	0.267492	0.270005	0.259120	0.306665	0.271230	0.275452	0.278089	0.280270	0.275134	0.307473	0.270686	0.298976	0.276305	0.306518	0.278905	0.270214	0.309446	0.305768	0.273499	0.269619	0.267083	0.271001	0.276973	0.267325	0.269779	0.278318	0.275326	0.262912	0.268579	0.266263	0.272211	0.248180	0.270407	0.270997	0.278606	0.274563	0.274893	0.303509	0.275433	0.276369	0.277324	0.272657	0.274883	0.270092	0.255441	0.271919	0.250844	0.267394	0.273926	0.271333	0.273488	0.284160	0.272439	0.279299	0.270027	0.274895	0.273503	0.266459	0.281020	0.264659	0.284215	0.262782	0.262606	0.264386	0.269117	0.271843	0.264753	0.271263	0.274029	0.276803	0.273366	0.267354	0.282419	0.272677	0.277769	0.273112	0.267528	0.275862	0.269703	0.268036	0.281676	0.268300	0.272223	0.270286	0.271043	0.285511	0.270789	0.279006	0.272435	0.278306	0.270270	
0.228559	0.249603	0.251625	0.260671	0.000000	0.238095	0.248691	0.234477	0.224745	0.202655	0.223263	0.225781	0.273819	0.292625	0.226970	0.221800	0.224246	0.304706	0.233623	0.218575	0.240313	0.229650	0.223839	0.236025	0.225194	0.244263	0.233955	0.242481	0.277337	0.223571	0.235756	0.237927	0.227918	0.232310	0.300669	0.228381	0.216016	0.230162	0.230707	0.235038	0.226368	0.221569	0.232957	0.285166	0.312757	0.231320	0.299713	0.291487	0.214397	0.228673	0.225540	0.295827	0.279821	0.296022	0.297906	0.293996	0.283977	0.279070	0.303167	0.285096	0.302722	0.299492	0.304650	0.289609	0.297201	0.272059	0.225490	0.250825	0.274390	0.235226	0.293021	0.225513	0.304959	0.222310	0.224354	0.227417	0.222396	0.228719	0.242545	0.206478	0.224289	0.292506	0.233685	0.307601	0.237295	0.300290	0.298957	0.233412	0.228244	0.239464	0.306458	0.303437	0.291633	0.295642	0.299095	0.290400	0.295622	0.280226	0.297222	0.288054	0.291019	0.321153	0.294165	0.294949	0.310634	0.291971	0.295865	0.291266	0.306709	0.289944	0.279192	0.283101	0.293496	0.282845	0.307323	0.285657	0.281069	0.304654	0.297426	0.307359	0.285658	0.304485	0.283985	0.309610	0.291566	0.289161	0.294589	0.303601	0.311396	0.299919	0.222743	0.304976	0.296372	0.303017	0.291952	0.298142	0.294650	0.224539	0.303901	0.292434	0.235237	0.237628	0.294422	0.300732	0.296761	0.301976	0.303965	0.298722	0.284358	0.298644	0.297133	0.299160	0.297337	0.304181	0.294464	0.296875	0.293509	0.308054	0.299339	0.302316	0.289326	0.303406	0.280596	0.283101	0.286695	0.270616	0.288262	0.229870	0.289655	0.300487	0.293227	0.304639	0.287284	0.291700	0.267949	0.294727	0.230925	0.289591	0.221595	0.298239	0.292823	0.289916	0.320605	0.298293	0.289377	0.299018	0.305218	0.297568	0.303854	0.299492	0.287122	0.298784	0.290873	0.305508	0.295224	0.284052	0.303584	0.310647	0.291780	0.303404	0.287730	0.296771	
0.224971	0.216716	0.236796	0.263956	0.238095	0.000000	0.264858	0.222825	0.221018	0.214448	0.222920	0.226006	0.276409	0.298936	0.214223	0.210932	0.224949	0.287760	0.228882	0.223133	0.227519	0.222989	0.211542	0.228246	0.226441	0.222569	0.233470	0.231851	0.263867	0.212253	0.224747	0.219563	0.223059	0.216468	0.298283	0.220031	0.217792	0.212329	0.224028	0.225755	0.227365	0.225880	0.216183	0.281467	0.300000	0.225715	0.308137	0.290582	0.224117	0.229405	0.220398	0.292634	0.313534	0.300647	0.299332	0.294057	0.284075	0.285433	0.289389	0.289636	0.299549	0.305210	0.306371	0.299612	0.299526	0.235908	0.198980	0.209877	0.259386	0.227855	0.286955	0.225850	0.300192	0.222886	0.216737	0.224432	0.220985	0.228238	0.220280	0.248945	0.234467	0.289258	0.226488	0.298895	0.229775	0.299926	0.300819	0.218211	0.220000	0.227305	0.296721	0.297627	0.294826	0.286390	0.300052	0.295592	0.300303	0.296741	0.295587	0.288136	0.293312	0.295242	0.291062	0.300179	0.288985	0.296350	0.290334	0.298323	0.297254	0.286105	0.292330	0.287548	0.298636	0.298585	0.291815	0.281941	0.287662	0.293717	0.294118	0.288823	0.296119	0.294282	0.284747	0.292013	0.295394	0.285589	0.294336	0.302464	0.301766	0.293550	0.217917	0.293198	0.290984	0.294534	0.287798	0.293530	0.292375	0.216658	0.288556	0.289041	0.223827	0.229203	0.298286	0.298022	0.287703	0.299123	0.301520	0.301171	0.286559	0.290044	0.298410	0.295535	0.294105	0.293051	0.292584	0.292815	0.290932	0.300295	0.297275	0.290421	0.291607	0.289832	0.291094	0.293515	0.290901	0.265160	0.289873	0.216479	0.297732	0.295605	0.295612	0.302699	0.288085	0.290986	0.280606	0.289291	0.228249	0.290468	0.216037	0.299075	0.301869	0.290086	0.297720	0.290278	0.292311	0.294014	0.294107	0.291598	0.296772	0.290031	0.286856	0.303976	0.287101	0.300804	0.297755	0.287279	0.308605	0.305875	0.296513	0.299869	0.287916	0.295503	
0.255039	0.228070	0.220982	0.274468	0.248691	0.264858	0.000000	0.242857	0.230308	0.255754	0.242321	0.234079	0.261564	0.291312	0.255337	0.220715	0.225051	0.265306	0.247009	0.248700	0.269923	0.253296	0.244863	0.274180	0.256734	0.254669	0.249104	0.228070	0.258065	0.244617	0.249364	0.260944	0.249351	0.242208	0.309871	0.263605	0.244048	0.254499	0.256849	0.229718	0.238587	0.261130	0.280239	0.288557	0.252525	0.279170	0.288000	0.284120	0.248727	0.257315	0.261460	0.274979	0.285405	0.281463	0.302165	0.264840	0.276775	0.258065	0.248555	0.256454	0.282969	0.294668	0.300562	0.277491	0.271245	0.244444	0.216418	0.214912	0.193548	0.242628	0.267129	0.250000	0.292125	0.256698	0.237684	0.254340	0.246180	0.232158	0.242938	0.276423	0.248099	0.281411	0.242943	0.294269	0.254281	0.294016	0.306267	0.250650	0.247619	0.247432	0.292535	0.274648	0.300087	0.290517	0.287543	0.302842	0.279208	0.293961	0.296264	0.261174	0.259850	0.278323	0.274933	0.314210	0.296954	0.282967	0.293644	0.281534	0.284710	0.293548	0.289012	0.281057	0.299257	0.303787	0.282986	0.286585	0.292088	0.300000	0.288428	0.287467	0.296425	0.286701	0.283542	0.265343	0.304119	0.307491	0.304889	0.281046	0.274716	0.305681	0.252008	0.292185	0.298165	0.290192	0.292444	0.288265	0.297854	0.254091	0.282096	0.294828	0.278240	0.253927	0.287972	0.297324	0.296889	0.287944	0.296625	0.296916	0.271204	0.278261	0.267005	0.284756	0.308390	0.286567	0.292899	0.280837	0.305506	0.277580	0.280973	0.290976	0.300988	0.276398	0.297609	0.307625	0.309917	0.278707	0.296192	0.242188	0.308605	0.303085	0.289028	0.289441	0.270499	0.287543	0.280971	0.287719	0.252990	0.300429	0.268116	0.285714	0.291841	0.291351	0.330189	0.310021	0.305066	0.297743	0.302768	0.289741	0.301530	0.307953	0.296813	0.298537	0.282456	0.301656	0.320197	0.293255	0.276596	0.303695	0.288357	0.290875	0.297324	0.301242	
0.222832	0.225914	0.234094	0.266775	0.234477	0.222825	0.242857	0.000000	0.225512	0.220335	0.220107	0.218394	0.276912	0.301548	0.215470	0.221981	0.220460	0.296638	0.225771	0.217003	0.218913	0.217914	0.217497	0.236763	0.233085	0.223978	0.227735	0.235069	0.275512	0.219088	0.221641	0.228294	0.220422	0.224677	0.309303	0.220590	0.225896	0.225137	0.226596	0.222318	0.226609	0.222926	0.231977	0.291275	0.319871	0.232200	0.306792	0.302258	0.214268	0.229621	0.225987	0.300138	0.309855	0.302802	0.302223	0.284178	0.298431	0.307427	0.294362	0.295110	0.299023	0.303514	0.306869	0.304954	0.294627	0.277457	0.207426	0.239722	0.265252	0.223051	0.297780	0.231778	0.299770	0.218269	0.225897	0.231818	0.219072	0.217965	0.232714	0.257785	0.225249	0.296236	0.223381	0.307327	0.222744	0.300090	0.307913	0.224495	0.223875	0.226109	0.294016	0.303833	0.300320	0.292665	0.304311	0.300532	0.298558	0.299565	0.300454	0.291584	0.289864	0.298549	0.299312	0.294154	0.295039	0.296287	0.297749	0.300801	0.297368	0.292676	0.300608	0.302168	0.307107	0.302189	0.294125	0.297743	0.301441	0.307059	0.297185	0.299145	0.302251	0.302521	0.295804	0.305199	0.291698	0.303027	0.298398	0.299697	0.303012	0.302815	0.225607	0.297150	0.304762	0.305970	0.299895	0.300415	0.301438	0.225460	0.301110	0.297603	0.233655	0.226106	0.297331	0.307095	0.301118	0.304512	0.302622	0.309001	0.287366	0.307042	0.307245	0.306299	0.304662	0.305529	0.304421	0.301394	0.299802	0.307375	0.306346	0.304956	0.300012	0.301941	0.306508	0.302237	0.306643	0.265923	0.308094	0.226779	0.308052	0.309159	0.299790	0.306955	0.305206	0.299027	0.298041	0.298137	0.221748	0.303143	0.220519	0.302360	0.304964	0.298616	0.305058	0.298370	0.304795	0.306145	0.303982	0.304621	0.311353	0.304106	0.305218	0.307026	0.304540	0.312961	0.307236	0.302385	0.318473	0.309379	0.304973	0.308135	0.298918	0.311039	
0.217537	0.236364	0.237930	0.272227	0.224745	0.221018	0.230308	0.225512	0.000000	0.220581	0.225082	0.223509	0.274693	0.309862	0.219871	0.221942	0.222900	0.300305	0.220195	0.221930	0.224681	0.218647	0.223698	0.236909	0.227609	0.226373	0.221436	0.226836	0.270109	0.221128	0.223214	0.221805	0.228958	0.222476	0.307864	0.219932	0.219039	0.218195	0.220535	0.220265	0.224859	0.223854	0.230671	0.302658	0.315301	0.220901	0.314051	0.304088	0.223715	0.218341	0.225977	0.300242	0.311467	0.310095	0.305071	0.280832	0.303065	0.310081	0.289081	0.304717	0.302463	0.310615	0.308113	0.305503	0.301094	0.235211	0.218559	0.235758	0.320707	0.221719	0.298431	0.227981	0.312223	0.223941	0.220459	0.226572	0.223886	0.220822	0.229719	0.214047	0.220936	0.302080	0.226751	0.309583	0.224027	0.305108	0.313671	0.217761	0.219090	0.221870	0.302058	0.301595	0.301259	0.297453	0.310817	0.306203	0.302947	0.306899	0.302405	0.299162	0.295930	0.298394	0.306187	0.306015	0.300049	0.301792	0.302893	0.306691	0.305030	0.300526	0.303368	0.305701	0.306125	0.306876	0.300476	0.299270	0.299595	0.303901	0.298801	0.307085	0.303987	0.309445	0.295604	0.305749	0.298415	0.307410	0.302587	0.311417	0.306874	0.304797	0.220534	0.309626	0.308799	0.306780	0.303954	0.304409	0.301600	0.209291	0.300000	0.303797	0.233559	0.223794	0.304942	0.311151	0.306409	0.312110	0.310785	0.312939	0.297107	0.306865	0.309167	0.309482	0.306134	0.309325	0.304812	0.304311	0.304499	0.318038	0.317449	0.308072	0.305419	0.307825	0.311473	0.307857	0.311647	0.274231	0.312609	0.228204	0.307702	0.313004	0.301952	0.308141	0.300164	0.296945	0.297232	0.300819	0.225463	0.300851	0.229194	0.305884	0.309003	0.300832	0.320642	0.308170	0.303650	0.310698	0.307060	0.310711	0.308116	0.303705	0.308306	0.302858	0.305253	0.311753	0.315417	0.305961	0.315348	0.316989	0.310792	0.311283	0.308300	0.316184	
0.222265	0.218220	0.235751	0.271404	0.202655	0.214448	0.255754	0.220335	0.220581	0.000000	0.215974	0.212924	0.274099	0.305103	0.208915	0.227500	0.222200	0.293493	0.215583	0.212728	0.221885	0.218870	0.219855	0.237167	0.227100	0.222750	0.222147	0.219828	0.272271	0.221586	0.220872	0.221691	0.218120	0.214658	0.310357	0.222818	0.215567	0.213122	0.224958	0.215069	0.216956	0.218175	0.225859	0.288462	0.322481	0.216639	0.309976	0.303780	0.208416	0.220732	0.225260	0.296777	0.303436	0.304591	0.304215	0.297436	0.294638	0.307546	0.290525	0.292068	0.299567	0.307421	0.303414	0.302328	0.297740	0.259414	0.213675	0.241463	0.260652	0.218844	0.290503	0.224343	0.305065	0.218912	0.221441	0.217971	0.221498	0.219365	0.224306	0.258278	0.227127	0.296899	0.220187	0.300597	0.221786	0.296854	0.305285	0.222445	0.220125	0.223732	0.297713	0.296375	0.294431	0.287751	0.299837	0.293460	0.293742	0.298497	0.300496	0.292625	0.289412	0.297893	0.302107	0.298449	0.291351	0.295675	0.296499	0.299502	0.293634	0.296134	0.295216	0.294828	0.293061	0.295932	0.302135	0.289257	0.294084	0.303559	0.292926	0.299683	0.292340	0.305075	0.292154	0.299329	0.295263	0.300177	0.297910	0.302843	0.293208	0.300586	0.215801	0.299046	0.303516	0.305152	0.297994	0.297927	0.298969	0.222960	0.300201	0.298295	0.227259	0.225044	0.297930	0.303283	0.300514	0.301336	0.301331	0.304384	0.288240	0.305954	0.301581	0.304559	0.306990	0.300065	0.291232	0.298745	0.301048	0.301594	0.313036	0.300924	0.303074	0.297923	0.307399	0.300957	0.298739	0.266791	0.300939	0.223631	0.300966	0.304989	0.298614	0.305473	0.297929	0.289960	0.300677	0.293584	0.223441	0.301921	0.223288	0.301889	0.305613	0.296290	0.308047	0.301048	0.302438	0.297025	0.299263	0.303043	0.298022	0.298178	0.295613	0.300113	0.299741	0.309075	0.295604	0.296506	0.309580	0.305647	0.301387	0.301196	0.299974	0.306361	
0.227238	0.209265	0.229773	0.270785	0.223263	0.222920	0.242321	0.220107	0.225082	0.215974	0.000000	0.221857	0.272665	0.298316	0.214576	0.228464	0.220548	0.296020	0.224480	0.217241	0.221756	0.222876	0.222014	0.233886	0.226489	0.220217	0.223982	0.231242	0.262943	0.220875	0.217503	0.225006	0.225091	0.222311	0.301563	0.222002	0.221783	0.220430	0.225448	0.215075	0.227068	0.221288	0.225836	0.293806	0.282407	0.221119	0.301936	0.297461	0.220258	0.224375	0.226653	0.293151	0.304336	0.301860	0.302707	0.271795	0.291055	0.291469	0.277344	0.297342	0.299232	0.294909	0.299776	0.298252	0.296076	0.262136	0.208029	0.244123	0.271357	0.220979	0.291662	0.228527	0.300695	0.229758	0.222066	0.220101	0.212202	0.220922	0.228157	0.252046	0.222364	0.288119	0.225262	0.300946	0.222262	0.295522	0.298991	0.222745	0.220992	0.223650	0.297159	0.295127	0.300330	0.285914	0.293043	0.291226	0.297631	0.293886	0.298834	0.292935	0.289883	0.293969	0.296710	0.295471	0.292510	0.295102	0.289874	0.291988	0.296071	0.289281	0.295156	0.293388	0.294770	0.296850	0.304132	0.288432	0.295397	0.301149	0.296915	0.293160	0.297902	0.300665	0.292634	0.299438	0.294905	0.300799	0.291414	0.300812	0.303419	0.292299	0.213289	0.291117	0.292832	0.297155	0.290237	0.298084	0.297487	0.218066	0.295517	0.292473	0.227742	0.223772	0.295492	0.297880	0.296892	0.296829	0.298624	0.303335	0.286281	0.297545	0.299922	0.302831	0.297207	0.295167	0.292779	0.288772	0.292741	0.299206	0.301839	0.295062	0.293887	0.299313	0.300345	0.299670	0.299889	0.266047	0.291082	0.221289	0.296905	0.301471	0.294861	0.297496	0.293408	0.288484	0.281511	0.286296	0.218490	0.293417	0.225706	0.294348	0.298891	0.295238	0.288741	0.302266	0.302561	0.298481	0.295449	0.297977	0.298358	0.285565	0.295301	0.296637	0.296309	0.301098	0.294453	0.290036	0.310073	0.301838	0.299552	0.305461	0.298201	0.295541	
0.216003	0.230562	0.231060	0.272526	0.225781	0.226006	0.234079	0.218394	0.223509	0.212924	0.221857	0.000000	0.276447	0.304022	0.219366	0.216822	0.224995	0.298952	0.227004	0.217830	0.230126	0.215349	0.221369	0.236171	0.231682	0.223924	0.225296	0.232015	0.271261	0.219420	0.228919	0.225407	0.222511	0.219860	0.307292	0.227990	0.220381	0.217746	0.219089	0.224958	0.225989	0.222655	0.227879	0.291358	0.329193	0.223257	0.306577	0.301036	0.217765	0.226971	0.225141	0.297517	0.306962	0.305611	0.302262	0.295556	0.303356	0.300336	0.280032	0.302632	0.305539	0.304355	0.297358	0.305391	0.294673	0.263610	0.220698	0.231380	0.249357	0.224116	0.297834	0.228994	0.306510	0.221193	0.222314	0.225680	0.224771	0.218149	0.232304	0.238983	0.216500	0.294558	0.222405	0.304492	0.224904	0.301730	0.305002	0.222987	0.218177	0.219374	0.301383	0.304233	0.305277	0.291932	0.301330	0.303209	0.309505	0.302471	0.304612	0.300879	0.295485	0.302662	0.304860	0.306700	0.295814	0.305740	0.297115	0.308140	0.303406	0.291089	0.297008	0.300215	0.303034	0.299108	0.308734	0.293023	0.294446	0.305425	0.300426	0.300047	0.302157	0.307156	0.303505	0.305095	0.304806	0.302865	0.299964	0.310061	0.306805	0.303308	0.225554	0.300529	0.305225	0.308869	0.300987	0.298287	0.306391	0.225621	0.295383	0.302583	0.233778	0.228761	0.304405	0.305230	0.301158	0.308056	0.304400	0.308934	0.286525	0.306166	0.303118	0.304861	0.305107	0.306272	0.300344	0.296756	0.302345	0.305308	0.308962	0.304970	0.305686	0.302245	0.308388	0.302076	0.304355	0.267630	0.309002	0.230127	0.302948	0.311396	0.298111	0.303968	0.297675	0.288734	0.282731	0.300172	0.228439	0.295031	0.223729	0.305099	0.306333	0.300746	0.305512	0.306419	0.300834	0.302260	0.301653	0.301949	0.306388	0.302342	0.290895	0.306041	0.307509	0.300752	0.309123	0.297097	0.309771	0.302755	0.311074	0.312651	0.305841	0.309076	
0.271090	0.276495	0.272624	0.229963	0.273819	0.276409	0.261564	0.276912	0.274693	0.274099	0.272665	0.276447	0.000000	0.253665	0.268634	0.276273	0.273413	0.258480	0.281980	0.267929	0.277272	0.278762	0.273694	0.259268	0.274080	0.282154	0.278186	0.274992	0.266398	0.279765	0.275341	0.270999	0.285235	0.270484	0.183306	0.273607	0.270469	0.273011	0.276052	0.270971	0.270417	0.273379	0.277733	0.270616	0.290909	0.275205	0.248669	0.252732	0.269050	0.277481	0.273115	0.246947	0.266255	0.252757	0.264737	0.247289	0.268033	0.248712	0.271882	0.294662	0.296547	0.260699	0.267717	0.301055	0.258400	0.290634	0.266908	0.298204	0.320896	0.278139	0.254881	0.274530	0.252720	0.273709	0.274980	0.275219	0.275537	0.276310	0.282267	0.296900	0.281764	0.249233	0.277176	0.233326	0.270997	0.249666	0.243862	0.275137	0.273692	0.271897	0.293282	0.273460	0.304221	0.263910	0.258076	0.304011	0.303867	0.300765	0.302223	0.295922	0.287451	0.297198	0.268090	0.299859	0.296937	0.296802	0.268630	0.298735	0.302906	0.267615	0.256552	0.256970	0.264539	0.258927	0.297882	0.261043	0.256224	0.266109	0.268098	0.271475	0.299290	0.262915	0.291226	0.262200	0.297319	0.274446	0.258292	0.305868	0.296914	0.262686	0.271291	0.265390	0.259286	0.259813	0.254787	0.257532	0.262100	0.270833	0.251794	0.255471	0.279287	0.278087	0.236391	0.259065	0.256860	0.260603	0.268627	0.264744	0.300338	0.268709	0.261368	0.261808	0.262375	0.261464	0.257335	0.252255	0.257425	0.242318	0.260225	0.257988	0.261426	0.260081	0.256679	0.263544	0.263356	0.266261	0.265058	0.270450	0.259640	0.266218	0.254700	0.261905	0.255131	0.253864	0.277170	0.249417	0.286088	0.253028	0.273416	0.252079	0.258768	0.261186	0.261243	0.252651	0.262373	0.261347	0.263115	0.262318	0.258432	0.258463	0.258433	0.257132	0.262718	0.259975	0.252057	0.250318	0.269263	0.268159	0.261569	0.262100	0.262416	0.262083	
0.304038	0.313039	0.302191	0.272928	0.292625	0.298936	0.291312	0.301548	0.309862	0.305103	0.298316	0.304022	0.253665	0.000000	0.299070	0.300292	0.301205	0.230108	0.307154	0.307219	0.303742	0.309425	0.300237	0.296154	0.286147	0.306350	0.306070	0.308310	0.260372	0.300591	0.302568	0.306756	0.308313	0.305167	0.228551	0.302172	0.304041	0.297903	0.303563	0.296927	0.305279	0.300166	0.306826	0.237055	0.267717	0.304983	0.228849	0.222837	0.293105	0.310127	0.304004	0.222074	0.243293	0.226577	0.231015	0.258569	0.240211	0.238027	0.279937	0.285291	0.287120	0.231501	0.231533	0.282335	0.233554	0.283898	0.302615	0.334367	0.302872	0.297989	0.228675	0.315549	0.232629	0.298930	0.299561	0.300191	0.297679	0.298491	0.307089	0.285235	0.302513	0.225643	0.300956	0.233006	0.303395	0.225239	0.225474	0.307601	0.300000	0.297611	0.291767	0.247964	0.293260	0.240878	0.232301	0.296982	0.295607	0.291526	0.290215	0.290462	0.279255	0.288686	0.242284	0.295957	0.293340	0.288608	0.243630	0.286983	0.292954	0.242359	0.239181	0.236638	0.234728	0.232633	0.292771	0.236924	0.229990	0.234355	0.244828	0.241735	0.293472	0.226870	0.287144	0.234161	0.289947	0.243462	0.238250	0.296524	0.296956	0.229066	0.303424	0.229242	0.233427	0.236996	0.235166	0.229142	0.237244	0.299737	0.233308	0.230987	0.302670	0.307281	0.222341	0.232546	0.231716	0.237864	0.238924	0.233381	0.297893	0.237546	0.236352	0.232658	0.240863	0.236921	0.225347	0.229658	0.232111	0.235819	0.232419	0.238407	0.232186	0.234208	0.236217	0.236411	0.243812	0.274151	0.231922	0.301864	0.235309	0.239167	0.235744	0.238254	0.218233	0.228781	0.250000	0.228093	0.311577	0.228681	0.302331	0.233297	0.235810	0.241776	0.243081	0.238743	0.241888	0.238901	0.236615	0.234373	0.240390	0.238274	0.237505	0.237030	0.232270	0.227140	0.237439	0.230759	0.235230	0.243934	0.235869	0.228724	0.230008	0.240630	
0.210965	0.230810	0.233957	0.265898	0.226970	0.214223	0.255337	0.215470	0.219871	0.208915	0.214576	0.219366	0.268634	0.299070	0.000000	0.221852	0.219379	0.295650	0.222028	0.219952	0.215524	0.204338	0.214019	0.228371	0.231468	0.215969	0.217198	0.223862	0.266473	0.211090	0.223713	0.225791	0.219430	0.217745	0.307306	0.221447	0.213008	0.209930	0.212871	0.210322	0.210103	0.212259	0.217567	0.277167	0.301391	0.221382	0.305652	0.296055	0.212610	0.221766	0.219674	0.290218	0.299009	0.303474	0.296661	0.284457	0.295224	0.295508	0.283815	0.295316	0.298980	0.304202	0.299346	0.298311	0.292757	0.238827	0.238733	0.244431	0.290404	0.214533	0.295525	0.218248	0.303799	0.212477	0.210668	0.210843	0.217007	0.210818	0.226214	0.235489	0.217308	0.296035	0.222248	0.307216	0.218980	0.297071	0.313325	0.215200	0.209622	0.220665	0.300119	0.296253	0.298879	0.292157	0.299325	0.301531	0.302589	0.297474	0.297740	0.293628	0.293928	0.300012	0.296194	0.296464	0.296368	0.297527	0.294607	0.300654	0.301927	0.287812	0.298162	0.293236	0.303278	0.299608	0.299917	0.289840	0.293468	0.302819	0.291321	0.300117	0.301838	0.306184	0.294111	0.298134	0.295525	0.296327	0.294678	0.307944	0.305648	0.301062	0.217958	0.299548	0.301429	0.305958	0.300215	0.293705	0.298317	0.218100	0.287592	0.292424	0.220806	0.221402	0.297712	0.300050	0.301990	0.305543	0.302122	0.306583	0.294094	0.304884	0.307060	0.305055	0.301911	0.303712	0.286277	0.289327	0.296459	0.306951	0.304928	0.304275	0.299453	0.303383	0.304954	0.299046	0.305631	0.263534	0.302841	0.217633	0.301732	0.309578	0.297802	0.305660	0.293770	0.294900	0.283552	0.291126	0.218615	0.298536	0.223392	0.301576	0.302065	0.302016	0.302379	0.299154	0.303267	0.305481	0.304561	0.302681	0.302818	0.290890	0.301025	0.298909	0.296875	0.303321	0.302320	0.299152	0.315139	0.307265	0.305676	0.305008	0.300270	0.300131	
0.208810	0.210526	0.207161	0.269782	0.221800	0.210932	0.220715	0.221981	0.221942	0.227500	0.228464	0.216822	0.276273	0.300292	0.221852	0.000000	0.199616	0.308590	0.217391	0.226094	0.244872	0.228883	0.240151	0.231527	0.239344	0.223646	0.211719	0.192064	0.241162	0.223943	0.235368	0.232412	0.236564	0.216544	0.302648	0.236326	0.233625	0.226572	0.220084	0.224396	0.211636	0.209186	0.230258	0.258621	0.319549	0.234177	0.296075	0.291824	0.225551	0.233305	0.230255	0.296855	0.279047	0.291910	0.304971	0.279621	0.306894	0.282219	0.275689	0.282224	0.296614	0.284605	0.291100	0.294241	0.309015	0.260465	0.191489	0.204255	0.225166	0.219934	0.294367	0.202025	0.297969	0.230608	0.218067	0.227253	0.231439	0.224051	0.245176	0.250000	0.209987	0.287332	0.231156	0.311435	0.235118	0.287694	0.303162	0.221429	0.215216	0.235025	0.302016	0.313567	0.295173	0.297490	0.298326	0.295103	0.322282	0.302215	0.301189	0.275847	0.283482	0.295011	0.309607	0.296970	0.308417	0.303922	0.314670	0.314172	0.303710	0.313653	0.291592	0.287736	0.301878	0.295645	0.291382	0.304440	0.295567	0.307277	0.303564	0.304071	0.294567	0.310533	0.298662	0.309187	0.298969	0.313032	0.307592	0.306495	0.300471	0.307591	0.231468	0.304500	0.293464	0.305336	0.299809	0.293624	0.292508	0.217263	0.301879	0.297038	0.247350	0.240034	0.303884	0.296978	0.319493	0.300632	0.310917	0.311851	0.281329	0.302811	0.294293	0.314617	0.298441	0.304199	0.281575	0.259620	0.291939	0.300266	0.306702	0.304927	0.298996	0.308505	0.297427	0.307988	0.298469	0.279006	0.314983	0.240371	0.314481	0.319493	0.299914	0.319677	0.291374	0.299459	0.257623	0.290073	0.230360	0.292591	0.237676	0.296150	0.302383	0.311610	0.311927	0.307257	0.289863	0.296155	0.310839	0.306122	0.309669	0.298631	0.282727	0.272036	0.299018	0.304495	0.294586	0.305635	0.320432	0.312431	0.313376	0.313735	0.302766	0.298096	
0.218102	0.221713	0.214387	0.278622	0.224246	0.224949	0.225051	0.220460	0.222900	0.222200	0.220548	0.224995	0.273413	0.301205	0.219379	0.199616	0.000000	0.300745	0.227711	0.228463	0.225471	0.226327	0.218910	0.236343	0.232437	0.221486	0.226448	0.183236	0.261885	0.219776	0.223666	0.227291	0.226023	0.209940	0.312033	0.222091	0.223094	0.215972	0.216238	0.226877	0.220890	0.224799	0.232376	0.280113	0.310345	0.218744	0.294534	0.309590	0.223244	0.223875	0.226559	0.296378	0.281437	0.292338	0.305989	0.280886	0.303881	0.283077	0.274038	0.295419	0.301658	0.295630	0.285852	0.295163	0.296946	0.262332	0.217391	0.242515	0.250000	0.221380	0.301540	0.217916	0.302462	0.222354	0.221302	0.230617	0.223504	0.224076	0.223884	0.227477	0.219214	0.294434	0.222855	0.301731	0.225020	0.293878	0.306929	0.218268	0.226190	0.218995	0.295207	0.292541	0.294931	0.293365	0.306648	0.293928	0.304665	0.295735	0.296392	0.296401	0.286110	0.290928	0.298146	0.294675	0.283903	0.295408	0.296825	0.290682	0.303961	0.298335	0.291459	0.292722	0.295122	0.295232	0.294471	0.289094	0.294220	0.301018	0.304931	0.297898	0.297821	0.302619	0.287848	0.297450	0.294990	0.295959	0.305685	0.314509	0.294766	0.297237	0.226644	0.298751	0.300796	0.302789	0.296742	0.307556	0.305961	0.222776	0.302451	0.301300	0.222943	0.237728	0.301898	0.306007	0.297303	0.293489	0.302088	0.316212	0.283198	0.307141	0.300424	0.307057	0.303665	0.306109	0.280072	0.273009	0.293715	0.315809	0.308307	0.305736	0.300928	0.294413	0.307396	0.305156	0.299282	0.271467	0.299194	0.231228	0.306725	0.303320	0.304427	0.308358	0.295566	0.304485	0.268246	0.298347	0.223561	0.304599	0.225630	0.304357	0.303246	0.304592	0.312864	0.308793	0.297540	0.303126	0.303240	0.304149	0.304629	0.303320	0.279622	0.283823	0.295803	0.308603	0.299294	0.300967	0.324405	0.301650	0.313440	0.304592	0.304262	0.302074	
0.301131	0.300321	0.296808	0.266979	0.304706	0.287760	0.265306	0.296638	0.300305	0.293493	0.296020	0.298952	0.258480	0.230108	0.295650	0.308590	0.300745	0.000000	0.308116	0.297619	0.302695	0.303001	0.300480	0.287080	0.295836	0.300220	0.303605	0.295567	0.196089	0.297581	0.307261	0.299650	0.302835	0.295038	0.234944	0.302331	0.296810	0.295854	0.301562	0.295489	0.297805	0.299555	0.305391	0.224746	0.227829	0.298993	0.236937	0.230555	0.291735	0.304762	0.299708	0.233261	0.221154	0.232872	0.228715	0.240117	0.235380	0.228842	0.273011	0.277257	0.279572	0.233766	0.226947	0.279089	0.224271	0.270950	0.289926	0.313341	0.310256	0.296720	0.232865	0.308432	0.238117	0.294546	0.301336	0.293034	0.305061	0.299006	0.301423	0.303030	0.299840	0.234472	0.300676	0.233652	0.297085	0.238066	0.236855	0.294055	0.303599	0.290628	0.286071	0.251242	0.289527	0.237545	0.242932	0.294404	0.292702	0.293473	0.287868	0.290745	0.278787	0.284581	0.240696	0.286702	0.290156	0.291727	0.247566	0.290724	0.290069	0.246180	0.239596	0.238899	0.239128	0.235135	0.291381	0.239895	0.238605	0.240575	0.247664	0.239423	0.293597	0.243496	0.281172	0.240316	0.283734	0.240132	0.243391	0.297576	0.294048	0.241021	0.297448	0.243401	0.241148	0.238687	0.239251	0.241879	0.242956	0.301719	0.228389	0.231737	0.302584	0.301386	0.235468	0.243468	0.239967	0.245641	0.239829	0.245419	0.286731	0.238000	0.241006	0.249379	0.241594	0.241081	0.243011	0.239546	0.234679	0.237079	0.242705	0.242577	0.235182	0.234478	0.247826	0.239953	0.251235	0.277841	0.242718	0.295122	0.240555	0.242649	0.240184	0.242486	0.229367	0.232314	0.260008	0.236189	0.309119	0.233314	0.295923	0.237887	0.245356	0.241193	0.244147	0.241153	0.237644	0.241206	0.243524	0.238055	0.241937	0.235696	0.245495	0.245495	0.240362	0.238420	0.234636	0.236429	0.262337	0.247076	0.243320	0.235959	0.248167	0.242480	
0.228516	0.234885	0.240371	0.270742	0.233623	0.228882	0.247009	0.225771	0.220195	0.215583	0.224480	0.227004	0.281980	0.307154	0.222028	0.217391	0.227711	0.308116	0.000000	0.226228	0.227747	0.229955	0.219400	0.240904	0.232434	0.228315	0.227657	0.232464	0.279326	0.217310	0.224178	0.225398	0.229012	0.231111	0.312654	0.225538	0.226448	0.218864	0.226681	0.218137	0.221200	0.219782	0.229011	0.303106	0.309487	0.226857	0.318645	0.310947	0.219911	0.229888	0.226612	0.298502	0.312533	0.306720	0.309897	0.288873	0.303325	0.299424	0.298578	0.304389	0.310528	0.314678	0.306441	0.308256	0.304256	0.275140	0.228221	0.249848	0.227273	0.225319	0.298994	0.228209	0.310204	0.221763	0.225491	0.224988	0.227145	0.221245	0.233877	0.241722	0.231538	0.299832	0.224370	0.308054	0.224068	0.305188	0.311600	0.224338	0.224923	0.226504	0.311454	0.306127	0.304559	0.295215	0.303701	0.307922	0.303555	0.306945	0.311996	0.302762	0.304303	0.303107	0.299480	0.302482	0.298996	0.309983	0.304821	0.306700	0.305858	0.303056	0.306533	0.306961	0.308060	0.301395	0.307124	0.299665	0.300741	0.309579	0.302471	0.304871	0.309069	0.309843	0.302264	0.312214	0.303016	0.308201	0.309196	0.315873	0.311485	0.307609	0.224360	0.307361	0.307590	0.310403	0.305538	0.305222	0.310580	0.224273	0.307217	0.303603	0.232428	0.229054	0.307117	0.308571	0.306548	0.311027	0.308362	0.314819	0.297565	0.307319	0.306681	0.307760	0.311114	0.305078	0.303190	0.308902	0.304858	0.314189	0.315812	0.311965	0.310526	0.304936	0.314786	0.308651	0.308729	0.279925	0.305100	0.225471	0.308797	0.311890	0.305853	0.310459	0.303530	0.296322	0.297557	0.300714	0.227069	0.306465	0.227300	0.307481	0.309081	0.307957	0.310692	0.306332	0.305015	0.304563	0.307882	0.303713	0.306135	0.299243	0.303013	0.309972	0.309594	0.314115	0.305942	0.301931	0.318211	0.310563	0.312765	0.314604	0.303733	0.309768	
0.221814	0.220054	0.232933	0.272554	0.218575	0.223133	0.248700	0.217003	0.221930	0.212728	0.217241	0.217830	0.267929	0.307219	0.219952	0.226094	0.228463	0.297619	0.226228	0.000000	0.218955	0.215615	0.221278	0.232364	0.231267	0.220000	0.219718	0.242700	0.269272	0.215565	0.186524	0.226368	0.228927	0.220281	0.306442	0.223825	0.216782	0.219921	0.222305	0.218061	0.223302	0.218073	0.226460	0.288374	0.273885	0.218387	0.309235	0.302882	0.218638	0.228125	0.231136	0.300920	0.306460	0.305321	0.309039	0.272247	0.303753	0.294089	0.281375	0.299197	0.308145	0.307584	0.304433	0.302295	0.302581	0.277299	0.228005	0.238066	0.281579	0.226237	0.295994	0.225950	0.303677	0.223664	0.221717	0.227037	0.224614	0.223700	0.226031	0.231164	0.224141	0.293011	0.219160	0.305091	0.222330	0.300680	0.310904	0.220365	0.221941	0.222236	0.298369	0.295278	0.299601	0.296756	0.302749	0.298469	0.297459	0.300939	0.296180	0.287246	0.294514	0.299963	0.299472	0.299549	0.299671	0.297442	0.297885	0.302811	0.297248	0.293081	0.298806	0.298212	0.299701	0.302218	0.296498	0.296323	0.296680	0.304296	0.306303	0.304066	0.299916	0.303584	0.296003	0.300306	0.297504	0.304995	0.302801	0.304353	0.299939	0.303019	0.217420	0.305427	0.303328	0.305868	0.297577	0.302451	0.304343	0.223566	0.301101	0.299213	0.231574	0.225919	0.306300	0.308169	0.303685	0.301291	0.305370	0.310028	0.283336	0.303147	0.299840	0.307868	0.300682	0.298004	0.299086	0.306727	0.298275	0.305550	0.304679	0.303661	0.303565	0.299919	0.310412	0.303078	0.294569	0.263304	0.298938	0.221268	0.309974	0.303167	0.298477	0.304716	0.298421	0.297013	0.290494	0.295616	0.221470	0.300973	0.226916	0.296157	0.304825	0.302279	0.307128	0.304020	0.295969	0.304161	0.302090	0.304729	0.303919	0.300059	0.299032	0.308357	0.303391	0.307911	0.300135	0.295765	0.308194	0.306256	0.305278	0.306101	0.299764	0.302994	
0.228810	0.229830	0.238219	0.268407	0.240313	0.227519	0.269923	0.218913	0.224681	0.221885	0.221756	0.230126	0.277272	0.303742	0.215524	0.244872	0.225471	0.302695	0.227747	0.218955	0.000000	0.225051	0.223407	0.242183	0.229023	0.234292	0.227821	0.248069	0.277102	0.226678	0.224977	0.224802	0.227417	0.223603	0.310971	0.233166	0.219015	0.222001	0.227108	0.225890	0.223117	0.224930	0.231617	0.291118	0.304147	0.226196	0.301319	0.298471	0.223969	0.234325	0.229979	0.299375	0.302514	0.305118	0.300916	0.280907	0.299525	0.308460	0.290070	0.298967	0.303956	0.306397	0.302303	0.304082	0.296509	0.271210	0.222087	0.235223	0.288945	0.222235	0.299236	0.239412	0.305100	0.226444	0.221923	0.223757	0.228601	0.226303	0.225252	0.244224	0.225341	0.293498	0.226917	0.305269	0.224735	0.305538	0.315713	0.222785	0.224779	0.222339	0.302204	0.299443	0.298522	0.292329	0.304302	0.298143	0.298264	0.296907	0.300826	0.294812	0.299118	0.302647	0.299675	0.299523	0.298373	0.304802	0.296239	0.297234	0.298197	0.291030	0.300464	0.300556	0.303630	0.301217	0.300439	0.295890	0.303576	0.305278	0.299063	0.299871	0.301169	0.306414	0.294869	0.302627	0.295681	0.302047	0.299498	0.307692	0.310008	0.307407	0.228706	0.305685	0.297870	0.310983	0.302795	0.301394	0.300516	0.225608	0.299184	0.299638	0.230989	0.229558	0.304836	0.305756	0.304098	0.306601	0.302411	0.309388	0.295205	0.302013	0.305076	0.302789	0.307815	0.300765	0.295271	0.297795	0.299464	0.310482	0.303858	0.308764	0.308417	0.303191	0.311217	0.306320	0.309021	0.275684	0.298575	0.221145	0.307940	0.307923	0.302133	0.306244	0.295288	0.295494	0.291200	0.297173	0.227163	0.299236	0.224260	0.303991	0.300944	0.299153	0.310637	0.307516	0.305544	0.307602	0.306261	0.301522	0.306188	0.302879	0.302443	0.304225	0.300283	0.308822	0.299098	0.300516	0.304682	0.309980	0.306289	0.304846	0.301780	0.301533	
