0.00000000099999999989 0.99999999500000003039 0.00000000099999999989 0.00000000099999999989 0.00000000099999999989 0.00000000099999999989 
0.00000000099999999981 0.00000000099999999981 0.00000000099999999981 0.00000000099999999981 0.00000000099999999981 0.99999999499999991937 
0.00000000099999999987 0.99999999500000014141 0.00000000099999999987 0.00000000099999999987 0.00000000099999999987 0.00000000099999999987 
0.00000000099999999979 0.00000000099999999979 0.00000000099999999979 0.00000000099999999979 0.00000000099999999979 0.99999999499999991937 
0.00000000099999999995 0.00000000099999999995 0.72881027967588496441 0.00000000099999999995 0.22803795097631243682 0.04315176634780251708 
0.03760137081342285192 0.96239862518657715018 0.00000000099999999996 0.00000000099999999996 0.00000000099999999996 0.00000000099999999996 
0.00000000099999999991 0.99999999500000014141 0.00000000099999999991 0.00000000099999999991 0.00000000099999999991 0.00000000099999999991 
0.00000000099999999987 0.99999999500000014141 0.00000000099999999987 0.00000000099999999987 0.00000000099999999987 0.00000000099999999987 
0.00000000099999999990 0.88038323027900489137 0.00000000099999999990 0.11961676572099522176 0.00000000099999999990 0.00000000099999999990 
0.00000000099999999991 0.99999999500000014141 0.00000000099999999991 0.00000000099999999991 0.00000000099999999991 0.00000000099999999991 
0.00001468893369509900 0.77300413953923663435 0.00000000099999999998 0.00000000099999999998 0.09133742577153707021 0.13564374375553131524 
0.00000000099999999990 0.99999999500000014141 0.00000000099999999990 0.00000000099999999990 0.00000000099999999990 0.00000000099999999990 
0.00000000099999999982 0.00000000099999999982 0.00000000099999999982 0.00000000099999999982 0.00000000099999999982 0.99999999499999991937 
0.00000000099999999991 0.99999999500000003039 0.00000000099999999991 0.00000000099999999991 0.00000000099999999991 0.00000000099999999991 
0.00000000099999999997 0.99835500258999487766 0.00000000099999999997 0.00164499341000514721 0.00000000099999999997 0.00000000099999999997 
0.00000000099999999990 0.99999999500000003039 0.00000000099999999990 0.00000000099999999990 0.00000000099999999990 0.00000000099999999990 
0.00000000099999999980 0.00000000099999999980 0.00000000099999999980 0.00000000099999999980 0.00000000099999999980 0.99999999500000003039 
0.00000000099999999995 0.91044073856622664831 0.00000000099999999995 0.00000000099999999995 0.00000000099999999995 0.08955925743377354808 
0.00000000099999999989 0.99999999500000014141 0.00000000099999999989 0.00000000099999999989 0.00000000099999999989 0.00000000099999999989 
0.00000000099999999991 0.00000000099999999991 0.00000000099999999991 0.00000000099999999991 0.00000000099999999991 0.99999999500000003039 
0.00000000099999999991 0.00000000099999999991 0.92256530989892848726 0.00000000099999999991 0.05742321918472251263 0.02001146791634889066 
0.00000000099999999993 0.00000000099999999993 0.74926483011603262074 0.00000000099999999993 0.20135530516079952479 0.04937986172316789074 
0.00000000099999999997 0.00000000099999999997 0.87026399227761086497 0.00226025624282823146 0.08454563622644740983 0.04293011325311345272 
0.00000000099999999979 0.00000000099999999979 0.00000000099999999979 0.00000000099999999979 0.99999999499999991937 0.00000000099999999979 
0.00000000099999999987 0.99999999500000003039 0.00000000099999999987 0.00000000099999999987 0.00000000099999999987 0.00000000099999999987 
0.00000000099999999984 0.00000000099999999984 0.00000000099999999984 0.00000000099999999984 0.00000000099999999984 0.99999999499999991937 
0.00000000099999999995 0.00000000099999999995 0.71323186410838312899 0.00000000099999999995 0.23105020078163934771 0.05571793210997753182 
0.00000000099999999990 0.00000000099999999990 0.69379104114138179238 0.00000000099999999990 0.30620895485861809870 0.00000000099999999990 
0.00000000099999999980 0.00000000099999999980 0.00000000099999999980 0.00000000099999999980 0.00000000099999999980 0.99999999499999991937 
0.00000000099999999981 0.00000000099999999981 0.00000000099999999981 0.00000000099999999981 0.00000000099999999981 0.99999999500000003039 
0.00000000099999999989 0.99999999500000003039 0.00000000099999999989 0.00000000099999999989 0.00000000099999999989 0.00000000099999999989 
0.00000000099999999993 0.00000000099999999993 0.81168669628134781924 0.00000000099999999993 0.15383575649950195774 0.03447754421915025930 
0.00000000099999999991 0.88056448793502040129 0.00000000099999999991 0.11943550806497962857 0.00000000099999999991 0.00000000099999999991 
0.00000000099999999994 0.00000000099999999994 0.80915060063895349884 0.00000000099999999994 0.16804058588640768956 0.02280881047463885480 
0.00000000099999999991 0.99999999500000014141 0.00000000099999999991 0.00000000099999999991 0.00000000099999999991 0.00000000099999999991 
0.00000000099999999978 0.00000000099999999978 0.00000000099999999978 0.00000000099999999978 0.00000000099999999978 0.99999999500000003039 
0.00000000099999999995 0.00000000099999999995 0.81755441802783512806 0.00000000099999999995 0.09894542300179649807 0.08350015597036823667 
0.00000000099999999986 0.99999999500000014141 0.00000000099999999986 0.00000000099999999986 0.00000000099999999986 0.00000000099999999986 
0.00000000099999999984 0.99999999500000014141 0.00000000099999999984 0.00000000099999999984 0.00000000099999999984 0.00000000099999999984 
0.00000000099999999993 0.00000000099999999993 0.99999998551114255285 0.00000000099999999993 0.00000000099999999993 0.00000001048885751809 
0.99999999500000014141 0.00000000099999999969 0.00000000099999999969 0.00000000099999999969 0.00000000099999999969 0.00000000099999999969 
0.00000000099999999991 0.00000000099999999991 0.99999999499999991937 0.00000000099999999991 0.00000000099999999991 0.00000000099999999991 
0.00000000099999999994 0.00000000099999999994 0.97195567001831728593 0.00000000099999999994 0.02759864727435952861 0.00044567970732318856 
0.00000000099999999993 0.00000000099999999993 0.99545200154685753446 0.00000000099999999993 0.00454447169949799123 0.00000352375364431158 
0.00000000099999999997 0.00000000099999999997 0.95046064375685368475 0.00000000099999999997 0.04953753236183081748 0.00000182088131543697 
0.00000000099999999989 0.00000000099999999989 0.32926780810001349264 0.00000000099999999989 0.67073218789998645395 0.00000000099999999989 
0.00000000099999999990 0.00000000099999999990 0.81870339085058285722 0.00000000099999999990 0.13710358035579714442 0.04419302579361990974 
0.99999999500000003039 0.00000000099999999972 0.00000000099999999972 0.00000000099999999972 0.00000000099999999972 0.00000000099999999972 
0.00000000099999999979 0.00000000099999999979 0.00000000099999999979 0.00000000099999999979 0.99999999500000003039 0.00000000099999999979 
0.00000000099999999992 0.00000000099999999992 0.69695284281081826272 0.00000000099999999992 0.26886514355534540943 0.03418201063383614208 
0.99999999500000003039 0.00000000099999999983 0.00000000099999999983 0.00000000099999999983 0.00000000099999999983 0.00000000099999999983 
0.99999999500000014141 0.00000000099999999959 0.00000000099999999959 0.00000000099999999959 0.00000000099999999959 0.00000000099999999959 
0.00000000099999999990 0.00000000099999999990 0.99999999500000003039 0.00000000099999999990 0.00000000099999999990 0.00000000099999999990 
0.00000000099999999997 0.00000000099999999997 0.97626375299350687254 0.01402381877015450827 0.00971082621036620068 0.00000160002597236888 
0.00000000099999999994 0.00000000099999999994 0.99754681364679509414 0.00000000099999999994 0.00245318235320484941 0.00000000099999999994 
0.00000000099999999996 0.00000000099999999996 0.96695672920056252586 0.00000000099999999996 0.03304326679943755257 0.00000000099999999996 
0.00000000099999999993 0.00000000099999999993 0.99999999499999991937 0.00000000099999999993 0.00000000099999999993 0.00000000099999999993 
0.00000000099999999991 0.00000000099999999991 0.99999999500000003039 0.00000000099999999991 0.00000000099999999991 0.00000000099999999991 
0.00000000099999999933 0.00000000099999999933 0.00000000099999999933 0.99999999500000003039 0.00000000099999999933 0.00000000099999999933 
0.00000000099999999996 0.00000000099999999996 0.99786239719509761681 0.00000000099999999996 0.00000000099999999996 0.00213759880490236925 
0.00000000099999999994 0.00000000099999999994 0.95508545401396716112 0.00000000099999999994 0.00805923098932527504 0.03685531199670751684 
0.00000000099999999992 0.00000000099999999992 0.98046013463199144233 0.00000000099999999992 0.00000000099999999992 0.01953986136800852161 
0.01227987033247263451 0.00000000099999999997 0.98752793169085484326 0.00000000099999999997 0.00019219497667247924 0.00000000099999999997 
0.00000000099999999990 0.00000000099999999990 0.99999999499999991937 0.00000000099999999990 0.00000000099999999990 0.00000000099999999990 
0.00000000099999999993 0.00000000099999999993 0.00000000099999999993 0.00000000099999999993 0.99999999499999991937 0.00000000099999999993 
0.00000000099999999990 0.00000000099999999990 0.00000000099999999990 0.99999999500000003039 0.00000000099999999990 0.00000000099999999990 
0.00000000099999999995 0.00000000099999999995 0.84741839349974146245 0.00000000099999999995 0.15258160250025834537 0.00000000099999999995 
0.00000000099999999995 0.00000000099999999995 0.99999999499999991937 0.00000000099999999995 0.00000000099999999995 0.00000000099999999995 
0.00000000099999999995 0.00000000099999999995 0.99553688695879727355 0.00000000099999999995 0.00446130001825812902 0.00000181002294463918 
0.00000000099999999995 0.00000000099999999995 0.94648371410832343731 0.00000000099999999995 0.05351628189167653704 0.00000000099999999995 
0.00000000099999999992 0.00000000099999999992 0.99974432671518864701 0.00000000099999999992 0.00025566928481141451 0.00000000099999999992 
0.00000000099999999994 0.00000000099999999994 0.98499121764076313923 0.00000000099999999994 0.01498601337373508049 0.00002276598550178059 
0.00000000099999999993 0.00000000099999999993 0.95118116923140971775 0.00000000099999999993 0.00000000099999999993 0.04881882676859025660 
0.00000000099999999992 0.00000000099999999992 0.89182750863570081634 0.00000000099999999992 0.07856182824278337695 0.02961066012151581175 
0.00000000099999999994 0.00000000099999999994 0.97224087330283315289 0.00000000099999999994 0.00000000099999999994 0.02775912269716683881 
0.46448681486893805825 0.00000000099999999998 0.53551311881079388666 0.00000000099999999998 0.00000006271217183406 0.00000000160809612616 
0.00000000099999999996 0.00000000099999999996 0.99940390320261907053 0.00000000099999999996 0.00000000099999999996 0.00059609279738096225 
0.99999999500000003039 0.00000000099999999971 0.00000000099999999971 0.00000000099999999971 0.00000000099999999971 0.00000000099999999971 
0.00000000099999999993 0.00000000099999999993 0.99998661028060042977 0.00000000099999999993 0.00001338571939960991 0.00000000099999999993 
0.00000000099999999989 0.00000000099999999989 0.99999999499999991937 0.00000000099999999989 0.00000000099999999989 0.00000000099999999989 
0.00000000099999999993 0.00000000099999999993 0.99119147337825286304 0.00000000099999999993 0.00000000099999999993 0.00880852262174717203 
0.00000000099999999995 0.00000000099999999995 0.99999999499999991937 0.00000000099999999995 0.00000000099999999995 0.00000000099999999995 
0.00000000099999999981 0.00000000099999999981 0.00000000099999999981 0.00000000099999999981 0.99999999500000003039 0.00000000099999999981 
0.00000000099999999983 0.00000000099999999983 0.00000000099999999983 0.00000000099999999983 0.99999999500000003039 0.00000000099999999983 
0.00000000099999999994 0.00000000099999999994 0.00000000099999999994 0.99999999499999991937 0.00000000099999999994 0.00000000099999999994 
0.00000000099999999983 0.00000000099999999983 0.00000000099999999983 0.00000000099999999983 0.99999999499999991937 0.00000000099999999983 
0.99999999500000014141 0.00000000099999999964 0.00000000099999999964 0.00000000099999999964 0.00000000099999999964 0.00000000099999999964 
0.00000000099999999980 0.00000000099999999980 0.00000000099999999980 0.00000000099999999980 0.99999999499999991937 0.00000000099999999980 
0.99999999500000003039 0.00000000099999999964 0.00000000099999999964 0.00000000099999999964 0.00000000099999999964 0.00000000099999999964 
0.00000000099999999991 0.00000000099999999991 0.95384104874525099671 0.00000000099999999991 0.04615894725474889437 0.00000000099999999991 
0.00000000099999999993 0.00000000099999999993 0.92873796275198750028 0.00000000099999999993 0.03694921851567398163 0.03431281573233845028 
0.04075525687262280400 0.00000000099999999996 0.94600677463816207347 0.00000000099999999996 0.00000000099999999996 0.01323796548921520044 
0.00000000099999999997 0.00000000099999999997 0.97903128842301523349 0.02096870757698469229 0.00000000099999999997 0.00000000099999999997 
0.00000000099999999992 0.00000000099999999992 0.98871225396405304497 0.00000000099999999992 0.01128774203594692070 0.00000000099999999992 
0.00000000099999999995 0.00000000099999999995 0.99932154886944202232 0.00000000099999999995 0.00067844713055792817 0.00000000099999999995 
0.00000000099999999994 0.00000000099999999994 0.95723533284514561448 0.00000000099999999994 0.03137801675429681414 0.01138664740055769439 
0.00000000099999999990 0.00000000099999999990 0.99999999500000003039 0.00000000099999999990 0.00000000099999999990 0.00000000099999999990 
0.00000000099999999994 0.00000000099999999994 0.99999999500000003039 0.00000000099999999994 0.00000000099999999994 0.00000000099999999994 
0.00000000099999999991 0.00000000099999999991 0.98940706415650425676 0.00000000099999999991 0.01059293184349568984 0.00000000099999999991 
0.00000000099999999994 0.00000000099999999994 0.71341649795476302920 0.00000000099999999994 0.28658349804523702842 0.00000000099999999994 
0.00000000099999999995 0.00000000099999999995 0.00000000099999999995 0.00000000099999999995 0.99999999500000003039 0.00000000099999999995 
0.00000000099999999996 0.00000016923784901255 0.00000000099999999996 0.00000000099999999996 0.99999982676215093402 0.00000000099999999996 
0.00000000099999999996 0.00000000099999999996 0.99999995519387641085 0.00000000099999999996 0.00000004080612352208 0.00000000099999999996 
0.00000000099999999981 0.00000000099999999981 0.00000000099999999981 0.00000000099999999981 0.99999999500000003039 0.00000000099999999981 
0.00000000099999999997 0.00000000099999999997 0.90929457723178819251 0.00000000099999999997 0.00071376003316886807 0.08999165973504295868 
0.00000000099999999995 0.00000000099999999995 0.96676935028052501941 0.00000000099999999995 0.02378686220284149944 0.00944378451663336997 
0.00000000099999999994 0.00000000099999999994 0.99999999499999991937 0.00000000099999999994 0.00000000099999999994 0.00000000099999999994 
0.00000000099999999993 0.00000000099999999993 0.99398316295671917953 0.00000000099999999993 0.00601683304328073931 0.00000000099999999993 
0.00000000099999999993 0.00000000099999999993 0.97630616951651916224 0.00000000099999999993 0.02369382648348080170 0.00000000099999999993 
0.00000000099999999993 0.00000000099999999993 0.98076642467980945650 0.00000000099999999993 0.01923357132019040336 0.00000000099999999993 
0.00000000099999999994 0.00000000099999999994 0.97706023732130631299 0.00000000099999999994 0.02290467703810241187 0.00003508264059132520 
0.01520571762375491978 0.00000000099999999997 0.95965274803274380755 0.00000000099999999997 0.00006595066856599455 0.02507558167493528431 
