0.00000000099999999990 0.00000000099999999990 0.99999999599999989108 0.00000000099999999990 0.00000000099999999990 
0.99999999600000000211 0.00000000099999999985 0.00000000099999999985 0.00000000099999999985 0.00000000099999999985 
0.00000000099999999988 0.00000000099999999988 0.99999999599999989108 0.00000000099999999988 0.00000000099999999988 
0.99999999600000011313 0.00000000099999999984 0.00000000099999999984 0.00000000099999999984 0.00000000099999999984 
0.04274562518560832969 0.00000000099999999997 0.00000000099999999997 0.24677221553079303762 0.71048215728359864762 
0.00000000099999999996 0.03290251045219280690 0.96709748654780713917 0.00000000099999999996 0.00000000099999999996 
0.00000000099999999993 0.00000000099999999993 0.99999999599999989108 0.00000000099999999993 0.00000000099999999993 
0.00000000099999999989 0.00000000099999999989 0.99999999599999989108 0.00000000099999999989 0.00000000099999999989 
0.00000000099999999998 0.00000000099999999998 0.99999999600000000211 0.00000000099999999998 0.00000000099999999998 
0.00000000099999999992 0.00000000099999999992 0.99999999599999989108 0.00000000099999999992 0.00000000099999999992 
0.14685856747390285681 0.00104709322260388349 0.78032425800947913253 0.07177008029401411859 0.00000000099999999999 
0.00000000099999999991 0.00000000099999999991 0.99999999599999989108 0.00000000099999999991 0.00000000099999999991 
0.99999999600000000211 0.00000000099999999986 0.00000000099999999986 0.00000000099999999986 0.00000000099999999986 
0.00000000099999999992 0.00000000099999999992 0.99999999599999989108 0.00000000099999999992 0.00000000099999999992 
0.00000000099999999997 0.00000000099999999997 0.99999999599999989108 0.00000000099999999997 0.00000000099999999997 
0.00000000099999999990 0.00000000099999999990 0.99999999599999989108 0.00000000099999999990 0.00000000099999999990 
0.99999999600000000211 0.00000000099999999985 0.00000000099999999985 0.00000000099999999985 0.00000000099999999985 
0.08602457092238127712 0.00000000099999999996 0.91397542607761861344 0.00000000099999999996 0.00000000099999999996 
0.00000000099999999990 0.00000000099999999990 0.99999999599999989108 0.00000000099999999990 0.00000000099999999990 
0.99999999600000000211 0.00000000099999999993 0.00000000099999999993 0.00000000099999999993 0.00000000099999999993 
0.01852363876011003246 0.00000000099999999994 0.00000000099999999994 0.07292736605710463393 0.90854899318278525833 
0.04427665450327217256 0.00000000099999999995 0.00000000099999999995 0.22466645300777424166 0.73105689048895372562 
0.04143920149435776495 0.00000000099999999997 0.00000000099999999997 0.10295432649394312130 0.85560647001169909398 
0.00000000099999999985 0.00000000099999999985 0.00000000099999999985 0.99999999600000000211 0.00000000099999999985 
0.00000000099999999990 0.00000000099999999990 0.99999999600000000211 0.00000000099999999990 0.00000000099999999990 
0.99999999600000000211 0.00000000099999999988 0.00000000099999999988 0.00000000099999999988 0.00000000099999999988 
0.05571033212226783604 0.00000000099999999996 0.00000000099999999996 0.24435667593605303605 0.69993298994167907345 
0.00000000099999999994 0.00000000099999999994 0.00000000099999999994 0.34028741608949714115 0.65971258091050288819 
0.99999999600000011313 0.00000000099999999985 0.00000000099999999985 0.00000000099999999985 0.00000000099999999985 
0.99999999600000000211 0.00000000099999999986 0.00000000099999999986 0.00000000099999999986 0.00000000099999999986 
0.00000000099999999990 0.00000000099999999990 0.99999999600000000211 0.00000000099999999990 0.00000000099999999990 
0.03298241343955744809 0.00000000099999999995 0.00000000099999999995 0.17481567197751693432 0.79220191258292560477 
0.00000000099999999996 0.01175137127776624407 0.98824862572223370893 0.00000000099999999996 0.00000000099999999996 
0.02214247617539467569 0.00000000099999999995 0.00000000099999999995 0.18544325278104351051 0.79241426904356171423 
0.00000000099999999993 0.00000000099999999993 0.99999999599999989108 0.00000000099999999993 0.00000000099999999993 
0.99999999600000011313 0.00000000099999999984 0.00000000099999999984 0.00000000099999999984 0.00000000099999999984 
0.08208840528584952778 0.00000000099999999997 0.00000000099999999997 0.10689743959012754093 0.81101415312402280744 
0.00000000099999999988 0.00000000099999999988 0.99999999600000000211 0.00000000099999999988 0.00000000099999999988 
0.00000000099999999986 0.00000000099999999986 0.99999999599999989108 0.00000000099999999986 0.00000000099999999986 
0.00000000099999999995 0.00000000099999999995 0.00000000099999999995 0.00000000099999999995 0.99999999599999989108 
0.00000000099999999975 0.99999999600000000211 0.00000000099999999975 0.00000000099999999975 0.00000000099999999975 
0.00000000099999999993 0.00000000099999999993 0.00000000099999999993 0.00000000099999999993 0.99999999600000000211 
0.00070464288171008332 0.00000000099999999996 0.00000000099999999996 0.01029080485975317032 0.98900455025853672986 
0.00000011023926782153 0.00000000099999999994 0.00000000099999999994 0.00218546082765579694 0.99781442693307631497 
0.00000004231331011330 0.00000000099999999998 0.00000000099999999998 0.06114902701333670143 0.93885092867335329103 
0.00000000099999999989 0.00000000099999999989 0.00000000099999999989 0.99999999600000000211 0.00000000099999999989 
0.04156058537492490074 0.00000000099999999993 0.00000000099999999993 0.16198323219439469955 0.79645618043068033831 
0.00000000099999999977 0.99999999600000000211 0.00000000099999999977 0.00000000099999999977 0.00000000099999999977 
0.00000000099999999985 0.00000000099999999985 0.00000000099999999985 0.99999999600000000211 0.00000000099999999985 
0.03077109035389728742 0.00000000099999999994 0.00000000099999999994 0.30459764708988806836 0.66463126055621457589 
0.00000000099999999987 0.99999999600000000211 0.00000000099999999987 0.00000000099999999987 0.00000000099999999987 
0.00000000099999999967 0.99999999600000000211 0.00000000099999999967 0.00000000099999999967 0.00000000099999999967 
0.00000000099999999993 0.00000000099999999993 0.00000000099999999993 0.00000000541348272734 0.99999999158651731168 
0.00091348392566322856 0.00000000099999999998 0.00000000099999999998 0.03153156808661507216 0.96755494598772162629 
0.00000000099999999995 0.00000000099999999995 0.00000000099999999995 0.00502349968708761321 0.99497649731291237796 
0.00000000099999999997 0.00000000099999999997 0.00000000099999999997 0.03753043995553354689 0.96246955704446635060 
0.00000000099999999995 0.00000000099999999995 0.00000000099999999995 0.00000000099999999995 0.99999999599999989108 
0.00000000099999999994 0.00000000099999999994 0.00000000099999999994 0.00000000099999999994 0.99999999599999989108 
0.04875295373252720027 0.29859314598896580240 0.58089240655813001446 0.00000000100000000000 0.07176149272037714300 
0.00162577438244433528 0.00000000099999999997 0.00000000099999999997 0.00000000099999999997 0.99837422261755559560 
0.03730703811012999610 0.00000000099999999996 0.00000000099999999996 0.00005895764183283039 0.96263400224803719052 
0.02121960483064407738 0.00000000099999999995 0.00000000099999999995 0.00000000099999999995 0.97878039216935597278 
0.00000000099999999999 0.01220737910760054390 0.00000000099999999999 0.00010634164032281553 0.98768627725207658319 
0.00000000099999999994 0.00000000099999999994 0.00000000099999999994 0.00000000099999999994 0.99999999600000000211 
0.00000000099999999994 0.00000000099999999994 0.00000000099999999994 0.99999999600000000211 0.00000000099999999994 
0.04371939604015072367 0.01371216131035723172 0.12350692903988232108 0.72979531104896044891 0.08926620256064943248 
0.00000000099999999996 0.00000000099999999996 0.00000000099999999996 0.17522353474188118172 0.82477646225811873659 
0.00000000099999999997 0.00000000099999999997 0.00000000099999999997 0.00000000099999999997 0.99999999599999989108 
0.00000001072748118713 0.00000000099999999997 0.00000000099999999997 0.00015743706381568032 0.99984255020870316244 
0.00000000099999999996 0.00000000099999999996 0.00000000099999999996 0.05198973718635210156 0.94801025981364794859 
0.00000000099999999994 0.00000000099999999994 0.00000000099999999994 0.00001462035458711201 0.99998537664541298220 
0.00000085458677026294 0.00000000099999999996 0.00000000099999999996 0.00123288250498369291 0.99876626090824605075 
0.04777810991226483922 0.00000000099999999995 0.00000000099999999995 0.00000000099999999995 0.95222188708773514154 
0.02972883352029729101 0.00000000099999999995 0.00000000099999999995 0.07294835688573694799 0.89732280759396576553 
0.02806258873553763022 0.00000000099999999995 0.00000000099999999995 0.00000000099999999995 0.97193740826446239911 
0.00000000117279178097 0.46477026600010290514 0.00000000099999999999 0.00000065382359914906 0.53522907800350594254 
0.00026502345177519931 0.00000000099999999997 0.00000000099999999997 0.00000000099999999997 0.99973497354822471461 
0.00000000099999999977 0.99999999600000011313 0.00000000099999999977 0.00000000099999999977 0.00000000099999999977 
0.00000000099999999995 0.00000000099999999995 0.00000000099999999995 0.00001546062810655954 0.99998453637189343990 
0.00000000099999999992 0.00000000099999999992 0.00000000099999999992 0.00000000099999999992 0.99999999600000000211 
0.00775817375388681858 0.00000000099999999995 0.00000000099999999995 0.00000000099999999995 0.99224182324611320816 
0.00000000099999999996 0.00000000099999999996 0.00000000099999999996 0.00000000099999999996 0.99999999599999989108 
0.00000000099999999986 0.00000000099999999986 0.00000000099999999986 0.99999999599999989108 0.00000000099999999986 
0.00000000099999999988 0.00000000099999999988 0.00000000099999999988 0.99999999599999989108 0.00000000099999999988 
0.01137970878493322485 0.02016581689962932550 0.18859092248078379583 0.77986355083465352944 0.00000000100000000000 
0.00000000099999999988 0.00000000099999999988 0.00000000099999999988 0.99999999600000000211 0.00000000099999999988 
0.00000000099999999971 0.99999999600000011313 0.00000000099999999971 0.00000000099999999971 0.00000000099999999971 
0.00000000099999999986 0.00000000099999999986 0.00000000099999999986 0.99999999600000000211 0.00000000099999999986 
0.00000000099999999971 0.99999999600000011313 0.00000000099999999971 0.00000000099999999971 0.00000000099999999971 
0.00000000099999999993 0.00000000099999999993 0.00000000099999999993 0.03519306589009412595 0.96480693110990589645 
0.03348615703980738212 0.00000000099999999995 0.00000000099999999995 0.04509560276049681682 0.92141823819969581599 
0.01325276738941181046 0.04070024621726542335 0.00000000099999999998 0.00000000099999999998 0.94604698439332279847 
0.00000000099999999997 0.00000000099999999997 0.00000000099999999997 0.00000000099999999997 0.99999999599999989108 
0.00000000099999999995 0.00000000099999999995 0.00000000099999999995 0.03202451892303787712 0.96797547807696215916 
0.00000000099999999996 0.00000000099999999996 0.00000000099999999996 0.00293777453720996682 0.99706222246278997101 
0.01153879251976249951 0.00000000099999999996 0.00000000099999999996 0.03391655365381111842 0.95454465182642644905 
0.00000000099999999992 0.00000000099999999992 0.00000000099999999992 0.00000000099999999992 0.99999999599999989108 
0.00000000099999999995 0.00000000099999999995 0.00000000099999999995 0.00000000099999999995 0.99999999600000000211 
0.00000000099999999993 0.00000000099999999993 0.00000000099999999993 0.00934587218437107382 0.99065412481562886704 
0.00000000099999999995 0.00000000099999999995 0.00000000099999999995 0.30794334634186631972 0.69205665065813348757 
0.00000000099999999997 0.00000000099999999997 0.00000000099999999997 0.99999999600000000211 0.00000000099999999997 
0.00000000099999999996 0.00000000099999999996 0.01396061510985827613 0.98603938189014173066 0.00000000099999999996 
0.00000000099999999996 0.00000000099999999996 0.00000000099999999996 0.00000000099999999996 0.99999999599999989108 
0.00000000099999999986 0.00000000099999999986 0.00000000099999999986 0.99999999599999989108 0.00000000099999999986 
0.08972689607095284126 0.00000000099999999998 0.00000000099999999998 0.00043820975098248150 0.90983489217806479132 
0.00848350578230770355 0.00000000099999999996 0.00000000099999999996 0.01781013518275804952 0.97370635703493413349 
0.00000000099999999996 0.00000000099999999996 0.00000000099999999996 0.00000000099999999996 0.99999999600000000211 
0.00000000099999999995 0.00000000099999999995 0.00000000099999999995 0.02239612507418476187 0.97760387192581521543 
0.00000000099999999995 0.00000000099999999995 0.00000000099999999995 0.02225815578775765594 0.97774184121224239075 
0.00000000099999999995 0.00000000099999999995 0.00000000099999999995 0.01476528690368290701 0.98523471009631702344 
0.00000440045601388225 0.00000000099999999996 0.00000000099999999996 0.02066123045743917253 0.97933436708654697522 
0.02583072374357223491 0.01492390269178163649 0.00000000099999999998 0.00007334748935890003 0.95917202507528720457 
