1.311430	-0.050375	0.279284	-0.052873	-0.082243	0.248175	0.260364	0.265100	0.258245	0.251969	0.177253	0.263601	-0.048800	0.249092	0.237953	0.253531	-0.052202	0.245778	0.247590	-0.045908	-0.079293	-0.079746	-0.072683	-0.090256	0.248274	-0.055387	-0.085724	-0.092758	-0.066066	-0.048158	0.238318	-0.090551	0.263510	-0.080449	0.229227	-0.065950	-0.075962	0.267808	0.263366	-0.085219	0.017086	-0.095567	-0.100307	-0.096542	-0.083597	-0.099257	-0.080697	0.032363	-0.095130	-0.086562	0.014162	0.017308	-0.100065	-0.087091	-0.091353	-0.082826	-0.099518	-0.092449	0.135774	-0.092865	-0.095758	-0.081084	-0.094696	-0.086499	-0.057387	-0.007408	-0.080350	-0.092042	-0.088501	-0.084213	-0.089112	-0.100944	-0.097461	-0.091469	-0.093584	-0.044793	-0.076246	0.036466	-0.092482	-0.074551	-0.089773	-0.097430	-0.084100	-0.082997	0.019425	-0.091506	0.031526	-0.090493	0.014665	-0.082262	-0.088499	-0.100683	-0.078673	-0.095885	-0.089443	-0.091480	-0.091041	-0.090856	-0.094118	-0.081480	-0.084062	-0.030677	-0.094602	-0.075726	-0.091600	-0.082766	-0.079691	-0.088983	-0.086071	-0.091573	-0.074787	-0.095001	
-0.050375	0.951616	-0.049207	0.081762	-0.004522	-0.034766	-0.036508	-0.048489	-0.049005	-0.029018	-0.021728	-0.056076	0.090722	-0.036321	-0.042075	-0.036594	0.090715	-0.029544	-0.041463	0.092271	-0.001067	-0.013891	0.001251	-0.015759	-0.057101	0.098710	-0.001338	-0.002609	0.075496	0.077490	-0.051857	-0.007859	-0.024002	-0.002222	-0.025509	0.096784	-0.010116	-0.040031	-0.041237	-0.004853	-0.042920	0.001595	-0.024413	-0.012555	-0.000607	-0.003717	0.004161	-0.046501	-0.015915	0.000287	-0.046769	-0.042567	-0.031071	-0.013595	-0.011006	-0.002094	-0.003223	-0.009627	-0.019219	-0.001643	-0.004355	-0.012034	-0.004214	-0.015226	-0.028022	-0.030004	-0.007870	-0.015610	-0.013954	-0.009547	-0.015678	-0.004248	-0.014591	-0.007410	-0.006610	-0.021639	-0.000840	-0.046137	-0.018159	-0.007552	0.007185	-0.002649	-0.016554	-0.017022	0.013542	-0.014578	-0.049761	-0.003178	-0.060163	-0.012483	-0.015226	-0.023702	0.001605	-0.015444	-0.009968	-0.001047	-0.001370	-0.014422	-0.003862	-0.006701	-0.009849	-0.011074	-0.014203	-0.006302	-0.000187	-0.011286	-0.006998	-0.009064	-0.004253	-0.005075	-0.017823	-0.001479	
0.279284	-0.049207	1.295248	-0.048192	-0.084577	0.250923	0.277516	0.257066	0.256902	0.256164	0.180059	0.274299	-0.055177	0.276365	0.233023	0.275620	-0.051561	0.248872	0.260229	-0.021103	-0.084674	-0.094567	-0.088328	-0.094572	0.264184	-0.041856	-0.080774	-0.090021	-0.048313	-0.053393	0.244878	-0.092210	0.266029	-0.079082	0.245064	-0.053513	-0.084611	0.283611	0.259602	-0.099609	0.010459	-0.105896	-0.080361	-0.102164	-0.089146	-0.091366	-0.083721	0.032243	-0.101152	-0.087180	0.010379	0.030789	-0.098755	-0.074770	-0.094396	-0.099257	-0.098904	-0.076343	0.150033	-0.088062	-0.083493	-0.097364	-0.097146	-0.099533	-0.053291	-0.001420	-0.078555	-0.102431	-0.105730	-0.088542	-0.078269	-0.094306	-0.099070	-0.087247	-0.080456	-0.044273	-0.094549	0.023898	-0.098095	-0.080415	-0.097605	-0.097214	-0.093654	-0.086963	0.004728	-0.088877	0.019432	-0.079635	0.015309	-0.097907	-0.092877	-0.092447	-0.107821	-0.109550	-0.095866	-0.083360	-0.086908	-0.085760	-0.101675	-0.080736	-0.071746	-0.038993	-0.096399	-0.079676	-0.097142	-0.089489	-0.092620	-0.094561	-0.089999	-0.091060	-0.099680	-0.088792	
-0.052873	0.081762	-0.048192	0.943762	-0.002875	-0.056763	-0.054603	-0.059883	-0.041624	-0.044565	-0.032519	-0.057632	0.078748	-0.055508	-0.068548	-0.049378	0.090625	-0.045658	-0.041899	0.081550	0.001873	-0.010205	0.005898	-0.007066	-0.055790	0.083739	0.003046	0.004424	0.088949	0.090445	-0.051248	0.004619	-0.045989	-0.003042	-0.048124	0.090719	0.010017	-0.063364	-0.068143	-0.004681	-0.045304	-0.003332	-0.010791	0.001424	-0.012842	-0.004327	0.005803	-0.040499	0.007152	0.013653	-0.048545	-0.056050	-0.019267	-0.005464	-0.017000	0.001765	-0.003562	-0.013092	-0.038244	-0.011797	-0.005432	-0.017410	-0.016140	-0.015586	-0.005285	-0.018132	0.002372	-0.020410	0.001963	-0.016128	-0.003830	-0.003156	-0.009262	-0.011925	0.004391	-0.028905	0.003769	-0.042866	-0.015393	0.002514	-0.007375	0.006431	0.002124	-0.016924	-0.024414	-0.010729	-0.050999	0.008174	-0.051505	0.004119	0.013348	-0.000669	-0.008149	-0.002921	-0.010483	-0.001569	-0.007509	-0.005290	-0.004431	-0.008043	-0.024263	-0.019676	0.003896	-0.001924	0.004475	0.000783	-0.003296	-0.009737	-0.011409	-0.008573	-0.003936	0.001676	
-0.082243	-0.004522	-0.084577	-0.002875	0.844115	-0.090995	-0.099059	-0.092476	-0.088504	-0.079013	-0.077371	-0.086055	-0.002344	-0.075073	-0.066097	-0.089214	-0.007400	-0.086408	-0.083170	0.001909	0.012221	0.023475	0.026477	0.032187	-0.085102	0.003409	0.026514	0.015047	0.010854	0.004625	-0.078724	0.024110	-0.083756	0.021614	-0.084029	0.021744	0.028356	-0.098648	-0.091596	0.021468	-0.049570	0.012351	0.012666	0.026417	0.023489	0.027894	0.017418	-0.051893	0.033714	0.018041	-0.063526	-0.071636	0.016318	0.023021	0.003878	0.027774	0.030834	0.018270	-0.066869	0.016630	0.022851	0.019162	0.007298	0.009020	0.002147	-0.028930	0.026330	0.022639	0.013104	0.007275	0.026480	0.015119	0.032823	0.019867	0.015574	-0.030715	0.020216	-0.060978	0.023732	0.012857	0.019654	0.010590	0.024568	0.037191	-0.007702	0.023646	-0.070624	0.030259	-0.064878	0.012744	0.025548	0.008827	0.008242	0.012711	0.013373	0.007066	0.021331	0.019825	0.026095	0.025364	0.009452	-0.005048	0.014197	0.033030	0.011435	0.018786	0.006005	0.031998	0.006647	0.011224	0.003749	0.019181	
0.248175	-0.034766	0.250923	-0.056763	-0.090995	1.350536	0.262281	0.248585	0.239087	0.237260	0.162561	0.248630	-0.039191	0.251475	0.246968	0.243052	-0.065041	0.236094	0.261816	-0.043124	-0.081938	-0.074866	-0.082572	-0.092930	0.244466	-0.056196	-0.088905	-0.084670	-0.056154	-0.059589	0.240247	-0.080351	0.221699	-0.076153	0.235276	-0.056047	-0.077656	0.267590	0.260122	-0.082970	0.042323	-0.078413	-0.099017	-0.085190	-0.090284	-0.097132	-0.092247	0.058170	-0.096141	-0.089948	0.029434	0.028512	-0.081605	-0.084971	-0.086435	-0.083028	-0.101037	-0.082879	0.149418	-0.100736	-0.102937	-0.087965	-0.082291	-0.095796	-0.074584	-0.010397	-0.082699	-0.093426	-0.091912	-0.086288	-0.092023	-0.094600	-0.091119	-0.089117	-0.088072	-0.031464	-0.094901	0.043704	-0.089618	-0.084157	-0.097420	-0.087932	-0.078676	-0.075452	0.076295	-0.101192	0.037881	-0.091574	0.034531	-0.101209	-0.083270	-0.093207	-0.086556	-0.105231	-0.080704	-0.090823	-0.089769	-0.082502	-0.085640	-0.070575	-0.086380	-0.045757	-0.089336	-0.079121	-0.100629	-0.084879	-0.104357	-0.100823	-0.100141	-0.099991	-0.096219	-0.085121	
0.260364	-0.036508	0.277516	-0.054603	-0.099059	0.262281	1.311657	0.271477	0.243387	0.248259	0.175399	0.276828	-0.044720	0.281868	0.262900	0.270101	-0.046092	0.247329	0.244965	-0.044080	-0.094023	-0.084802	-0.087132	-0.089673	0.284461	-0.052788	-0.094839	-0.092240	-0.050360	-0.053680	0.277266	-0.094859	0.260324	-0.092646	0.275168	-0.058532	-0.077482	0.265261	0.274430	-0.098931	0.026916	-0.099999	-0.101051	-0.100632	-0.094492	-0.093299	-0.089864	0.034410	-0.105598	-0.091563	0.020227	0.028412	-0.102042	-0.096547	-0.091498	-0.094326	-0.099048	-0.105843	0.132913	-0.092509	-0.081135	-0.101473	-0.089178	-0.080333	-0.077695	-0.020069	-0.096244	-0.082082	-0.094212	-0.086701	-0.092943	-0.086760	-0.086584	-0.093025	-0.075002	-0.036833	-0.085580	0.042672	-0.095098	-0.094408	-0.092025	-0.102543	-0.095606	-0.095704	0.029978	-0.077917	0.042420	-0.081264	0.023520	-0.103069	-0.089147	-0.115421	-0.097017	-0.093431	-0.093627	-0.102046	-0.090755	-0.085034	-0.092372	-0.083099	-0.081093	-0.051971	-0.097623	-0.100381	-0.093324	-0.106284	-0.070154	-0.099527	-0.088455	-0.103404	-0.094298	-0.083871	
0.265100	-0.048489	0.257066	-0.059883	-0.092476	0.248585	0.271477	1.313830	0.258331	0.270584	0.165558	0.281765	-0.058496	0.252343	0.241314	0.271490	-0.053066	0.234014	0.238729	-0.031849	-0.069643	-0.074237	-0.083476	-0.094588	0.262919	-0.047991	-0.079087	-0.089226	-0.060848	-0.055074	0.256558	-0.071210	0.237616	-0.087233	0.261451	-0.056732	-0.074700	0.290340	0.257023	-0.088398	0.008491	-0.090255	-0.101129	-0.097791	-0.088443	-0.095427	-0.089499	0.019069	-0.100788	-0.077800	0.024238	0.007357	-0.092656	-0.090966	-0.092316	-0.088050	-0.093984	-0.083377	0.107659	-0.081452	-0.086799	-0.089433	-0.089676	-0.096289	-0.083897	-0.034461	-0.084878	-0.090091	-0.106531	-0.093480	-0.087998	-0.087935	-0.089959	-0.085073	-0.092870	-0.040183	-0.086001	0.028889	-0.088038	-0.104610	-0.092719	-0.092445	-0.087673	-0.084889	0.034069	-0.102863	0.028046	-0.080195	0.004913	-0.090364	-0.083905	-0.095644	-0.088648	-0.104161	-0.089617	-0.092939	-0.086752	-0.090476	-0.087258	-0.075073	-0.088333	-0.034916	-0.088206	-0.092557	-0.086624	-0.078560	-0.092942	-0.096189	-0.092210	-0.083527	-0.075876	-0.079829	
0.258245	-0.049005	0.256902	-0.041624	-0.088504	0.239087	0.243387	0.258331	1.308077	0.232272	0.181997	0.284198	-0.067346	0.237955	0.247692	0.250361	-0.047051	0.234170	0.242154	-0.038785	-0.096921	-0.098341	-0.086874	-0.093981	0.243481	-0.038887	-0.094955	-0.084070	-0.046879	-0.039900	0.266644	-0.086912	0.248041	-0.085706	0.269834	-0.037972	-0.065128	0.265360	0.251363	-0.094678	0.019464	-0.087403	-0.097731	-0.097601	-0.094737	-0.090673	-0.079354	0.046876	-0.106740	-0.083030	0.023645	0.020352	-0.106671	-0.085594	-0.099950	-0.088226	-0.100364	-0.085174	0.122581	-0.076092	-0.096536	-0.096300	-0.086788	-0.084410	-0.076410	-0.009192	-0.085875	-0.088471	-0.100100	-0.085823	-0.095498	-0.090382	-0.089870	-0.094540	-0.095924	-0.036860	-0.082564	0.020046	-0.088674	-0.089195	-0.105012	-0.097175	-0.087668	-0.068388	0.053623	-0.078018	0.042556	-0.072755	0.026143	-0.087182	-0.088229	-0.100740	-0.075331	-0.095630	-0.088112	-0.079400	-0.091218	-0.088663	-0.085940	-0.083493	-0.079511	-0.002345	-0.095101	-0.077169	-0.075643	-0.081583	-0.108198	-0.105546	-0.092909	-0.091703	-0.081333	-0.078113	
0.251969	-0.029018	0.256164	-0.044565	-0.079013	0.237260	0.248259	0.270584	0.232272	1.325978	0.151843	0.262764	-0.054575	0.244529	0.255349	0.276721	-0.051425	0.228011	0.249617	-0.062462	-0.086141	-0.075250	-0.083585	-0.084827	0.270088	-0.052770	-0.090711	-0.088826	-0.052060	-0.047331	0.254135	-0.095735	0.249558	-0.086342	0.270960	-0.047449	-0.082303	0.292041	0.266238	-0.098311	0.030499	-0.102136	-0.086092	-0.098050	-0.093513	-0.087449	-0.087223	0.046442	-0.096557	-0.072426	0.007476	0.032296	-0.096439	-0.078107	-0.098226	-0.108774	-0.081588	-0.103780	0.146933	-0.077773	-0.103081	-0.086697	-0.083340	-0.084907	-0.082782	-0.008489	-0.068971	-0.095403	-0.102666	-0.081539	-0.089178	-0.101883	-0.106076	-0.097626	-0.087087	-0.029275	-0.092973	0.046212	-0.106357	-0.096775	-0.084473	-0.087827	-0.095546	-0.078985	-0.031344	-0.097801	0.035281	-0.065343	0.020435	-0.100095	-0.091910	-0.108708	-0.090676	-0.104667	-0.088467	-0.080733	-0.079697	-0.079229	-0.090563	-0.083877	-0.059534	-0.062350	-0.097061	-0.088295	-0.102083	-0.088726	-0.092250	-0.117338	-0.108554	-0.070440	-0.086643	-0.097509	
0.177253	-0.021728	0.180059	-0.032519	-0.077371	0.162561	0.175399	0.165558	0.181997	0.151843	1.224682	0.199460	-0.032545	0.163828	0.230423	0.187343	0.016498	0.185389	0.185368	-0.006661	-0.072368	-0.064957	-0.082270	-0.036356	0.188776	-0.009527	-0.060723	-0.056564	-0.006822	-0.029892	0.193359	-0.077920	0.172670	-0.068944	0.186612	-0.020819	-0.079056	0.172231	0.218247	-0.091734	0.008872	-0.066380	-0.076875	-0.082206	-0.088314	-0.068071	-0.074505	0.035274	-0.059228	-0.065837	0.007189	0.000874	-0.078214	-0.073410	-0.068976	-0.072162	-0.089005	-0.080058	0.092497	-0.066730	-0.068393	-0.069946	-0.067786	-0.078615	-0.020267	-0.042394	-0.062872	-0.081454	-0.084349	-0.079694	-0.085990	-0.076229	-0.051445	-0.063020	-0.089630	-0.023281	-0.077668	0.035466	-0.074701	-0.066260	-0.082636	-0.082486	-0.045906	-0.060966	-0.036195	-0.061388	0.014484	-0.049629	0.019584	-0.075989	-0.071789	-0.091190	-0.079154	-0.076554	-0.057181	-0.057197	-0.077107	-0.082274	-0.085409	-0.061837	-0.048016	-0.023920	-0.072349	-0.042337	-0.070924	-0.058144	-0.074167	-0.095171	-0.080286	-0.070303	-0.083219	-0.076047	
0.263601	-0.056076	0.274299	-0.057632	-0.086055	0.248630	0.276828	0.281765	0.284198	0.262764	0.199460	1.298349	-0.047568	0.251202	0.259440	0.261043	-0.045320	0.247904	0.263210	-0.045872	-0.096844	-0.081087	-0.084228	-0.079778	0.261029	-0.038635	-0.090166	-0.095954	-0.051452	-0.051373	0.265526	-0.078823	0.266621	-0.072662	0.253445	-0.051485	-0.093730	0.257716	0.280965	-0.096309	-0.014329	-0.102427	-0.088918	-0.098654	-0.085782	-0.082580	-0.064731	0.009651	-0.085671	-0.073078	-0.000626	-0.001498	-0.092727	-0.081318	-0.092298	-0.085020	-0.090305	-0.099863	0.144790	-0.088984	-0.090040	-0.093476	-0.080235	-0.095806	-0.072868	-0.008576	-0.092226	-0.106723	-0.100351	-0.096256	-0.085767	-0.090546	-0.092184	-0.087481	-0.099320	-0.051467	-0.105479	0.005224	-0.088900	-0.095871	-0.092228	-0.095511	-0.088659	-0.084137	0.006587	-0.084301	-0.004033	-0.087220	0.008790	-0.093902	-0.088628	-0.097279	-0.106455	-0.097015	-0.098003	-0.093894	-0.096857	-0.096091	-0.095020	-0.084886	-0.068882	-0.008850	-0.088404	-0.072343	-0.073032	-0.083263	-0.107213	-0.095662	-0.082430	-0.082868	-0.079358	-0.098148	
-0.048800	0.090722	-0.055177	0.078748	-0.002344	-0.039191	-0.044720	-0.058496	-0.067346	-0.054575	-0.032545	-0.047568	0.940575	-0.042914	-0.043846	-0.061729	0.087050	-0.037829	-0.052616	0.079664	-0.010693	0.006385	0.003451	-0.019054	-0.069357	0.091908	0.006018	0.005402	0.073081	0.073983	-0.064107	0.003565	-0.043075	0.015106	-0.045301	0.080031	0.006105	-0.054217	-0.058346	-0.002393	-0.055550	-0.009492	0.001551	-0.016694	0.007319	-0.008708	0.006695	-0.052095	-0.008535	0.000567	-0.042370	-0.067123	-0.011768	0.001602	-0.001530	-0.004845	-0.020935	-0.007358	-0.028469	-0.018782	0.007915	0.004753	0.003258	-0.004612	-0.002406	-0.003869	-0.000061	-0.005880	-0.007849	-0.009537	-0.014885	0.020811	-0.004584	-0.003922	0.030959	-0.021718	0.007066	-0.061585	-0.000515	-0.002713	-0.003438	0.005690	-0.009856	0.009956	0.007399	-0.012328	-0.051256	-0.007359	-0.059804	-0.004524	-0.002952	-0.010337	0.000026	-0.003647	-0.021473	0.005908	-0.005245	0.002947	0.001889	-0.010729	-0.011543	-0.021309	-0.022758	-0.018158	0.005780	-0.011605	-0.011535	-0.023495	-0.000322	-0.014779	0.007342	-0.007787	
0.249092	-0.036321	0.276365	-0.055508	-0.075073	0.251475	0.281868	0.252343	0.237955	0.244529	0.163828	0.251202	-0.042914	1.300390	0.261284	0.228292	-0.040740	0.257063	0.253202	-0.035765	-0.070088	-0.079230	-0.085291	-0.078880	0.246265	-0.058980	-0.081394	-0.085244	-0.056701	-0.048029	0.239645	-0.090946	0.228881	-0.093635	0.231793	-0.039261	-0.080313	0.257038	0.229151	-0.098924	0.002298	-0.092074	-0.085107	-0.088516	-0.084024	-0.075289	-0.085175	0.013215	-0.093159	-0.070247	0.013230	0.004206	-0.097844	-0.072258	-0.078549	-0.082500	-0.099211	-0.095314	0.137827	-0.094784	-0.087308	-0.096212	-0.085135	-0.090318	-0.065013	-0.018022	-0.082232	-0.090719	-0.091156	-0.089543	-0.082185	-0.082803	-0.088593	-0.077174	-0.085050	-0.035328	-0.084404	0.023273	-0.084304	-0.094412	-0.093009	-0.093680	-0.086408	-0.080035	0.032858	-0.089161	0.004716	-0.095460	0.014403	-0.087451	-0.089550	-0.087176	-0.094640	-0.083188	-0.090169	-0.081622	-0.086052	-0.091585	-0.083802	-0.076258	-0.067098	-0.033600	-0.103607	-0.084075	-0.088024	-0.078833	-0.085553	-0.091978	-0.100117	-0.089917	-0.075850	-0.079354	
0.237953	-0.042075	0.233023	-0.068548	-0.066097	0.246968	0.262900	0.241314	0.247692	0.255349	0.230423	0.259440	-0.043846	0.261284	1.287206	0.304022	-0.058881	0.245171	0.233618	-0.042244	-0.085279	-0.092447	-0.093884	-0.087264	0.254141	-0.042180	-0.089083	-0.081710	-0.036406	-0.053874	0.274994	-0.096571	0.239850	-0.094330	0.222284	-0.077732	-0.082885	0.255305	0.257860	-0.098545	0.012100	-0.087900	-0.099389	-0.093345	-0.088297	-0.067993	-0.087172	0.052123	-0.084088	-0.081271	0.003886	0.021356	-0.090838	-0.082107	-0.104946	-0.098007	-0.094068	-0.093426	0.128009	-0.092243	-0.077426	-0.089562	-0.097895	-0.092859	-0.078594	-0.018228	-0.087198	-0.077236	-0.098550	-0.090124	-0.076461	-0.109470	-0.096129	-0.084023	-0.073819	-0.035073	-0.071571	0.035071	-0.078701	-0.096512	-0.089667	-0.088106	-0.083528	-0.064393	0.009413	-0.100019	0.011029	-0.077490	0.012091	-0.097190	-0.089177	-0.100526	-0.077657	-0.095316	-0.080056	-0.083770	-0.082102	-0.089290	-0.107902	-0.074115	-0.071783	-0.042858	-0.104118	-0.072031	-0.086484	-0.081414	-0.084169	-0.096285	-0.094685	-0.087905	-0.080995	-0.092613	
0.253531	-0.036594	0.275620	-0.049378	-0.089214	0.243052	0.270101	0.271490	0.250361	0.276721	0.187343	0.261043	-0.061729	0.228292	0.304022	1.279675	-0.047440	0.244389	0.246690	-0.032667	-0.076406	-0.083044	-0.101969	-0.091132	0.267006	-0.052014	-0.085541	-0.082271	-0.065483	-0.039740	0.279785	-0.084229	0.241051	-0.088767	0.238190	-0.059586	-0.074762	0.270705	0.279000	-0.094737	0.018968	-0.085746	-0.089622	-0.102912	-0.094679	-0.091504	-0.072943	0.019375	-0.087058	-0.079460	0.001225	0.015294	-0.101406	-0.081375	-0.088119	-0.080031	-0.101496	-0.086400	0.139043	-0.095368	-0.078717	-0.102393	-0.085158	-0.092765	-0.082002	0.009617	-0.081249	-0.102259	-0.106835	-0.087530	-0.091648	-0.093045	-0.096835	-0.089937	-0.092972	-0.040581	-0.083214	0.026506	-0.090257	-0.082796	-0.093920	-0.098507	-0.089740	-0.093380	0.002128	-0.081315	0.009569	-0.084211	0.006357	-0.092380	-0.094037	-0.098631	-0.100962	-0.092737	-0.079703	-0.079646	-0.091656	-0.094607	-0.094838	-0.091980	-0.070709	-0.035043	-0.092253	-0.086414	-0.092957	-0.096016	-0.067378	-0.096165	-0.094971	-0.088057	-0.087246	-0.073257	
-0.052202	0.090715	-0.051561	0.090625	-0.007400	-0.065041	-0.046092	-0.053066	-0.047051	-0.051425	0.016498	-0.045320	0.087050	-0.040740	-0.058881	-0.047440	0.919751	-0.011836	-0.040102	0.082697	0.007668	-0.001491	0.006271	-0.005377	-0.062603	0.059320	0.001574	0.006445	0.073146	0.091470	-0.047475	0.007282	-0.048223	-0.010785	-0.046902	0.097590	0.010084	-0.057393	-0.047057	-0.009236	-0.036329	-0.007423	-0.014667	-0.007543	-0.009573	-0.010662	-0.015827	-0.058675	-0.013013	0.002895	-0.043455	-0.050822	-0.017621	-0.003722	-0.006148	0.004404	-0.007037	-0.008227	-0.050628	-0.005631	-0.009470	0.006273	-0.006770	-0.015285	0.011733	-0.028451	0.003157	-0.024242	0.000238	-0.014724	0.012626	-0.001411	-0.008061	0.002077	-0.001964	-0.021443	0.003610	-0.047302	-0.003476	0.001198	-0.010965	-0.015279	-0.027998	-0.022296	-0.025680	-0.009903	-0.057859	-0.016515	-0.050272	-0.012539	-0.007525	-0.000354	0.005085	0.010831	0.000193	-0.018523	-0.005677	0.012374	0.003131	-0.009728	-0.013577	-0.019658	-0.000065	-0.023287	-0.006365	-0.008051	-0.009178	-0.007971	-0.001546	-0.007774	-0.001553	0.004449	
0.245778	-0.029544	0.248872	-0.045658	-0.086408	0.236094	0.247329	0.234014	0.234170	0.228011	0.185389	0.247904	-0.037829	0.257063	0.245171	0.244389	-0.011836	1.282448	0.237577	-0.021056	-0.081219	-0.095549	-0.097198	-0.085216	0.196547	-0.037183	-0.085032	-0.078294	-0.054539	-0.035367	0.237583	-0.082657	0.221102	-0.076309	0.214641	-0.051133	-0.062322	0.250469	0.228001	-0.089447	0.020840	-0.091689	-0.080577	-0.091834	-0.081592	-0.079283	-0.078757	0.022960	-0.104876	-0.091363	0.039154	0.016169	-0.092292	-0.078825	-0.082912	-0.079233	-0.094271	-0.086928	0.128839	-0.081826	-0.076101	-0.094669	-0.071707	-0.079142	-0.085781	-0.020748	-0.083595	-0.095051	-0.094233	-0.087687	-0.080236	-0.087144	-0.071467	-0.077902	-0.094751	-0.033961	-0.089499	0.045953	-0.089780	-0.081458	-0.086875	-0.096772	-0.090958	-0.100110	0.014285	-0.085720	0.035105	-0.088594	0.019726	-0.095451	-0.078014	-0.088778	-0.072432	-0.090830	-0.095233	-0.089230	-0.081550	-0.085925	-0.095225	-0.078535	-0.060012	-0.044723	-0.084683	-0.091699	-0.088667	-0.084425	-0.083413	-0.098831	-0.080429	-0.084671	-0.074582	-0.095912	
0.247590	-0.041463	0.260229	-0.041899	-0.083170	0.261816	0.244965	0.238729	0.242154	0.249617	0.185368	0.263210	-0.052616	0.253202	0.233618	0.246690	-0.040102	0.237577	1.281039	-0.028954	-0.080216	-0.079750	-0.081677	-0.090425	0.273256	-0.051777	-0.103589	-0.096213	-0.047615	-0.061687	0.243628	-0.079149	0.254847	-0.075731	0.244948	-0.056961	-0.085313	0.271612	0.243123	-0.095954	0.028770	-0.084988	-0.082804	-0.099557	-0.087631	-0.081068	-0.086495	0.021416	-0.087265	-0.091614	0.038192	0.026665	-0.096083	-0.087458	-0.085786	-0.089646	-0.098551	-0.085342	0.118472	-0.085649	-0.091696	-0.095591	-0.087414	-0.090621	-0.069622	-0.015689	-0.074754	-0.101906	-0.080174	-0.075648	-0.085138	-0.094391	-0.096579	-0.107440	-0.087708	-0.043411	-0.074465	0.031178	-0.103397	-0.096567	-0.088665	-0.076906	-0.091019	-0.088618	0.004966	-0.083909	0.014393	-0.092488	0.031791	-0.094245	-0.084847	-0.096508	-0.088645	-0.101697	-0.089710	-0.083894	-0.091218	-0.085439	-0.084705	-0.078246	-0.072368	-0.042073	-0.083687	-0.084811	-0.078726	-0.080751	-0.102357	-0.090220	-0.079101	-0.093840	-0.066632	-0.081841	
-0.045908	0.092271	-0.021103	0.081550	0.001909	-0.043124	-0.044080	-0.031849	-0.038785	-0.062462	-0.006661	-0.045872	0.079664	-0.035765	-0.042244	-0.032667	0.082697	-0.021056	-0.028954	0.940072	0.014456	-0.010745	0.016609	-0.005225	-0.052074	0.089430	-0.007142	-0.015341	0.074046	0.081152	-0.042387	-0.012795	-0.045855	-0.017585	-0.044052	0.089056	-0.009360	-0.035071	-0.032660	-0.016662	-0.045262	-0.015593	-0.010838	-0.014366	-0.021479	-0.015617	-0.004898	-0.056625	-0.007670	-0.014057	-0.040466	-0.051841	-0.017763	-0.015764	-0.014512	-0.011215	-0.004971	-0.011092	-0.039733	0.011081	0.004382	-0.008766	-0.009988	-0.019929	-0.004410	0.018600	-0.020222	-0.016596	0.001306	-0.007755	-0.013342	-0.000233	-0.018473	-0.009836	-0.007702	-0.014906	-0.017192	-0.040411	-0.016399	-0.011867	-0.000463	-0.003309	-0.004738	-0.015013	0.001413	-0.013743	-0.038775	-0.018844	-0.047791	-0.009716	-0.004522	-0.016226	0.007194	0.006259	0.013381	-0.020632	-0.006347	-0.004176	-0.016555	-0.003361	0.001736	-0.010091	-0.008643	-0.012468	0.008328	-0.009880	0.008553	-0.029623	-0.015457	-0.015539	-0.003246	-0.002967	
-0.079293	-0.001067	-0.084674	0.001873	0.012221	-0.081938	-0.094023	-0.069643	-0.096921	-0.086141	-0.072368	-0.096844	-0.010693	-0.070088	-0.085279	-0.076406	0.007668	-0.081219	-0.080216	0.014456	0.843532	0.035448	0.027012	0.027693	-0.086734	-0.008425	0.018326	0.034257	0.003303	0.003632	-0.080396	0.028876	-0.084108	0.036802	-0.075862	-0.003792	0.021029	-0.080919	-0.078970	0.011884	-0.060632	0.028793	0.017283	0.019750	0.021660	0.010356	0.004904	-0.078404	0.026754	0.008236	-0.062051	-0.072617	0.033318	0.006481	0.022018	0.036620	0.021395	0.020831	-0.079929	0.023286	0.024803	0.024444	0.024037	0.014391	0.006596	-0.010716	0.024898	0.012687	0.019525	0.015961	0.020248	0.014724	0.015621	0.023400	-0.001268	-0.014879	0.020265	-0.059351	0.016761	0.006667	0.011270	0.042266	0.003404	0.016537	-0.009665	0.028659	-0.073802	0.018742	-0.069185	0.002944	0.018444	0.010490	0.027398	0.022534	0.019814	0.013759	0.011607	0.013664	0.019749	0.027595	0.000083	0.005934	0.023455	0.011429	0.017900	0.012794	0.030006	0.024409	0.026487	0.012326	0.019609	0.002014	
-0.079746	-0.013891	-0.094567	-0.010205	0.023475	-0.074866	-0.084802	-0.074237	-0.098341	-0.075250	-0.064957	-0.081087	0.006385	-0.079230	-0.092447	-0.083044	-0.001491	-0.095549	-0.079750	-0.010745	0.035448	0.871491	0.023847	0.015627	-0.088066	-0.010678	0.048590	0.027098	0.018147	-0.000986	-0.085880	0.013069	-0.088362	0.034269	-0.085997	-0.007916	0.031023	-0.087801	-0.099467	0.018585	-0.072310	0.009807	0.022990	0.007755	0.010896	0.032418	0.027815	-0.063234	0.036325	0.033401	-0.065201	-0.069962	0.004277	0.023159	0.013310	0.017915	0.029352	0.018170	-0.067372	0.029443	0.016826	0.029705	0.016163	0.032617	0.027661	0.009038	0.024150	0.024285	0.012032	0.005859	0.019161	0.016675	0.019922	0.003990	0.004176	-0.020264	0.035034	-0.072191	0.007439	0.020041	0.009320	0.007948	0.039018	0.018447	-0.028819	0.027206	-0.074196	0.021678	-0.077694	0.042246	0.024370	0.012686	0.017741	0.019860	0.020434	0.005596	0.010678	0.020542	0.016062	0.012693	0.025452	0.006732	0.003309	0.036414	0.035298	0.012240	0.021380	0.017239	0.010532	0.017768	0.006963	0.005714	
-0.072683	0.001251	-0.088328	0.005898	0.026477	-0.082572	-0.087132	-0.083476	-0.086874	-0.083585	-0.082270	-0.084228	0.003451	-0.085291	-0.093884	-0.101969	0.006271	-0.097198	-0.081677	0.016609	0.027012	0.023847	0.879008	0.021614	-0.090849	-0.010444	0.026576	0.019275	0.007400	0.018387	-0.076775	0.019023	-0.080669	0.031676	-0.073583	-0.000813	0.018986	-0.083549	-0.079801	0.026506	-0.080110	0.022846	0.012303	0.022199	0.022642	0.017035	0.024846	-0.075047	0.014369	0.023537	-0.083428	-0.065921	0.012859	-0.001857	0.008731	0.021004	0.022121	0.032795	-0.066923	0.013619	0.025472	0.003892	0.026722	0.025783	0.006285	-0.007014	0.019922	0.018242	0.014540	0.019138	0.015070	0.017447	0.014964	0.006265	0.022045	-0.014231	0.026795	-0.081080	0.019991	0.024133	0.020561	0.026953	0.015767	0.011021	-0.025197	0.019487	-0.067311	0.000563	-0.076900	0.016029	0.024596	0.013135	0.030938	0.006912	0.016434	0.016308	0.009489	0.011109	0.018373	0.040728	-0.002777	0.004554	0.011856	0.026465	0.037634	0.012222	0.024777	0.014976	0.020724	0.034110	0.028373	0.019400	
-0.090256	-0.015759	-0.094572	-0.007066	0.032187	-0.092930	-0.089673	-0.094588	-0.093981	-0.084827	-0.036356	-0.079778	-0.019054	-0.078880	-0.087264	-0.091132	-0.005377	-0.085216	-0.090425	-0.005225	0.027693	0.015627	0.021614	0.863977	-0.076911	0.014732	0.030444	0.036099	-0.002984	-0.009044	-0.081702	0.030851	-0.087883	0.023440	-0.088299	-0.011727	0.011696	-0.084367	-0.093132	0.003031	-0.063090	0.001714	0.021282	0.015179	0.040423	0.046224	0.013799	-0.046894	0.079956	0.045282	-0.065004	-0.076506	-0.000286	0.013382	0.017272	0.019368	0.029495	0.015370	-0.045258	0.004314	0.022683	0.013059	0.020592	0.024685	0.029591	0.011712	0.022420	0.013319	0.011443	0.011897	-0.005966	0.020754	-0.000531	0.014163	0.007624	-0.037546	-0.017093	-0.079639	0.015908	-0.004330	0.017131	0.016962	0.080124	0.050194	0.005671	0.069991	-0.081097	0.057340	-0.079309	0.007924	0.015733	-0.002045	0.008232	0.012613	0.004065	-0.001880	0.001705	0.002520	0.018959	0.031696	0.057840	0.025201	0.008895	0.073267	-0.003514	0.002724	0.003517	0.010311	0.023107	0.015358	0.011057	0.012417	
0.248274	-0.057101	0.264184	-0.055790	-0.085102	0.244466	0.284461	0.262919	0.243481	0.270088	0.188776	0.261029	-0.069357	0.246265	0.254141	0.267006	-0.062603	0.196547	0.273256	-0.052074	-0.086734	-0.088066	-0.090849	-0.076911	1.329044	-0.051819	-0.087428	-0.081173	-0.048972	-0.057609	0.293384	-0.076535	0.224534	-0.076124	0.259675	-0.059557	-0.074427	0.252870	0.281001	-0.085645	0.020298	-0.100085	-0.089112	-0.086521	-0.081205	-0.086786	-0.092534	0.030114	-0.097239	-0.089511	0.026479	0.028094	-0.092784	-0.094721	-0.092759	-0.083772	-0.093161	-0.083294	0.136676	-0.089519	-0.085403	-0.089135	-0.086526	-0.092661	-0.075193	-0.018149	-0.085275	-0.104772	-0.090093	-0.086689	-0.076074	-0.107966	-0.094691	-0.084678	-0.087915	-0.043625	-0.084665	0.012917	-0.087730	-0.090517	-0.090624	-0.092832	-0.084768	-0.088199	0.042284	-0.093711	0.024004	-0.077694	0.014479	-0.090491	-0.081941	-0.112325	-0.099066	-0.091128	-0.085538	-0.088836	-0.098022	-0.101658	-0.085079	-0.082892	-0.061693	-0.037308	-0.106584	-0.088731	-0.089289	-0.095284	-0.088748	-0.093109	-0.095113	-0.093760	-0.086475	-0.087035	
-0.055387	0.098710	-0.041856	0.083739	0.003409	-0.056196	-0.052788	-0.047991	-0.038887	-0.052770	-0.009527	-0.038635	0.091908	-0.058980	-0.042180	-0.052014	0.059320	-0.037183	-0.051777	0.089430	-0.008425	-0.010678	-0.010444	0.014732	-0.051819	0.924860	-0.015477	0.010099	0.104068	0.095659	-0.060545	-0.010694	-0.053732	-0.011776	-0.054846	0.097765	-0.014186	-0.050902	-0.068355	-0.010728	-0.044842	-0.013142	-0.004933	-0.018535	-0.008634	0.031196	0.016078	-0.014945	0.021382	0.011753	-0.047597	-0.049458	-0.035846	-0.014882	-0.003628	-0.002471	-0.002660	-0.006751	-0.052613	-0.012651	-0.013807	-0.011984	-0.007182	-0.023443	0.006556	-0.012253	-0.013306	-0.029908	-0.022573	-0.015140	0.008158	-0.002986	-0.009778	-0.004970	-0.017090	-0.021628	-0.019358	-0.057274	-0.016537	-0.009199	-0.006428	-0.018525	0.027382	0.027084	0.048180	0.014882	-0.059804	0.035706	-0.053931	-0.001897	-0.017076	-0.015348	-0.032666	-0.005557	-0.010289	-0.007348	-0.013130	-0.026326	-0.012097	-0.011045	0.033317	0.030284	-0.003605	0.029510	-0.020562	-0.015668	-0.026221	-0.008742	-0.005231	-0.015488	-0.006145	-0.019293	
-0.085724	-0.001338	-0.080774	0.003046	0.026514	-0.088905	-0.094839	-0.079087	-0.094955	-0.090711	-0.060723	-0.090166	0.006018	-0.081394	-0.089083	-0.085541	0.001574	-0.085032	-0.103589	-0.007142	0.018326	0.048590	0.026576	0.030444	-0.087428	-0.015477	0.876180	0.028044	-0.008521	-0.003215	-0.085156	0.022143	-0.087486	0.020259	-0.079996	-0.003464	0.027175	-0.090115	-0.090418	0.017313	-0.063910	0.008552	0.001741	0.020111	0.021964	0.004325	0.017660	-0.054064	0.026531	0.040299	-0.065474	-0.069218	0.026294	0.025798	0.024651	0.008233	0.016772	0.011687	-0.071260	0.007745	0.020594	0.019627	0.015127	0.020648	0.018474	-0.016811	0.020105	0.022761	0.016891	0.015798	0.033122	0.028009	0.006974	0.013184	0.028547	-0.029402	0.032758	-0.074659	0.009019	0.033076	0.023227	0.021342	0.035678	0.023403	-0.023166	0.043854	-0.064808	0.033958	-0.059250	0.012349	0.014643	0.006067	0.030318	0.003400	0.015718	0.019657	0.013672	0.007989	0.011805	0.014460	0.002659	0.006109	0.026732	0.025060	0.021270	0.032588	0.029931	0.026323	0.023484	0.017694	0.007150	0.002633	
-0.092758	-0.002609	-0.090021	0.004424	0.015047	-0.084670	-0.092240	-0.089226	-0.084070	-0.088826	-0.056564	-0.095954	0.005402	-0.085244	-0.081710	-0.082271	0.006445	-0.078294	-0.096213	-0.015341	0.034257	0.027098	0.019275	0.036099	-0.081173	0.010099	0.028044	0.887383	0.008760	-0.003463	-0.096672	0.025063	-0.092302	0.016904	-0.086944	-0.002293	0.021582	-0.095443	-0.089022	0.013628	-0.069332	0.007399	0.010040	0.005598	0.016425	0.026517	0.031175	-0.058506	0.033431	0.015595	-0.070878	-0.059967	0.019065	0.007744	0.025310	0.002641	0.028626	0.019984	-0.090075	0.012568	0.015774	0.012259	0.021162	0.012617	0.042344	-0.023913	0.019366	0.006821	0.016380	0.015676	0.022992	0.022062	0.019087	0.014841	0.017497	-0.013601	0.033439	-0.065972	0.006472	0.025552	0.022268	0.023301	0.041786	0.041562	-0.006534	0.035979	-0.065962	0.011549	-0.065332	0.019025	0.019037	0.022343	-0.005252	0.012115	0.007653	0.017773	0.002421	0.029131	0.012327	0.034235	0.018715	-0.004737	0.033456	0.030961	0.029218	0.009297	0.020319	0.025520	0.011487	0.015514	0.012942	0.020535	
-0.066066	0.075496	-0.048313	0.088949	0.010854	-0.056154	-0.050360	-0.060848	-0.046879	-0.052060	-0.006822	-0.051452	0.073081	-0.056701	-0.036406	-0.065483	0.073146	-0.054539	-0.047615	0.074046	0.003303	0.018147	0.007400	-0.002984	-0.048972	0.104068	-0.008521	0.008760	0.973109	0.078193	-0.054790	0.004240	-0.050636	0.009243	-0.031634	0.087473	0.002666	-0.052648	-0.048779	-0.013931	-0.066576	-0.017935	-0.007912	0.000081	-0.002276	0.022354	-0.002863	-0.036570	0.005965	0.004664	-0.057060	-0.054044	-0.032859	-0.003999	-0.020732	-0.002272	-0.011828	-0.009828	-0.044979	-0.015843	-0.001391	-0.005695	-0.020901	-0.020340	0.005872	0.015907	-0.002792	-0.011081	-0.008688	-0.008312	-0.016479	0.000345	-0.012350	-0.005946	-0.015855	-0.042572	-0.013050	-0.051559	-0.010990	-0.006847	-0.002187	-0.008689	0.028435	0.022314	-0.023067	0.003567	-0.056668	0.008711	-0.055895	0.003953	0.008328	-0.002574	0.017568	-0.007637	0.002168	-0.020820	-0.008987	-0.002085	-0.009907	-0.010048	0.005045	0.004218	-0.017546	-0.003005	-0.005029	0.002568	-0.019675	0.002489	-0.023472	-0.026992	-0.000833	-0.011449	
-0.048158	0.077490	-0.053393	0.090445	0.004625	-0.059589	-0.053680	-0.055074	-0.039900	-0.047331	-0.029892	-0.051373	0.073983	-0.048029	-0.053874	-0.039740	0.091470	-0.035367	-0.061687	0.081152	0.003632	-0.000986	0.018387	-0.009044	-0.057609	0.095659	-0.003215	-0.003463	0.078193	0.938858	-0.040792	-0.013395	-0.043068	-0.011286	-0.050106	0.098211	-0.002386	-0.059173	-0.059367	-0.007109	-0.051998	0.006611	0.002812	0.002848	-0.013449	0.005742	-0.010145	-0.049162	-0.009843	-0.003669	-0.052007	-0.057464	-0.008562	-0.008123	-0.008844	-0.003538	-0.010168	-0.021854	-0.045545	-0.004535	-0.016577	0.003822	0.010330	-0.020479	-0.005250	-0.024191	-0.012952	-0.017035	-0.006466	0.001477	-0.000630	-0.015184	0.000511	-0.005847	-0.025153	-0.024124	0.011549	-0.046747	0.006425	-0.005680	-0.000457	-0.002761	0.002891	0.001406	0.009696	-0.003810	-0.047885	0.002333	-0.066426	-0.011966	-0.009606	-0.002477	-0.010557	0.012146	-0.016199	-0.005647	-0.004648	-0.014705	-0.002791	0.002920	-0.001849	-0.000767	-0.001547	0.000723	-0.001820	0.012244	-0.032834	0.003466	-0.003136	-0.018544	-0.018561	0.004718	
0.238318	-0.051857	0.244878	-0.051248	-0.078724	0.240247	0.277266	0.256558	0.266644	0.254135	0.193359	0.265526	-0.064107	0.239645	0.274994	0.279785	-0.047475	0.237583	0.243628	-0.042387	-0.080396	-0.085880	-0.076775	-0.081702	0.293384	-0.060545	-0.085156	-0.096672	-0.054790	-0.040792	1.343127	-0.092823	0.256023	-0.085251	0.266616	-0.050445	-0.091555	0.295131	0.268838	-0.102081	0.018232	-0.092220	-0.095105	-0.094956	-0.080676	-0.074241	-0.087571	0.044310	-0.097363	-0.080370	0.016516	0.024453	-0.112744	-0.084985	-0.092545	-0.093271	-0.092601	-0.100188	0.122461	-0.093444	-0.093448	-0.101435	-0.096388	-0.092074	-0.067702	-0.009349	-0.084703	-0.091399	-0.100702	-0.094378	-0.093786	-0.088771	-0.095180	-0.095486	-0.105116	-0.044075	-0.087721	0.017880	-0.098347	-0.099458	-0.095629	-0.117984	-0.075707	-0.073749	0.017550	-0.084787	0.020567	-0.080995	0.026211	-0.090232	-0.098063	-0.104982	-0.092304	-0.102420	-0.101998	-0.088440	-0.094886	-0.099680	-0.090137	-0.090144	-0.096328	-0.007354	-0.084627	-0.078217	-0.087727	-0.081120	-0.087709	-0.110331	-0.077118	-0.083309	-0.091864	-0.083363	
-0.090551	-0.007859	-0.092210	0.004619	0.024110	-0.080351	-0.094859	-0.071210	-0.086912	-0.095735	-0.077920	-0.078823	0.003565	-0.090946	-0.096571	-0.084229	0.007282	-0.082657	-0.079149	-0.012795	0.028876	0.013069	0.019023	0.030851	-0.076535	-0.010694	0.022143	0.025063	0.004240	-0.013395	-0.092823	0.846432	-0.080998	0.020098	-0.077831	0.003319	0.030493	-0.094662	-0.089464	0.011024	-0.060575	0.019845	0.019696	0.022167	0.015870	0.027198	0.026382	-0.071854	0.047929	0.027525	-0.067244	-0.062614	0.019447	0.003171	0.025223	0.025116	0.022998	0.028016	-0.075787	0.027822	0.025560	0.019640	0.002248	0.022691	0.024189	0.001003	0.022232	0.011592	0.024226	0.024642	0.019185	0.006616	0.032054	0.026929	0.023683	-0.021412	0.014735	-0.076951	0.019161	0.019518	0.025316	0.026050	0.015284	0.017032	-0.017575	0.018038	-0.064968	0.010447	-0.052129	0.005655	0.019574	0.013027	0.014018	0.024475	0.014781	0.025805	0.023846	0.014431	0.025543	0.000809	0.013660	0.009975	0.020079	0.000377	0.019854	0.016294	0.007811	0.019314	0.022631	0.011265	0.037990	0.006290	
0.263510	-0.024002	0.266029	-0.045989	-0.083756	0.221699	0.260324	0.237616	0.248041	0.249558	0.172670	0.266621	-0.043075	0.228881	0.239850	0.241051	-0.048223	0.221102	0.254847	-0.045855	-0.084108	-0.088362	-0.080669	-0.087883	0.224534	-0.053732	-0.087486	-0.092302	-0.050636	-0.043068	0.256023	-0.080998	1.290960	-0.078372	0.241159	-0.040736	-0.086182	0.255673	0.214011	-0.096849	0.020159	-0.087966	-0.096813	-0.099178	-0.080843	-0.079829	-0.098165	0.033738	-0.100630	-0.076788	0.026903	0.031507	-0.093963	-0.080957	-0.087446	-0.099816	-0.083199	-0.085792	0.115230	-0.094147	-0.087094	-0.083530	-0.081229	-0.093484	-0.062875	-0.009398	-0.079268	-0.086194	-0.092549	-0.088573	-0.092070	-0.094249	-0.089036	-0.090449	-0.079087	-0.027961	-0.085937	0.034185	-0.092415	-0.087777	-0.075875	-0.081978	-0.086180	-0.088386	0.040404	-0.095971	0.047582	-0.083617	0.047095	-0.085403	-0.095167	-0.097272	-0.073245	-0.087001	-0.094509	-0.084575	-0.084022	-0.081478	-0.092699	-0.086586	-0.056346	-0.043134	-0.077853	-0.088727	-0.077216	-0.079519	-0.098579	-0.104030	-0.093365	-0.109817	-0.069844	-0.085508	
-0.080449	-0.002222	-0.079082	-0.003042	0.021614	-0.076153	-0.092646	-0.087233	-0.085706	-0.086342	-0.068944	-0.072662	0.015106	-0.093635	-0.094330	-0.088767	-0.010785	-0.076309	-0.075731	-0.017585	0.036802	0.034269	0.031676	0.023440	-0.076124	-0.011776	0.020259	0.016904	0.009243	-0.011286	-0.085251	0.020098	-0.078372	0.879205	-0.081032	-0.005210	0.019816	-0.087838	-0.072327	0.021621	-0.068866	0.013445	0.015078	0.021680	0.024097	0.019658	0.015742	-0.079348	0.019894	0.029555	-0.064395	-0.071012	0.027163	0.004284	0.024371	0.003847	0.017821	0.016259	-0.072219	0.014153	0.007995	0.037424	0.007755	0.035528	0.006983	-0.015508	0.047869	-0.002439	0.019028	0.004402	0.003874	0.025456	0.021433	0.016640	0.035090	-0.032638	0.018456	-0.080719	0.013520	0.032088	0.024046	0.018664	0.028705	0.020880	-0.009312	0.031196	-0.073199	0.025206	-0.069422	0.019018	0.010129	0.010658	0.024152	0.010708	0.016677	0.009952	0.014434	0.015841	0.013250	0.028034	0.012506	-0.008137	0.034055	0.019914	0.002422	0.021661	0.010992	0.033196	0.021009	0.009576	0.007340	0.020640	
0.229227	-0.025509	0.245064	-0.048124	-0.084029	0.235276	0.275168	0.261451	0.269834	0.270960	0.186612	0.253445	-0.045301	0.231793	0.222284	0.238190	-0.046902	0.214641	0.244948	-0.044052	-0.075862	-0.085997	-0.073583	-0.088299	0.259675	-0.054846	-0.079996	-0.086944	-0.031634	-0.050106	0.266616	-0.077831	0.241159	-0.081032	1.239436	-0.050420	-0.080744	0.247647	0.267053	-0.084411	0.011456	-0.092299	-0.088169	-0.085071	-0.092404	-0.079711	-0.080864	0.037489	-0.090655	-0.080397	0.024554	0.022692	-0.093393	-0.085988	-0.080580	-0.086705	-0.096401	-0.094266	0.117508	-0.091915	-0.083179	-0.092199	-0.091182	-0.083454	-0.076066	-0.052031	-0.082319	-0.093378	-0.088228	-0.084356	-0.090740	-0.086482	-0.094028	-0.085075	-0.089547	-0.047800	-0.092206	0.030479	-0.095213	-0.092635	-0.094492	-0.088565	-0.077762	-0.065929	0.008064	-0.093957	0.021346	-0.081725	0.013013	-0.097301	-0.103399	-0.092798	-0.076585	-0.090164	-0.093243	-0.074478	-0.085736	-0.086806	-0.073315	-0.087284	-0.073577	-0.030674	-0.090601	-0.089456	-0.104746	-0.093412	-0.097705	-0.091648	-0.083544	-0.085078	-0.073039	-0.077200	
-0.065950	0.096784	-0.053513	0.090719	0.021744	-0.056047	-0.058532	-0.056732	-0.037972	-0.047449	-0.020819	-0.051485	0.080031	-0.039261	-0.077732	-0.059586	0.097590	-0.051133	-0.056961	0.089056	-0.003792	-0.007916	-0.000813	-0.011727	-0.059557	0.097765	-0.003464	-0.002293	0.087473	0.098211	-0.050445	0.003319	-0.040736	-0.005210	-0.050420	0.958050	-0.004688	-0.060507	-0.061307	-0.011599	-0.058072	0.007091	-0.007306	-0.002735	-0.014106	-0.003538	-0.001748	-0.049844	-0.002302	-0.001434	-0.056523	-0.054476	-0.020841	0.001056	-0.030516	0.005088	-0.003635	0.002824	-0.030512	-0.004519	0.000925	0.010352	-0.020437	-0.005958	-0.015123	-0.018326	-0.005098	-0.015597	-0.006267	0.002312	0.008518	-0.000599	0.000260	0.000538	-0.016830	-0.035884	0.002193	-0.060974	-0.019883	0.001862	-0.010787	-0.017954	-0.003971	-0.002145	-0.035011	-0.004548	-0.055921	0.004815	-0.046789	0.003840	-0.002551	-0.021435	0.003382	-0.012515	-0.004219	-0.015733	-0.018086	0.012090	0.006977	-0.006171	0.019430	-0.013424	-0.006986	0.000104	-0.005292	-0.008316	-0.006920	-0.019988	0.002230	0.001738	-0.018124	0.007977	
-0.075962	-0.010116	-0.084611	0.010017	0.028356	-0.077656	-0.077482	-0.074700	-0.065128	-0.082303	-0.079056	-0.093730	0.006105	-0.080313	-0.082885	-0.074762	0.010084	-0.062322	-0.085313	-0.009360	0.021029	0.031023	0.018986	0.011696	-0.074427	-0.014186	0.027175	0.021582	0.002666	-0.002386	-0.091555	0.030493	-0.086182	0.019816	-0.080744	-0.004688	0.862616	-0.070716	-0.081374	0.017602	-0.051737	0.022861	0.025726	0.028712	0.000701	-0.002636	0.007373	-0.053610	0.017472	0.016093	-0.060230	-0.058054	0.004968	-0.003503	0.007519	0.025055	0.017439	0.001575	-0.067572	0.021606	0.017216	0.033816	0.022706	0.019096	0.014775	-0.013986	0.034811	0.010062	0.017069	0.020104	0.013453	0.028580	0.015196	0.024375	0.014440	-0.027521	-0.001431	-0.059668	0.009112	0.023368	0.007735	0.017834	0.003308	0.006110	0.002118	0.044404	-0.055756	0.011377	-0.048320	0.013458	0.021098	0.024936	0.017372	0.025900	0.014858	0.009744	0.026071	0.027365	0.016623	0.001928	0.026308	-0.012671	0.010084	0.031449	0.008047	0.022169	0.010561	0.007729	0.003795	0.026772	0.008236	0.001996	
