0.000000	0.296815	0.237930	0.295034	0.302664	0.248425	0.245125	0.243261	0.245364	0.244499	0.257406	0.240443	0.291801	0.241803	0.249425	0.242939	0.295693	0.247492	0.244512	0.292861	0.297174	0.301513	0.300371	0.310426	0.249566	0.298480	0.303662	0.305125	0.304255	0.295198	0.248782	0.304833	0.244358	0.303002	0.245414	0.301289	0.301896	0.248928	0.245839	0.308236	0.296780	0.310906	0.311109	0.308119	0.305534	0.309892	0.300215	0.298952	0.309489	0.303946	0.301678	0.301223	0.314658	0.308204	0.310743	0.308028	0.311261	0.309501	0.276005	0.310848	0.305161	0.308736	0.305979	0.305383	0.297053	0.291911	0.300945	0.311899	0.314962	0.305922	0.307765	0.312748	0.313224	0.308806	0.309230	0.306278	0.300777	0.296180	0.309402	0.306251	0.307559	0.310556	0.302369	0.304354	0.291852	0.308698	0.299066	0.306590	0.298632	0.307171	0.310149	0.316857	0.307044	0.309416	0.307565	0.312039	0.309980	0.311657	0.308444	0.302142	0.309627	0.293791	0.309705	0.303976	0.306070	0.304990	0.307860	0.309024	0.306906	0.312152	0.300608	0.311648	
0.296815	0.000000	0.295754	0.230709	0.247934	0.295886	0.294590	0.297866	0.294542	0.293452	0.285988	0.296940	0.226136	0.292233	0.295058	0.288180	0.229522	0.287715	0.291312	0.230153	0.248230	0.256456	0.247947	0.256296	0.300029	0.226826	0.249913	0.251057	0.233065	0.232894	0.298251	0.249028	0.287954	0.251585	0.286549	0.228181	0.253492	0.301895	0.296470	0.255265	0.287998	0.252376	0.259485	0.254648	0.248628	0.250661	0.246074	0.291462	0.256315	0.250195	0.291308	0.290466	0.264194	0.260567	0.253971	0.252957	0.251431	0.256374	0.292917	0.256323	0.252034	0.258444	0.250455	0.257044	0.259442	0.269469	0.250898	0.260634	0.263401	0.252864	0.256103	0.253254	0.258721	0.255875	0.255977	0.272064	0.247547	0.290027	0.258517	0.253339	0.251230	0.253878	0.252921	0.256042	0.259573	0.256612	0.292732	0.252944	0.291657	0.257161	0.257439	0.261849	0.254358	0.252756	0.251635	0.255012	0.255111	0.258221	0.254687	0.251720	0.260295	0.260321	0.258108	0.253653	0.250936	0.254349	0.258686	0.252176	0.254831	0.253166	0.252712	0.256013	
0.237930	0.295754	0.000000	0.291726	0.299972	0.247305	0.238020	0.242674	0.242632	0.242998	0.254123	0.237571	0.294019	0.236620	0.248630	0.239524	0.294012	0.243470	0.238485	0.283089	0.298073	0.305191	0.303407	0.307255	0.240743	0.290058	0.300615	0.303298	0.294760	0.293473	0.245763	0.304197	0.237384	0.300347	0.238212	0.294945	0.301651	0.241425	0.241570	0.310497	0.297221	0.311922	0.302381	0.307492	0.305834	0.302158	0.300980	0.291767	0.307727	0.301201	0.297894	0.293984	0.312253	0.304298	0.309079	0.309348	0.308217	0.302219	0.270177	0.306442	0.301707	0.309536	0.306460	0.312101	0.290061	0.287492	0.298948	0.313616	0.316078	0.304750	0.302799	0.307044	0.308819	0.305373	0.305331	0.305503	0.307226	0.294324	0.311121	0.303264	0.309367	0.306504	0.303124	0.303593	0.298995	0.304361	0.296976	0.299574	0.295728	0.309760	0.306731	0.309029	0.314303	0.311140	0.304847	0.306457	0.308200	0.309083	0.309835	0.297790	0.302747	0.293278	0.307819	0.302884	0.304653	0.303203	0.310099	0.307620	0.309029	0.305446	0.305764	0.305892	
0.295034	0.230709	0.291726	0.000000	0.246615	0.298771	0.297408	0.298727	0.292402	0.293040	0.286374	0.294389	0.229125	0.295965	0.298613	0.290591	0.225410	0.291075	0.290715	0.226734	0.245455	0.249576	0.247500	0.254220	0.296141	0.228673	0.245471	0.248503	0.226921	0.229809	0.296267	0.245701	0.289105	0.251459	0.288088	0.227202	0.243417	0.304080	0.301859	0.251016	0.283718	0.252858	0.255654	0.247478	0.251413	0.250689	0.243548	0.287803	0.247287	0.245522	0.290473	0.293269	0.257517	0.253462	0.255857	0.249808	0.251663	0.255203	0.297463	0.256808	0.249100	0.256982	0.250899	0.252879	0.257746	0.262714	0.245063	0.261948	0.257110	0.253581	0.251418	0.249244	0.258779	0.254753	0.250887	0.272897	0.247219	0.287594	0.255925	0.250390	0.251852	0.252692	0.247459	0.253475	0.266832	0.253828	0.290525	0.245672	0.287209	0.248767	0.249013	0.251420	0.256217	0.251226	0.249899	0.252066	0.254020	0.254366	0.253167	0.248647	0.258498	0.253989	0.248277	0.253155	0.247451	0.248751	0.253808	0.249057	0.256230	0.254506	0.247223	0.252689	
0.302664	0.247934	0.299972	0.246615	0.000000	0.305603	0.306078	0.305806	0.301045	0.299266	0.291152	0.300382	0.245090	0.297798	0.294488	0.300260	0.249417	0.300039	0.299452	0.243077	0.233110	0.234475	0.232195	0.233088	0.300220	0.243623	0.235687	0.235486	0.244689	0.245619	0.301498	0.230490	0.296957	0.237675	0.299900	0.240358	0.232787	0.311742	0.303503	0.237108	0.281614	0.239687	0.240566	0.231776	0.235006	0.229989	0.233291	0.285839	0.227526	0.233448	0.290166	0.292918	0.238937	0.241160	0.242087	0.233953	0.234866	0.237136	0.302189	0.240741	0.235587	0.237820	0.237259	0.238722	0.240513	0.257643	0.229034	0.241699	0.243550	0.238238	0.232532	0.238502	0.235556	0.239454	0.236162	0.266813	0.233327	0.287705	0.235678	0.238264	0.234548	0.241718	0.233024	0.229029	0.255901	0.233343	0.291261	0.231321	0.286486	0.238192	0.234075	0.242693	0.241947	0.238035	0.235721	0.243056	0.236761	0.240007	0.234437	0.231473	0.241670	0.247552	0.240449	0.233280	0.235854	0.231566	0.239296	0.233529	0.245310	0.239414	0.235683	0.241036	
0.248425	0.295886	0.247305	0.298771	0.305603	0.000000	0.243691	0.250742	0.250645	0.252495	0.266965	0.248792	0.294139	0.247554	0.247962	0.249064	0.301065	0.250196	0.242683	0.296646	0.299011	0.303528	0.305867	0.310086	0.250162	0.299287	0.307164	0.305229	0.301693	0.300735	0.254003	0.304923	0.250144	0.303860	0.251067	0.299706	0.304514	0.252297	0.246987	0.307542	0.290381	0.306149	0.312819	0.305311	0.309020	0.307726	0.307648	0.291832	0.308649	0.306673	0.299024	0.300037	0.310745	0.309938	0.309021	0.308816	0.312523	0.306689	0.274322	0.313845	0.310592	0.312033	0.307800	0.309968	0.304264	0.288640	0.301951	0.318277	0.315509	0.306091	0.309899	0.312940	0.313338	0.309759	0.309327	0.302996	0.305999	0.292538	0.310158	0.308132	0.313240	0.310387	0.301567	0.302408	0.276879	0.312763	0.293269	0.308293	0.293855	0.312930	0.307341	0.312092	0.308388	0.310753	0.306270	0.310438	0.312055	0.310528	0.309304	0.299972	0.313856	0.303207	0.308529	0.308156	0.308659	0.305443	0.318938	0.313022	0.314527	0.312334	0.306960	0.308821	
0.245125	0.294590	0.238020	0.297408	0.306078	0.243691	0.000000	0.239914	0.245806	0.246447	0.256041	0.240739	0.292556	0.238510	0.243532	0.240995	0.291930	0.242839	0.244114	0.294058	0.304599	0.307540	0.305042	0.311036	0.236098	0.297779	0.308306	0.307108	0.298469	0.298851	0.236996	0.306441	0.242607	0.306725	0.235862	0.298892	0.302574	0.249556	0.241676	0.313201	0.291807	0.313674	0.312938	0.311145	0.308260	0.309002	0.304351	0.295387	0.314363	0.305223	0.297244	0.299302	0.314650	0.310961	0.307778	0.309188	0.312376	0.313003	0.274334	0.311064	0.305053	0.312654	0.304164	0.304230	0.300929	0.296437	0.305754	0.311657	0.314512	0.307131	0.310900	0.309003	0.310252	0.308576	0.302487	0.304545	0.303150	0.293619	0.311019	0.310808	0.311279	0.316948	0.306718	0.309530	0.290028	0.309279	0.292871	0.303011	0.292815	0.314444	0.306232	0.320595	0.313099	0.308969	0.307179	0.313793	0.310434	0.309500	0.311645	0.302567	0.312319	0.305841	0.310759	0.314179	0.312147	0.310789	0.303051	0.309731	0.311242	0.311061	0.305718	0.306761	
0.243261	0.297866	0.242674	0.298727	0.305806	0.250742	0.239914	0.000000	0.243813	0.243791	0.260641	0.238721	0.297024	0.244300	0.247896	0.239982	0.296186	0.246097	0.247807	0.289362	0.296802	0.302693	0.303790	0.312038	0.242716	0.296772	0.301832	0.305336	0.301321	0.300065	0.247349	0.300050	0.245466	0.305394	0.239823	0.298315	0.302376	0.245165	0.244076	0.310508	0.301223	0.310305	0.311435	0.311440	0.304992	0.308184	0.304643	0.300342	0.310294	0.301956	0.297765	0.304412	0.312500	0.308652	0.309453	0.308838	0.309546	0.306081	0.280792	0.308593	0.305113	0.311779	0.304543	0.308342	0.303148	0.303556	0.301221	0.316138	0.318627	0.308259	0.306491	0.308315	0.308054	0.306700	0.309396	0.307639	0.302424	0.295605	0.309785	0.314056	0.308531	0.310247	0.303179	0.304997	0.290200	0.312648	0.297571	0.304034	0.300060	0.309833	0.304875	0.313747	0.309249	0.310599	0.302677	0.311371	0.306311	0.313221	0.309007	0.299361	0.310029	0.299204	0.307112	0.309949	0.307348	0.303364	0.314623	0.309598	0.309722	0.304772	0.299681	0.305472	
0.245364	0.294542	0.242632	0.292402	0.301045	0.250645	0.245806	0.243813	0.000000	0.248006	0.252936	0.237171	0.299521	0.245411	0.241564	0.241857	0.292877	0.246061	0.242840	0.289001	0.303225	0.308875	0.305888	0.306070	0.243883	0.291925	0.304832	0.303323	0.295338	0.292216	0.243167	0.302452	0.242040	0.304323	0.235666	0.293440	0.298526	0.246690	0.241518	0.310675	0.295409	0.306391	0.308921	0.307031	0.305357	0.304498	0.299653	0.289611	0.309659	0.302760	0.297876	0.300335	0.313887	0.307471	0.310924	0.307045	0.310542	0.306228	0.276148	0.304289	0.307662	0.311643	0.303579	0.303441	0.303093	0.285836	0.300639	0.313711	0.315907	0.305387	0.307908	0.306624	0.309762	0.309390	0.308419	0.304501	0.303018	0.294843	0.307379	0.308537	0.311715	0.309912	0.301423	0.300872	0.276556	0.302508	0.291956	0.300671	0.293449	0.307079	0.305564	0.315913	0.306906	0.307600	0.305279	0.306930	0.311227	0.308517	0.306454	0.301528	0.305220	0.290117	0.308867	0.304336	0.303107	0.302913	0.320106	0.312209	0.311156	0.306597	0.299846	0.303528	
0.244499	0.293452	0.242998	0.293040	0.299266	0.252495	0.246447	0.243791	0.248006	0.000000	0.260832	0.241820	0.296782	0.246636	0.243300	0.239114	0.297003	0.247287	0.246347	0.299467	0.300007	0.301012	0.304634	0.304205	0.241608	0.296011	0.308347	0.304827	0.298382	0.296697	0.247480	0.306138	0.246783	0.306220	0.240356	0.296866	0.303615	0.243470	0.244411	0.311436	0.291166	0.311909	0.305854	0.307337	0.307592	0.302684	0.301143	0.289983	0.308799	0.300636	0.301311	0.300184	0.312676	0.307792	0.311153	0.313545	0.306603	0.312405	0.274256	0.306738	0.313024	0.308159	0.301512	0.306317	0.303991	0.292620	0.296801	0.314697	0.320602	0.305941	0.308005	0.311816	0.315679	0.311597	0.309185	0.303022	0.308329	0.293522	0.313929	0.313216	0.308507	0.309416	0.303913	0.302957	0.299715	0.309358	0.295082	0.299039	0.296103	0.312734	0.306971	0.318201	0.313119	0.310924	0.306868	0.306681	0.307472	0.306122	0.308987	0.302891	0.302326	0.301064	0.309321	0.305932	0.309401	0.305983	0.312492	0.320808	0.317792	0.304821	0.301237	0.312337	
0.257406	0.285988	0.254123	0.286374	0.291152	0.266965	0.256041	0.260641	0.252936	0.260832	0.000000	0.252370	0.286643	0.260995	0.250677	0.252478	0.269905	0.257046	0.252635	0.277944	0.291553	0.293431	0.300350	0.277266	0.254862	0.278670	0.290812	0.289707	0.284455	0.287733	0.253090	0.294068	0.256350	0.292261	0.256673	0.283295	0.298208	0.266928	0.250854	0.305368	0.288536	0.298085	0.297632	0.293775	0.299316	0.288683	0.292952	0.286004	0.282123	0.292369	0.291203	0.297174	0.299947	0.295183	0.295675	0.298033	0.298989	0.297090	0.281488	0.296535	0.290581	0.297030	0.293602	0.301011	0.271229	0.288743	0.286845	0.306096	0.307426	0.300763	0.301812	0.297517	0.292080	0.296179	0.302135	0.295844	0.298451	0.287144	0.296322	0.294972	0.300138	0.298373	0.277555	0.290983	0.294076	0.286382	0.296292	0.283811	0.286661	0.294554	0.294869	0.305033	0.297110	0.294132	0.290117	0.295705	0.296946	0.302369	0.301722	0.291970	0.284445	0.273250	0.299726	0.278293	0.295553	0.289907	0.304513	0.303857	0.300170	0.298700	0.295831	0.297840	
0.240443	0.296940	0.237571	0.294389	0.300382	0.248792	0.240739	0.238721	0.237171	0.241820	0.252370	0.000000	0.291781	0.242115	0.239012	0.242442	0.293077	0.241963	0.239743	0.289523	0.303272	0.301118	0.300562	0.302773	0.240554	0.289696	0.303460	0.306491	0.297592	0.293367	0.241177	0.299668	0.236561	0.299022	0.237886	0.293942	0.306747	0.247166	0.238179	0.308338	0.300311	0.310780	0.305071	0.307256	0.303047	0.300150	0.294364	0.300646	0.302769	0.296842	0.300841	0.303053	0.308890	0.305208	0.307336	0.304515	0.305943	0.308097	0.271911	0.307542	0.305007	0.310805	0.300382	0.307361	0.295075	0.287719	0.301564	0.320111	0.317009	0.308565	0.304852	0.307507	0.308328	0.303370	0.309471	0.305019	0.307153	0.297936	0.307077	0.308082	0.307462	0.310138	0.300127	0.300484	0.284336	0.304447	0.299878	0.302253	0.295921	0.308415	0.305771	0.310870	0.313587	0.307642	0.306483	0.307898	0.310512	0.308008	0.307540	0.298552	0.300532	0.288136	0.303246	0.301369	0.296327	0.302789	0.316218	0.306794	0.305822	0.303390	0.299087	0.309484	
0.291801	0.226136	0.294019	0.229125	0.245090	0.294139	0.292556	0.297024	0.299521	0.296782	0.286643	0.291781	0.000000	0.291159	0.293694	0.294799	0.226901	0.288313	0.292537	0.228939	0.247179	0.244527	0.245792	0.258425	0.301320	0.227207	0.245509	0.245336	0.234025	0.231096	0.298248	0.244997	0.289960	0.244401	0.291169	0.229299	0.246447	0.300544	0.296673	0.251372	0.287773	0.255068	0.252957	0.253307	0.246351	0.251641	0.241548	0.292992	0.249885	0.247393	0.288233	0.296469	0.255995	0.251229	0.248761	0.250090	0.255930	0.252090	0.293792	0.257609	0.244704	0.248778	0.244442	0.249825	0.251849	0.257230	0.244721	0.255401	0.257272	0.252194	0.251987	0.245502	0.252850	0.251717	0.241957	0.271192	0.244560	0.292242	0.252625	0.251057	0.249910	0.249340	0.250597	0.245717	0.261440	0.255708	0.290349	0.251689	0.290946	0.249205	0.249454	0.255510	0.248097	0.248625	0.251675	0.248130	0.251435	0.254259	0.249057	0.250605	0.256755	0.261991	0.253880	0.257538	0.247867	0.250039	0.258433	0.256448	0.252535	0.254601	0.244688	0.253596	
0.241803	0.292233	0.236620	0.295965	0.297798	0.247554	0.238510	0.244300	0.245411	0.246636	0.260995	0.242115	0.291159	0.000000	0.245047	0.246204	0.290339	0.244443	0.240198	0.287374	0.294530	0.300695	0.303593	0.301783	0.248642	0.296284	0.301460	0.301120	0.297065	0.295706	0.249399	0.303508	0.246739	0.306868	0.246819	0.294533	0.299870	0.250074	0.249002	0.310780	0.295189	0.309651	0.306728	0.305218	0.302356	0.299279	0.301003	0.298210	0.304340	0.299097	0.300103	0.301535	0.311428	0.304038	0.305610	0.305205	0.309608	0.309795	0.276638	0.309638	0.303849	0.309442	0.305531	0.307155	0.294811	0.292055	0.299527	0.309243	0.313065	0.305521	0.304835	0.306452	0.309425	0.303166	0.308648	0.302225	0.302280	0.293275	0.307429	0.309804	0.307620	0.310056	0.299814	0.300457	0.286893	0.305463	0.299010	0.308565	0.295187	0.306860	0.308183	0.308855	0.312371	0.303872	0.304179	0.305102	0.306761	0.310131	0.305336	0.298487	0.301135	0.295318	0.310434	0.304859	0.299320	0.301369	0.313590	0.307521	0.313312	0.307874	0.299252	0.303292	
0.249425	0.295058	0.248630	0.298613	0.294488	0.247962	0.243532	0.247896	0.241564	0.243300	0.250677	0.239012	0.293694	0.245047	0.000000	0.233310	0.296333	0.246038	0.247653	0.287508	0.300873	0.306391	0.308168	0.303356	0.244847	0.293741	0.307342	0.301717	0.290896	0.296951	0.243165	0.304801	0.245862	0.306603	0.246614	0.304059	0.302330	0.251799	0.241169	0.310269	0.291240	0.305310	0.308532	0.308277	0.306682	0.296443	0.304133	0.289231	0.306273	0.303508	0.300937	0.300561	0.309327	0.306737	0.311149	0.310386	0.307271	0.308920	0.279371	0.307906	0.298087	0.306606	0.305437	0.307660	0.303260	0.295710	0.300080	0.308490	0.313545	0.306723	0.303653	0.313138	0.310737	0.306347	0.301230	0.303757	0.294150	0.293635	0.301877	0.311968	0.307600	0.308634	0.299155	0.296435	0.292144	0.309803	0.298355	0.302114	0.295722	0.308834	0.304189	0.311803	0.302512	0.305958	0.299463	0.304768	0.305328	0.307914	0.314962	0.300117	0.304051	0.301173	0.311979	0.304677	0.302022	0.301302	0.312510	0.305913	0.311714	0.306356	0.300368	0.309236	
0.242939	0.288180	0.239524	0.290591	0.300260	0.249064	0.240995	0.239982	0.241857	0.239114	0.252478	0.242442	0.294799	0.246204	0.233310	0.000000	0.290160	0.241785	0.239545	0.286411	0.297305	0.302615	0.308933	0.304765	0.240985	0.292850	0.299914	0.300202	0.299175	0.291524	0.236298	0.299145	0.242980	0.303079	0.240900	0.297433	0.297384	0.246618	0.238482	0.308714	0.292904	0.304144	0.306082	0.307106	0.305270	0.302490	0.296675	0.296836	0.301611	0.302036	0.299717	0.298941	0.313324	0.305452	0.307070	0.302009	0.310724	0.304313	0.273743	0.309353	0.301032	0.311661	0.302056	0.304518	0.300850	0.279116	0.300022	0.313777	0.316741	0.301777	0.306545	0.306945	0.308775	0.306167	0.309101	0.301062	0.299069	0.291731	0.305813	0.305133	0.308052	0.312351	0.301121	0.305763	0.284413	0.301655	0.297695	0.300377	0.296938	0.306996	0.308115	0.313503	0.314167	0.305212	0.301228	0.304279	0.307041	0.308602	0.308143	0.302591	0.299620	0.287918	0.307122	0.305113	0.300781	0.306629	0.305491	0.307012	0.309528	0.305446	0.299362	0.300674	
0.295693	0.229522	0.294012	0.225410	0.249417	0.301065	0.291930	0.296186	0.292877	0.297003	0.269905	0.293077	0.226901	0.290339	0.296333	0.290160	0.000000	0.283960	0.289504	0.226889	0.242694	0.251163	0.248059	0.252021	0.299158	0.234595	0.247856	0.244662	0.231958	0.227820	0.295070	0.244194	0.291256	0.252342	0.289715	0.226208	0.242461	0.304852	0.294606	0.253156	0.282033	0.252695	0.253803	0.251010	0.251374	0.251930	0.251240	0.292553	0.253344	0.248280	0.285595	0.290829	0.257914	0.254606	0.251493	0.248672	0.252721	0.252757	0.301712	0.253749	0.251375	0.249889	0.248830	0.255034	0.244954	0.264220	0.244235	0.263456	0.255411	0.253552	0.245383	0.252061	0.255377	0.250018	0.250353	0.269188	0.243700	0.287687	0.251727	0.250072	0.249875	0.256617	0.256065	0.257328	0.268215	0.253092	0.291794	0.255872	0.286635	0.253654	0.253247	0.249362	0.249563	0.244636	0.248039	0.255318	0.255113	0.248219	0.249517	0.249087	0.256726	0.257164	0.251477	0.258795	0.250671	0.250370	0.256985	0.250127	0.252990	0.253826	0.246170	0.250724	
0.247492	0.287715	0.243470	0.291075	0.300039	0.250196	0.242839	0.246097	0.246061	0.247287	0.257046	0.241963	0.288313	0.244443	0.246038	0.241785	0.283960	0.000000	0.243107	0.281984	0.297629	0.305849	0.306270	0.305298	0.253672	0.290533	0.301764	0.299018	0.299562	0.288246	0.246880	0.299589	0.249666	0.299200	0.245436	0.292546	0.293110	0.249422	0.246910	0.307595	0.292271	0.305110	0.302350	0.304666	0.302069	0.297900	0.297727	0.294730	0.310793	0.303345	0.293462	0.299944	0.309473	0.304691	0.301734	0.303895	0.307264	0.306580	0.276244	0.307381	0.299292	0.306288	0.298685	0.300159	0.302134	0.286118	0.298588	0.311067	0.311966	0.305141	0.300826	0.306700	0.303839	0.303123	0.305032	0.302638	0.304324	0.287801	0.305662	0.305247	0.306861	0.307848	0.300154	0.308566	0.287600	0.305612	0.295142	0.304521	0.292917	0.308637	0.302081	0.306342	0.301376	0.304654	0.303459	0.306432	0.303343	0.304316	0.308054	0.299323	0.303444	0.296087	0.304429	0.307158	0.301046	0.299719	0.308849	0.306869	0.306006	0.305044	0.297812	0.308049	
0.244512	0.291312	0.238485	0.290715	0.299452	0.242683	0.244114	0.247807	0.242840	0.246347	0.252635	0.239743	0.292537	0.240198	0.247653	0.239545	0.289504	0.243107	0.000000	0.283452	0.297381	0.300461	0.302959	0.305289	0.240410	0.294995	0.307460	0.304434	0.295141	0.297777	0.246270	0.300043	0.240917	0.298572	0.242659	0.294700	0.301968	0.245761	0.247561	0.309458	0.292531	0.304173	0.305572	0.307816	0.303326	0.302345	0.301760	0.297409	0.304960	0.304670	0.290828	0.296805	0.311473	0.305058	0.305270	0.307407	0.309560	0.305724	0.274723	0.306751	0.304684	0.309920	0.303877	0.305751	0.297031	0.290267	0.294662	0.315350	0.308064	0.300392	0.304222	0.307144	0.310579	0.310221	0.306824	0.303803	0.298968	0.290641	0.311562	0.308912	0.306139	0.304201	0.302981	0.306771	0.290067	0.302432	0.295219	0.303629	0.290455	0.307212	0.303927	0.312211	0.304693	0.310144	0.302255	0.305169	0.307018	0.307757	0.307504	0.298042	0.301347	0.295676	0.306330	0.306074	0.300704	0.302562	0.312556	0.305299	0.306021	0.306479	0.295220	0.303604	
0.292861	0.230153	0.283089	0.226734	0.243077	0.296646	0.294058	0.289362	0.289001	0.299467	0.277944	0.289523	0.228939	0.287374	0.287508	0.286411	0.226889	0.281984	0.283452	0.000000	0.242287	0.253278	0.247145	0.254028	0.294997	0.228614	0.252719	0.252869	0.233103	0.229203	0.292975	0.250913	0.289667	0.254378	0.291116	0.227648	0.251952	0.297101	0.290820	0.258103	0.283374	0.255495	0.254934	0.252613	0.253242	0.254202	0.248838	0.291070	0.251636	0.252556	0.289374	0.292331	0.260052	0.257999	0.256555	0.257347	0.252951	0.254849	0.296659	0.249209	0.246519	0.257591	0.251596	0.255622	0.249102	0.253435	0.250042	0.260498	0.256977	0.251878	0.255235	0.249840	0.258543	0.257892	0.251538	0.270189	0.253033	0.284909	0.256168	0.254709	0.250792	0.251725	0.249589	0.254085	0.272089	0.251621	0.286203	0.255390	0.287614	0.251253	0.250269	0.256268	0.248494	0.245903	0.244799	0.257328	0.253152	0.255073	0.257613	0.248826	0.255984	0.258065	0.251584	0.249650	0.251118	0.251335	0.251636	0.260992	0.258092	0.256426	0.249261	0.250480	
0.297174	0.248230	0.298073	0.245455	0.233110	0.299011	0.304599	0.296802	0.303225	0.300007	0.291553	0.303272	0.247179	0.294530	0.300873	0.297305	0.242694	0.297629	0.297381	0.242287	0.000000	0.228509	0.230986	0.235827	0.299075	0.247485	0.233077	0.229990	0.245575	0.245493	0.301610	0.229898	0.296623	0.230101	0.293697	0.245789	0.232088	0.304852	0.299669	0.240147	0.285281	0.234540	0.237206	0.233424	0.234818	0.236613	0.236211	0.294800	0.234898	0.238364	0.288403	0.293231	0.233521	0.243623	0.236730	0.232025	0.235002	0.237177	0.307277	0.238226	0.234163	0.235921	0.233557	0.236682	0.239860	0.256354	0.230702	0.242820	0.241861	0.235640	0.236973	0.240901	0.239030	0.234196	0.239696	0.259114	0.232800	0.285993	0.239174	0.239736	0.239222	0.234051	0.236270	0.237235	0.262682	0.231914	0.291438	0.237892	0.287054	0.241911	0.236590	0.238517	0.234559	0.233805	0.234362	0.242067	0.240144	0.243513	0.235775	0.229105	0.241553	0.248508	0.235858	0.239473	0.234620	0.236231	0.237467	0.237634	0.236732	0.238223	0.233872	0.244851	
0.301513	0.256456	0.305191	0.249576	0.234475	0.303528	0.307540	0.302693	0.308875	0.301012	0.293431	0.301118	0.244527	0.300695	0.306391	0.302615	0.251163	0.305849	0.300461	0.253278	0.228509	0.000000	0.236474	0.241755	0.304542	0.253110	0.230340	0.238092	0.244649	0.251065	0.306369	0.239055	0.303972	0.233938	0.301106	0.250713	0.234116	0.310190	0.309385	0.243271	0.292380	0.243212	0.238450	0.242507	0.242179	0.237571	0.233062	0.289980	0.232686	0.232448	0.296691	0.296440	0.245453	0.242257	0.241838	0.242439	0.239012	0.240633	0.304427	0.241808	0.239857	0.237767	0.237516	0.236286	0.237353	0.248826	0.232814	0.245780	0.248222	0.242920	0.237921	0.242645	0.243549	0.245884	0.244344	0.265049	0.232125	0.295915	0.245216	0.240871	0.244214	0.246723	0.230521	0.237988	0.262909	0.237763	0.294012	0.238854	0.293229	0.232568	0.238619	0.243762	0.238929	0.238122	0.238021	0.247342	0.244160	0.244959	0.240567	0.238583	0.240098	0.249852	0.244821	0.237228	0.235184	0.239195	0.244425	0.239678	0.245817	0.239243	0.238699	0.248277	
0.300371	0.247947	0.303407	0.247500	0.232195	0.305867	0.305042	0.303790	0.305888	0.304634	0.300350	0.300562	0.245792	0.303593	0.308168	0.308933	0.248059	0.306270	0.302959	0.247145	0.230986	0.236474	0.000000	0.239926	0.305088	0.252684	0.236823	0.240167	0.246579	0.245731	0.303322	0.237581	0.300501	0.235929	0.298853	0.248487	0.237100	0.310878	0.302625	0.237726	0.295642	0.240439	0.243033	0.238393	0.239572	0.238608	0.234765	0.297353	0.240407	0.237584	0.300180	0.295630	0.245469	0.248740	0.244991	0.241632	0.241147	0.238661	0.307282	0.245594	0.240802	0.246716	0.237137	0.235778	0.247309	0.257460	0.234274	0.246507	0.248096	0.240012	0.241633	0.241893	0.244606	0.246641	0.239396	0.266262	0.233873	0.296581	0.239702	0.240147	0.241420	0.241862	0.236610	0.241355	0.274408	0.243854	0.293270	0.246132	0.293086	0.241855	0.238181	0.247123	0.233853	0.243115	0.237988	0.243300	0.247118	0.246684	0.241673	0.232086	0.252121	0.250154	0.242893	0.237945	0.234437	0.241771	0.242607	0.241081	0.241165	0.236903	0.235710	0.243752	
0.310426	0.256296	0.307255	0.254220	0.233088	0.310086	0.311036	0.312038	0.306070	0.304205	0.277266	0.302773	0.258425	0.301783	0.303356	0.304765	0.252021	0.305298	0.305289	0.254028	0.235827	0.241755	0.239926	0.000000	0.303422	0.239909	0.234740	0.235492	0.248703	0.254361	0.304201	0.234392	0.300794	0.241092	0.302605	0.256132	0.243890	0.311975	0.308664	0.247404	0.291360	0.250922	0.242092	0.241544	0.234842	0.226356	0.239857	0.283471	0.212939	0.234792	0.296284	0.301845	0.248648	0.249591	0.245023	0.245842	0.238742	0.243731	0.296964	0.248083	0.242384	0.246530	0.239683	0.241469	0.227825	0.244944	0.235756	0.253297	0.250779	0.243807	0.249505	0.240955	0.252474	0.244427	0.251391	0.271926	0.250926	0.301270	0.243540	0.252178	0.242611	0.245754	0.214449	0.226158	0.248026	0.212795	0.300685	0.221329	0.294753	0.246003	0.243669	0.250065	0.248269	0.242213	0.243695	0.251867	0.246967	0.250840	0.242804	0.236130	0.221348	0.234065	0.246739	0.213448	0.253841	0.246994	0.253180	0.243654	0.245761	0.244179	0.241434	0.246967	
0.249566	0.300029	0.240743	0.296141	0.300220	0.250162	0.236098	0.242716	0.243883	0.241608	0.254862	0.240554	0.301320	0.248642	0.244847	0.240985	0.299158	0.253672	0.240410	0.294997	0.299075	0.304542	0.305088	0.303422	0.000000	0.294816	0.303672	0.301247	0.296453	0.299051	0.239653	0.299225	0.247124	0.301630	0.238061	0.298417	0.301506	0.250881	0.238877	0.307291	0.295312	0.312734	0.306657	0.304764	0.301718	0.300915	0.303037	0.298394	0.306878	0.303732	0.297428	0.302375	0.309315	0.310878	0.309405	0.306159	0.307731	0.307354	0.278141	0.308214	0.302742	0.309121	0.303197	0.306856	0.301474	0.293319	0.299848	0.317259	0.314807	0.306399	0.303519	0.314180	0.309582	0.306777	0.308696	0.303248	0.301277	0.299632	0.310030	0.308525	0.309813	0.313501	0.303292	0.305843	0.283587	0.309043	0.297154	0.302533	0.296872	0.309512	0.303867	0.318196	0.313581	0.306942	0.305455	0.308903	0.311522	0.314430	0.309304	0.302660	0.300878	0.293486	0.313881	0.307054	0.306683	0.306073	0.312564	0.311189	0.312378	0.308607	0.301643	0.306941	
0.298480	0.226826	0.290058	0.228673	0.243623	0.299287	0.297779	0.296772	0.291925	0.296011	0.278670	0.289696	0.227207	0.296284	0.293741	0.292850	0.234595	0.290533	0.294995	0.228614	0.247485	0.253110	0.252684	0.239909	0.294816	0.000000	0.253618	0.247252	0.220902	0.227212	0.298730	0.249689	0.294071	0.254680	0.293365	0.228303	0.254747	0.302169	0.301031	0.256390	0.286527	0.257055	0.254541	0.253454	0.251596	0.235535	0.240480	0.273025	0.235653	0.247089	0.290887	0.290655	0.266577	0.258661	0.252769	0.252432	0.254543	0.253664	0.300675	0.259181	0.253368	0.256096	0.249306	0.258647	0.242825	0.257831	0.247450	0.269654	0.264128	0.257023	0.246544	0.252147	0.257021	0.253742	0.259994	0.269070	0.251638	0.290499	0.256624	0.255406	0.252982	0.259469	0.233879	0.235397	0.245637	0.239725	0.290780	0.231005	0.288093	0.250804	0.256130	0.257227	0.267937	0.255041	0.251765	0.255827	0.257819	0.262698	0.254686	0.250019	0.243109	0.240838	0.252072	0.237449	0.255669	0.252971	0.265315	0.252492	0.255911	0.257622	0.247552	0.256675	
0.303662	0.249913	0.300615	0.245471	0.235687	0.307164	0.308306	0.301832	0.304832	0.308347	0.290812	0.303460	0.245509	0.301460	0.307342	0.299914	0.247856	0.301764	0.307460	0.252719	0.233077	0.230340	0.236823	0.234740	0.303672	0.253618	0.000000	0.235064	0.250795	0.251349	0.303794	0.234775	0.301962	0.238824	0.299881	0.250955	0.233419	0.312290	0.305776	0.241338	0.288116	0.244799	0.245240	0.239828	0.236727	0.241618	0.237379	0.286978	0.234430	0.232064	0.293316	0.294130	0.242012	0.241611	0.239322	0.243102	0.242646	0.243283	0.305493	0.247214	0.239426	0.241422	0.241062	0.240427	0.239564	0.257315	0.233606	0.248075	0.245003	0.240081	0.236413	0.239614	0.247697	0.243770	0.241284	0.267564	0.233775	0.293702	0.245677	0.238925	0.237794	0.242207	0.230082	0.233365	0.258468	0.229698	0.292686	0.233188	0.285498	0.241875	0.241576	0.246782	0.239659	0.241352	0.239172	0.244152	0.243556	0.246613	0.240739	0.238636	0.244952	0.247049	0.237769	0.238552	0.235409	0.232965	0.245603	0.237946	0.243522	0.241134	0.241002	0.249218	
0.305125	0.251057	0.303298	0.248503	0.235486	0.305229	0.307108	0.305336	0.303323	0.304827	0.289707	0.306491	0.245336	0.301120	0.301717	0.300202	0.244662	0.299018	0.304434	0.252869	0.229990	0.238092	0.240167	0.235492	0.301247	0.247252	0.235064	0.000000	0.246555	0.249825	0.305903	0.233668	0.302032	0.239433	0.302479	0.250807	0.237441	0.312247	0.304178	0.241318	0.288703	0.243985	0.242465	0.237717	0.241116	0.233757	0.233438	0.290929	0.232007	0.236901	0.293314	0.292236	0.242159	0.246199	0.237145	0.247158	0.236280	0.239696	0.308832	0.244738	0.240379	0.243594	0.233672	0.241075	0.235579	0.268901	0.234936	0.248814	0.245211	0.238501	0.238223	0.239947	0.243354	0.242322	0.241588	0.263216	0.232134	0.290011	0.245256	0.239443	0.239143	0.241983	0.229502	0.232065	0.269563	0.237158	0.291952	0.241295	0.289245	0.239419	0.240602	0.239908	0.250288	0.241415	0.242475	0.242137	0.245420	0.237962	0.243531	0.232279	0.247750	0.255090	0.236225	0.240377	0.241872	0.242253	0.240637	0.237718	0.244190	0.239148	0.237327	0.240858	
0.304255	0.233065	0.294760	0.226921	0.244689	0.301693	0.298469	0.301321	0.295338	0.298382	0.284455	0.297592	0.234025	0.297065	0.290896	0.299175	0.231958	0.299562	0.295141	0.233103	0.245575	0.244649	0.246579	0.248703	0.296453	0.220902	0.250795	0.246555	0.000000	0.231742	0.298998	0.245589	0.294534	0.246545	0.288602	0.228924	0.249709	0.305657	0.300073	0.255520	0.294565	0.258830	0.254666	0.250135	0.251874	0.238921	0.248438	0.285577	0.244152	0.247582	0.296171	0.293751	0.262986	0.254687	0.257112	0.251401	0.255446	0.254866	0.302326	0.258824	0.250690	0.254106	0.256058	0.256464	0.249047	0.256193	0.247796	0.265156	0.263140	0.255469	0.254936	0.252073	0.256319	0.254464	0.259879	0.279289	0.254385	0.292426	0.256949	0.254972	0.252064	0.256250	0.236011	0.242586	0.273155	0.246879	0.293698	0.244122	0.291585	0.251175	0.248888	0.252732	0.253269	0.250935	0.246594	0.260495	0.256263	0.256802	0.253558	0.249964	0.248336	0.251465	0.257506	0.250832	0.253028	0.252305	0.260523	0.250409	0.260238	0.260294	0.249375	0.255383	
0.295198	0.232894	0.293473	0.229809	0.245619	0.300735	0.298851	0.300065	0.292216	0.296697	0.287733	0.293367	0.231096	0.295706	0.296951	0.291524	0.227820	0.288246	0.297777	0.229203	0.245493	0.251065	0.245731	0.254361	0.299051	0.227212	0.251349	0.249825	0.231742	0.000000	0.293148	0.252051	0.291396	0.254306	0.291452	0.227138	0.250124	0.307306	0.299156	0.254530	0.289111	0.252127	0.251868	0.251399	0.255441	0.245195	0.250386	0.290763	0.254292	0.250211	0.292813	0.293696	0.257303	0.255636	0.255401	0.252635	0.257319	0.257904	0.297694	0.255781	0.254158	0.253236	0.245072	0.256962	0.252927	0.266114	0.249269	0.264313	0.260327	0.249016	0.249982	0.257245	0.252967	0.254579	0.260316	0.271413	0.243262	0.290164	0.253012	0.253954	0.251469	0.253952	0.245994	0.251455	0.258957	0.250746	0.291043	0.249424	0.293314	0.255802	0.255335	0.253276	0.255285	0.247124	0.255392	0.254779	0.253966	0.259856	0.253231	0.245368	0.254147	0.257046	0.251676	0.252903	0.251066	0.245875	0.268440	0.250315	0.255109	0.257201	0.252882	0.252795	
0.248782	0.298251	0.245763	0.296267	0.301498	0.254003	0.236996	0.247349	0.243167	0.247480	0.253090	0.241177	0.298248	0.249399	0.243165	0.236298	0.295070	0.246880	0.246270	0.292975	0.301610	0.306369	0.303322	0.304201	0.239653	0.298730	0.303794	0.305903	0.298998	0.293148	0.000000	0.307099	0.244774	0.306174	0.238878	0.295803	0.306334	0.242927	0.242747	0.312313	0.296620	0.312969	0.311207	0.309570	0.307118	0.300437	0.302208	0.292095	0.306134	0.304224	0.300522	0.299705	0.317794	0.306587	0.309719	0.310147	0.311800	0.311605	0.274913	0.313761	0.308798	0.315163	0.306532	0.308688	0.298056	0.288158	0.301554	0.314225	0.318300	0.310902	0.309284	0.309028	0.312242	0.310538	0.314579	0.307519	0.306895	0.297934	0.312194	0.312391	0.311170	0.321732	0.299933	0.301282	0.287903	0.309015	0.296294	0.302431	0.294399	0.308323	0.311004	0.317084	0.311280	0.311406	0.312190	0.308369	0.310337	0.314119	0.309741	0.303840	0.309929	0.289753	0.307643	0.304015	0.305552	0.305047	0.311367	0.314886	0.306832	0.307915	0.305402	0.305459	
0.304833	0.249028	0.304197	0.245701	0.230490	0.304923	0.306441	0.300050	0.302452	0.306138	0.294068	0.299668	0.244997	0.303508	0.304801	0.299145	0.244194	0.299589	0.300043	0.250913	0.229898	0.239055	0.237581	0.234392	0.299225	0.249689	0.234775	0.233668	0.245589	0.252051	0.307099	0.000000	0.298086	0.235993	0.296510	0.248030	0.232723	0.310302	0.302480	0.240625	0.287248	0.240237	0.239227	0.234376	0.238379	0.232767	0.229289	0.293795	0.227696	0.231566	0.291739	0.293442	0.239878	0.245211	0.237040	0.237398	0.236768	0.233966	0.305381	0.236360	0.235109	0.238158	0.240476	0.234180	0.235374	0.246572	0.230114	0.243148	0.240821	0.236439	0.237298	0.243948	0.236619	0.237233	0.236985	0.263703	0.236037	0.293946	0.238186	0.237666	0.235024	0.236658	0.234517	0.236369	0.257703	0.235920	0.291035	0.239127	0.284940	0.243339	0.234610	0.238371	0.238733	0.232112	0.234449	0.240496	0.238408	0.240232	0.236289	0.240597	0.237750	0.240944	0.236585	0.244112	0.236996	0.236121	0.248474	0.237106	0.241076	0.241959	0.229089	0.244467	
0.244358	0.287954	0.237384	0.289105	0.296957	0.250144	0.242607	0.245466	0.242040	0.246783	0.256350	0.236561	0.289960	0.246739	0.245862	0.242980	0.291256	0.249666	0.240917	0.289667	0.296623	0.303972	0.300501	0.300794	0.247124	0.294071	0.301962	0.302032	0.294534	0.291396	0.244774	0.298086	0.000000	0.299891	0.241588	0.291559	0.301318	0.250790	0.253766	0.307005	0.290598	0.306957	0.306993	0.307716	0.303901	0.299210	0.304472	0.290302	0.306269	0.298454	0.294019	0.294941	0.309776	0.303828	0.304835	0.308486	0.302786	0.305936	0.275440	0.307714	0.304521	0.305781	0.300752	0.305380	0.292558	0.289190	0.297645	0.308917	0.313062	0.305050	0.304976	0.307285	0.306622	0.304307	0.302153	0.297516	0.303111	0.289819	0.305074	0.305435	0.301953	0.305344	0.298567	0.301831	0.279026	0.304683	0.289164	0.302239	0.285364	0.305601	0.306647	0.312963	0.302089	0.302772	0.304230	0.304205	0.305431	0.307316	0.305099	0.299795	0.292540	0.294996	0.301367	0.303650	0.301027	0.299578	0.313138	0.306963	0.308062	0.310766	0.294806	0.304656	
0.303002	0.251585	0.300347	0.251459	0.237675	0.303860	0.306725	0.305394	0.304323	0.306220	0.292261	0.299022	0.244401	0.306868	0.306603	0.303079	0.252342	0.299200	0.298572	0.254378	0.230101	0.233938	0.235929	0.241092	0.301630	0.254680	0.238824	0.239433	0.246545	0.254306	0.306174	0.235993	0.299891	0.000000	0.301359	0.251345	0.237024	0.309765	0.300385	0.240076	0.291765	0.242899	0.241337	0.238070	0.237536	0.240121	0.236844	0.300057	0.239115	0.236150	0.292148	0.298042	0.241315	0.247749	0.241694	0.246239	0.241632	0.242210	0.306725	0.245708	0.243752	0.237928	0.241027	0.234781	0.246579	0.262930	0.229260	0.251481	0.245049	0.245085	0.242751	0.241557	0.241474	0.242048	0.238960	0.270725	0.235500	0.296261	0.243541	0.237568	0.239526	0.243845	0.234328	0.241149	0.267263	0.238501	0.296110	0.237103	0.291110	0.242085	0.244892	0.248768	0.236812	0.240444	0.239570	0.246325	0.241846	0.244344	0.242103	0.233993	0.248722	0.255005	0.238859	0.240834	0.247303	0.236550	0.245711	0.236993	0.244881	0.243118	0.242045	0.242615	
0.245414	0.286549	0.238212	0.288088	0.299900	0.251067	0.235862	0.239823	0.235666	0.240356	0.256673	0.237886	0.291169	0.246819	0.246614	0.240900	0.289715	0.245436	0.242659	0.291116	0.293697	0.301106	0.298853	0.302605	0.238061	0.293365	0.299881	0.302479	0.288602	0.291452	0.238878	0.296510	0.241588	0.301359	0.000000	0.292629	0.301156	0.246557	0.237486	0.304579	0.292748	0.306172	0.305685	0.300161	0.301898	0.297115	0.297679	0.291036	0.303945	0.300257	0.294623	0.297916	0.310494	0.304570	0.302575	0.305059	0.307459	0.305925	0.274033	0.307218	0.300697	0.308095	0.302525	0.302803	0.301357	0.302401	0.297717	0.312103	0.309820	0.304196	0.304225	0.305196	0.307003	0.302869	0.304073	0.307592	0.301664	0.292830	0.306560	0.305664	0.305366	0.303877	0.295308	0.296749	0.297263	0.307971	0.294888	0.301487	0.293552	0.308041	0.310035	0.308098	0.305941	0.302459	0.301146	0.301829	0.304947	0.307393	0.300975	0.299476	0.305933	0.294427	0.304304	0.304213	0.308487	0.304839	0.309940	0.305368	0.304142	0.300418	0.295856	0.301590	
0.301289	0.228181	0.294945	0.227202	0.240358	0.299706	0.298892	0.298315	0.293440	0.296866	0.283295	0.293942	0.229299	0.294533	0.304059	0.297433	0.226208	0.292546	0.294700	0.227648	0.245789	0.250713	0.248487	0.256132	0.298417	0.228303	0.250955	0.250807	0.228924	0.227138	0.295803	0.248030	0.291559	0.251345	0.292629	0.000000	0.249501	0.305645	0.300380	0.255156	0.289916	0.248736	0.253624	0.251462	0.253492	0.251041	0.247673	0.290795	0.249260	0.249718	0.295056	0.295569	0.260308	0.254524	0.260795	0.249348	0.252227	0.252588	0.294916	0.255414	0.249942	0.253801	0.256627	0.250840	0.255795	0.267249	0.249052	0.262420	0.260751	0.251131	0.250232	0.250176	0.253353	0.252254	0.258478	0.274258	0.245589	0.294575	0.257473	0.252399	0.256217	0.257593	0.248483	0.249588	0.273214	0.253354	0.292258	0.249343	0.291003	0.250568	0.251206	0.259491	0.252171	0.253310	0.249756	0.257994	0.256978	0.248438	0.250053	0.251870	0.249005	0.254505	0.254554	0.251942	0.250736	0.252012	0.256916	0.255633	0.254168	0.253980	0.252603	0.251521	
0.301896	0.253492	0.301651	0.243417	0.232787	0.304514	0.302574	0.302376	0.298526	0.303615	0.298208	0.306747	0.246447	0.299870	0.302330	0.297384	0.242461	0.293110	0.301968	0.251952	0.232088	0.234116	0.237100	0.243890	0.301506	0.254747	0.233419	0.237441	0.249709	0.250124	0.306334	0.232723	0.301318	0.237024	0.301156	0.249501	0.000000	0.304623	0.303680	0.238525	0.283168	0.236684	0.239168	0.236101	0.241232	0.242921	0.237751	0.289332	0.239730	0.238511	0.287398	0.289841	0.245717	0.248634	0.242614	0.238412	0.242053	0.244613	0.302875	0.239582	0.239461	0.236879	0.233406	0.238646	0.241247	0.257926	0.229005	0.246895	0.246173	0.235243	0.239471	0.238013	0.241540	0.240895	0.237647	0.266455	0.242403	0.289635	0.243038	0.241240	0.242303	0.242478	0.240244	0.241634	0.255682	0.231688	0.290212	0.240632	0.282420	0.238952	0.235606	0.236296	0.239420	0.234354	0.236211	0.243972	0.240915	0.239458	0.240295	0.238761	0.239264	0.249589	0.241937	0.236448	0.243058	0.235720	0.245848	0.242491	0.246078	0.236146	0.238941	0.246278	
0.248928	0.301895	0.241425	0.304080	0.311742	0.252297	0.249556	0.245165	0.246690	0.243470	0.266928	0.247166	0.300544	0.250074	0.251799	0.246618	0.304852	0.249422	0.245761	0.297101	0.304852	0.310190	0.310878	0.311975	0.250881	0.302169	0.312290	0.312247	0.305657	0.307306	0.242927	0.310302	0.250790	0.309765	0.246557	0.305645	0.304623	0.000000	0.248104	0.314146	0.304006	0.320854	0.313969	0.314650	0.312853	0.307611	0.310550	0.304812	0.309817	0.308330	0.305176	0.304221	0.318346	0.315724	0.318464	0.316961	0.316419	0.314767	0.277365	0.313554	0.311122	0.315176	0.313176	0.313975	0.309423	0.301966	0.303561	0.317687	0.322136	0.311815	0.312090	0.322229	0.312891	0.315901	0.317130	0.310078	0.312816	0.302036	0.318666	0.320408	0.317308	0.317214	0.312769	0.313013	0.298377	0.316562	0.296092	0.311382	0.296488	0.315412	0.315632	0.321214	0.317128	0.315971	0.311301	0.314502	0.313177	0.317147	0.314256	0.304940	0.311637	0.307349	0.315709	0.309172	0.311816	0.312535	0.320010	0.316313	0.315859	0.315394	0.311220	0.312792	
0.245839	0.296470	0.241570	0.301859	0.303503	0.246987	0.241676	0.244076	0.241518	0.244411	0.250854	0.238179	0.296673	0.249002	0.241169	0.238482	0.294606	0.246910	0.247561	0.290820	0.299669	0.309385	0.302625	0.308664	0.238877	0.301031	0.305776	0.304178	0.300073	0.299156	0.242747	0.302480	0.253766	0.300385	0.237486	0.300380	0.303680	0.248104	0.000000	0.304999	0.299481	0.311983	0.308404	0.306411	0.304638	0.303353	0.299758	0.296515	0.309175	0.307923	0.296514	0.300242	0.313239	0.311580	0.312052	0.306386	0.310136	0.308935	0.274008	0.311028	0.308738	0.309396	0.304093	0.304388	0.296455	0.298965	0.301223	0.321429	0.315855	0.305614	0.307436	0.310617	0.311342	0.303980	0.307318	0.304119	0.307049	0.295484	0.310102	0.307386	0.309097	0.318054	0.301909	0.303540	0.300508	0.308739	0.297171	0.309128	0.291260	0.313488	0.311347	0.313542	0.312795	0.308052	0.307167	0.308890	0.308981	0.315470	0.310362	0.300841	0.304590	0.295268	0.307940	0.311780	0.311622	0.302883	0.308576	0.311773	0.308394	0.308558	0.302011	0.305030	
